1.117312194787729851e+01 1.134911898971505018e+00
1.119400815631331092e+01 1.134243370942880302e+00
1.121489436474932333e+01 1.133705801892508802e+00
1.123578057318533574e+01 1.133296631892431794e+00
1.125666678162134815e+01 1.132996535760167900e+00
1.127755299005735878e+01 1.132808910849632200e+00
1.129843919849337297e+01 1.132648803702310580e+00
1.131932540692938360e+01 1.132654227643827394e+00
1.134021161536539779e+01 1.132695292300120560e+00
1.136109782380140842e+01 1.132834691076687328e+00
1.138198403223742261e+01 1.132972362819506973e+00
1.140287024067343324e+01 1.133206158183796886e+00
1.142375644910944743e+01 1.133458595909071942e+00
1.144464265754545806e+01 1.133763495460023973e+00
1.146552886598147225e+01 1.134175374818445547e+00
1.148641507441748288e+01 1.134604620860449886e+00
1.150730128285349707e+01 1.135093038012175537e+00
1.150765626346740333e+01 1.135102513583010841e+00
1.152818749128950770e+01 1.135644162750023778e+00
1.154907369972552189e+01 1.136220580059084551e+00
1.156995990816153252e+01 1.136837019626680600e+00
1.159084611659754671e+01 1.137470881693755542e+00
1.161173232503355734e+01 1.138202274174806572e+00
1.161796453216566150e+01 1.138438093247942984e+00
1.163261853346957153e+01 1.138985217543009298e+00
1.165350474190558216e+01 1.139780860469602253e+00
1.167439095034159635e+01 1.140612889244571049e+00
1.169527715877760699e+01 1.141512577123458216e+00
1.170121942289081574e+01 1.141773672912874904e+00
1.171616336721362117e+01 1.142421377657469650e+00
1.173704957564963181e+01 1.143396149789626559e+00
1.175793578408564244e+01 1.144389309875760263e+00
1.177242630355458530e+01 1.145109252577806824e+00
1.177882199252165663e+01 1.145422921711747311e+00
1.179970820095766904e+01 1.146457320180478634e+00
1.182059440939368322e+01 1.147551675982400265e+00
1.183682217586377305e+01 1.148444832242738745e+00
1.184148061782969386e+01 1.148698055067363777e+00
1.186236682626570627e+01 1.149879930119246607e+00
1.188325303470171690e+01 1.151071951835664908e+00
1.189511143496754642e+01 1.151780411907670887e+00
1.190413924313773109e+01 1.152312030165151713e+00
1.192502545157374350e+01 1.153564316051397531e+00
1.194591166000975591e+01 1.154886483498272609e+00
1.194955980371176985e+01 1.155115991572602807e+00
1.196679786844576832e+01 1.156186103641760887e+00
1.198768407688178073e+01 1.157492214886253645e+00
1.200257883046100815e+01 1.158451571237534727e+00
1.200857028531779314e+01 1.158832715934984936e+00
1.202945649375380555e+01 1.160213026567553873e+00
1.205034270218981973e+01 1.161614239788440361e+00
1.205292742970857667e+01 1.161787150902466870e+00
1.207122891062583037e+01 1.162995768796270646e+00
1.209211511906184278e+01 1.164436252162832863e+00
1.210176706335259134e+01 1.165122730567398790e+00
1.211300132749785519e+01 1.165910999076822163e+00
1.213388753593386760e+01 1.167388300432548487e+00
1.214856038715601905e+01 1.168458310232330710e+00
1.215477374436988001e+01 1.168906143228777061e+00
1.217565995280589242e+01 1.170427641462563395e+00
1.219420927652031672e+01 1.171793889897262630e+00
1.219654616124190483e+01 1.171963660307985711e+00
1.221743236967791724e+01 1.173493840575662084e+00
1.223831857811392965e+01 1.175057308423375302e+00
1.223925872046528696e+01 1.175129469562194773e+00
1.225920478654994028e+01 1.176641762461004159e+00
1.228009099498595447e+01 1.178225640759179793e+00
1.228316495202872183e+01 1.178465049227126693e+00
1.230097720342196510e+01 1.179834824938542637e+00
1.232186341185797929e+01 1.181482691826464482e+00
1.232584079485443951e+01 1.181800628892058835e+00
1.234274962029398992e+01 1.183135531439203580e+00
1.236363582873000411e+01 1.184823431189629295e+00
1.236750043066104965e+01 1.185136208556990756e+00
1.238452203716601474e+01 1.186498938492224875e+00
1.240540824560202893e+01 1.188212159209102614e+00
1.240855150341790036e+01 1.188471788221922676e+00
1.242629445403803956e+01 1.189917016114266257e+00
1.244718066247405375e+01 1.191645899297023581e+00
1.244911153519900004e+01 1.191807367886854596e+00
1.246806687091006438e+01 1.193374311137248789e+00
1.248888420369020480e+01 1.195142947551786738e+00
1.248895307934607857e+01 1.195148729247917707e+00
1.250983928778208920e+01 1.196923440303362174e+00
1.252766885702377664e+01 1.198478527216718659e+00
1.253072549621810339e+01 1.198741916610206459e+00
1.255161170465411402e+01 1.200563936876462012e+00
1.256572687379837205e+01 1.201814106881650579e+00
1.257249791309012821e+01 1.202408010611581757e+00
1.259338412152613884e+01 1.204267759601052035e+00
1.260320471939648357e+01 1.205149686546582721e+00
1.261427032996215303e+01 1.206133252495140695e+00
1.263515653839816366e+01 1.208066895526682671e+00
1.263961347078827124e+01 1.208485266211514642e+00
1.265604274683417785e+01 1.210007849634026744e+00
1.267559600890468374e+01 1.211820845876446562e+00
1.267692895527018848e+01 1.211943033487600685e+00
1.269781516370620267e+01 1.213864912151474185e+00
1.271149343782624186e+01 1.215156425541378482e+00
1.271870137214221330e+01 1.215828966260207089e+00
1.273958758057822394e+01 1.217848654364186434e+00
1.274617707250271081e+01 1.218492005206310402e+00
1.276047378901423812e+01 1.219872337991863009e+00
1.278078083090356643e+01 1.221827584871242545e+00
1.278135999745025053e+01 1.221882699435188568e+00
1.280224620588626472e+01 1.223926234170707117e+00
1.281471484150111984e+01 1.225163164536174687e+00
1.282313241432227358e+01 1.225990854602590385e+00
1.284401862275828776e+01 1.228088824080805219e+00
1.284804813711087768e+01 1.228498744201106607e+00
1.286490483119430017e+01 1.230192814463219708e+00
1.288092573982664391e+01 1.231834323866038527e+00
1.288579103963031258e+01 1.232327662477690877e+00
1.290667724806632499e+01 1.234459198628603094e+00
1.291350726637683266e+01 1.235169903530970448e+00
1.292756345650233740e+01 1.236618865349965457e+00
1.294546625033106579e+01 1.238505483195902590e+00
1.294844966493835159e+01 1.238816132017353633e+00
1.296933587337436222e+01 1.241053608442803879e+00
1.297672665459090346e+01 1.241841062860834732e+00
1.299022208181037463e+01 1.243260558023728368e+00
1.300811377249245737e+01 1.245176642525766653e+00
1.301110829024638704e+01 1.245494419053904789e+00
1.303199449868239945e+01 1.247736318506249553e+00
1.303901674037398983e+01 1.248512222190698573e+00
1.305288070711841186e+01 1.250027000224919860e+00
1.306935369919831835e+01 1.251847801855630493e+00
1.307376691555442427e+01 1.252330764512258332e+00
1.309465312399043668e+01 1.254607037219688914e+00
1.309983086293923549e+01 1.255183381520562413e+00
1.311553933242644909e+01 1.256919466674841335e+00
1.312978915082576492e+01 1.258518961185494556e+00
1.313642554086246150e+01 1.259256259112506271e+00
1.315731174929847391e+01 1.261618901299437878e+00
1.315938476898724652e+01 1.261854540850426254e+00
1.317819795773448632e+01 1.263968550077432251e+00
1.318875368814181570e+01 1.265190120515358396e+00
1.319908416617049696e+01 1.266376238184407699e+00
1.321767562201912938e+01 1.268525700180290539e+00
1.321997037460651114e+01 1.268788632227161539e+00
1.324085658304252178e+01 1.271193899628571655e+00
1.324651174497767592e+01 1.271861279845222459e+00
1.326174279147853596e+01 1.273642131058547955e+00
1.327493036952206396e+01 1.275196859510154379e+00
1.328262899991454660e+01 1.276097623025945316e+00
1.330333878698858818e+01 1.278532439175086299e+00
1.330351520835056078e+01 1.278553010751391383e+00
1.332440141678656964e+01 1.280994960401066418e+00
1.333170016418467796e+01 1.281868018840018442e+00
1.334528762522258560e+01 1.283481530618308941e+00
1.335953829201342202e+01 1.285203598504950362e+00
1.336617383365859624e+01 1.286000474503508073e+00
1.338706004209461042e+01 1.288530359472377596e+00
1.338713128273718311e+01 1.288539178169882504e+00
1.340794625053062106e+01 1.291100061296696300e+00
1.341417956198529282e+01 1.291874757834814424e+00
1.342883245896663524e+01 1.293682721148825099e+00
1.344125604290807274e+01 1.295210337499746345e+00
1.344971866740264588e+01 1.296245000388057900e+00
1.346817515765734541e+01 1.298545917164678265e+00
1.347060487583866006e+01 1.298847408607657350e+00
1.349149108427467070e+01 1.301479540279303349e+00
1.349465650744887135e+01 1.301881496829610185e+00
1.351237729271068488e+01 1.304120990462698249e+00
1.352104736933634044e+01 1.305217076494542550e+00
1.353326350114669552e+01 1.306754278193916985e+00
1.354733512705058018e+01 1.308552656159474470e+00
1.355414970958270970e+01 1.309420631769901311e+00
1.357299203583491298e+01 1.311888235824406390e+00
1.357503591801872034e+01 1.312155266447153190e+00
1.359592212645473452e+01 1.314865380314599319e+00
1.359866686806676483e+01 1.315223815489338310e+00
1.361680833489074516e+01 1.317587473054845359e+00
1.362417311058492331e+01 1.318559395154270231e+00
1.363769454332675934e+01 1.320340289621677154e+00
1.364931825315631286e+01 1.321894974819202151e+00
1.365858075176276998e+01 1.323132395768500169e+00
1.367436094780164524e+01 1.325230554484134293e+00
1.367946696019878416e+01 1.325907030677166532e+00
1.369897157022725231e+01 1.328566134149066214e+00
1.370035316863479480e+01 1.328754916902355809e+00
1.372123937707080543e+01 1.331606588525142243e+00
1.372338230455607366e+01 1.331901713813998356e+00
1.374212558550681962e+01 1.334487055800756883e+00
1.374746478225557489e+01 1.335237293478930276e+00
1.376301179394283203e+01 1.337426140368305205e+00
1.377111885162751292e+01 1.338572873143862196e+00
1.378389800237884444e+01 1.340381725399974133e+00
1.379479504008182644e+01 1.341908452808794117e+00
1.380478421081485685e+01 1.343309017174178166e+00
1.381840340918001431e+01 1.345244032473726037e+00
1.382567041925086926e+01 1.346280387178667270e+00
1.384176666988863147e+01 1.348579612138658179e+00
1.384655662768688167e+01 1.349266145648806869e+00
1.386458035674276879e+01 1.351915191803590321e+00
1.386744283612289408e+01 1.352336954885496434e+00
1.388764411015200118e+01 1.355250771468522242e+00
1.388832904455890649e+01 1.355350008946836660e+00
1.390921525299491890e+01 1.358411881411090150e+00
1.391039909926206342e+01 1.358586351133454162e+00
1.393010146143093131e+01 1.361503594890161484e+00
1.393289048953409726e+01 1.361921930798386082e+00
1.395098766986694372e+01 1.364649962096121882e+00
1.395503387342943036e+01 1.365257510463318225e+00
1.397187387830295613e+01 1.367801434282257755e+00
1.397709291005374332e+01 1.368593090128249923e+00
1.399276008673896854e+01 1.370985774869394103e+00
1.399891846423839326e+01 1.371928669793182065e+00
1.401364629517498095e+01 1.374201004663996084e+00
1.402038358798784401e+01 1.375264249458114207e+00
1.403453250361099336e+01 1.377509469439176959e+00
1.404153606231724716e+01 1.378599829123046128e+00
1.405541871204700755e+01 1.380780980171525840e+00
1.406270928578827295e+01 1.381935408787978048e+00
1.407630492048301818e+01 1.384107338091122630e+00
1.408359056006763943e+01 1.385270988452909968e+00
1.409719112891903237e+01 1.387457928087885373e+00
1.410424618457550139e+01 1.388606568117842111e+00
1.411807733735504300e+01 1.390884525071836686e+00
1.412464016265764322e+01 1.391942147782773809e+00
1.413896354579105719e+01 1.394275497269688024e+00
1.414503661592223693e+01 1.395277727447706173e+00
1.415984975422706604e+01 1.397744881002667583e+00
1.416507354258833651e+01 1.398613307112638093e+00
1.418073596266307845e+01 1.401241762388718337e+00
1.418493635429576116e+01 1.401948886777570014e+00
1.420162217109909264e+01 1.404792165303360152e+00
1.420453628035250659e+01 1.405284466442501934e+00
1.422250837953510327e+01 1.408356733981040554e+00
1.422405510863628209e+01 1.408620046107433854e+00
1.424339458797111746e+01 1.411951634021918922e+00
1.424341773124355193e+01 1.411955625772365996e+00
1.426256767770212974e+01 1.415291205437297917e+00
1.426428079640712809e+01 1.415593301210494204e+00
1.428153798598361313e+01 1.418626785102230059e+00
1.428516700484314228e+01 1.419273451292031973e+00
1.430030444092341391e+01 1.421962364767161979e+00
1.430605321327915291e+01 1.422996210286057606e+00
1.431893079976584815e+01 1.425297944432093900e+00
1.432693942171516710e+01 1.426747544663542033e+00
1.433742060590443401e+01 1.428633524097025820e+00
1.434782563015117773e+01 1.430532065359575444e+00
1.435566427426380898e+01 1.431969103761957962e+00
1.436871183858719192e+01 1.434393222916850119e+00
1.437367905937836277e+01 1.435304683426889882e+00
1.438959804702320433e+01 1.438264929752270271e+00
1.439159453116864995e+01 1.438640263091822025e+00
1.440913450687271613e+01 1.441975842756753945e+00
1.441048425545921674e+01 1.442235322645798234e+00
1.442656198366324638e+01 1.445311422421685865e+00
1.443137046389522737e+01 1.446246334427291336e+00
1.444362762339979511e+01 1.448647002086617785e+00
1.445225667233124156e+01 1.450358949073236037e+00
1.446063051748406103e+01 1.451982581751549706e+00
1.447314288076725042e+01 1.454441426925146885e+00
1.447759936021266647e+01 1.455318161416481848e+00
1.449402908920326638e+01 1.458581890527503866e+00
1.449438973477808190e+01 1.458653741081413990e+00
1.451098063571810215e+01 1.461989320746345911e+00
1.451491529763927701e+01 1.462790113628026134e+00
1.452737657237468483e+01 1.465324900411277831e+00
1.453580150607529120e+01 1.467055763182433026e+00
1.454367313052566502e+01 1.468660480076209751e+00
1.455668771451130361e+01 1.471352688451078361e+00
1.455983449657128226e+01 1.471996059741141671e+00
1.457597803699281869e+01 1.475331639406073814e+00
1.457757392294731602e+01 1.475661955130491476e+00
1.459188519038739429e+01 1.478667219071005734e+00
1.459846013138332665e+01 1.480071036581532162e+00
1.460777220521056208e+01 1.482002798735937876e+00
1.461934633981934084e+01 1.484428368232505013e+00
1.462362561082948176e+01 1.485338378400869797e+00
1.463913610485584371e+01 1.488673958065801717e+00
1.464023254825535147e+01 1.488911218604363818e+00
1.465487852304501715e+01 1.492009537730733637e+00
1.466111875669136566e+01 1.493348293511987279e+00
1.467026783946268331e+01 1.495345117395665557e+00
1.468200496512737629e+01 1.497932796427167368e+00
1.468541064041225042e+01 1.498680697060597700e+00
1.470039603694892705e+01 1.502016276725529842e+00
1.470289117356338870e+01 1.502575785456447655e+00
1.471537734906248573e+01 1.505351856390461762e+00
1.472377738199940111e+01 1.507255781681997364e+00
1.473009327199148721e+01 1.508687436055393682e+00
1.474462315055393091e+01 1.512023015720325603e+00
1.474466359043541352e+01 1.512032403048722218e+00
1.475902259935219796e+01 1.515358595385257523e+00
1.476554979887142593e+01 1.516893705247080115e+00
1.477321087179717196e+01 1.518694175050189665e+00
1.478643600730743835e+01 1.521855551039739352e+00
1.478716832589710251e+01 1.522029754715121586e+00
1.480100724004638124e+01 1.525365334380053728e+00
1.480732221574345076e+01 1.526914496909382635e+00
1.481464268593162714e+01 1.528700914044985648e+00
1.482804409251277633e+01 1.532036493709917568e+00
1.482820842417946317e+01 1.532078114726264539e+00
1.484135486394378134e+01 1.535372073374849489e+00
1.484909463261547558e+01 1.537353292355970957e+00
1.485440600623198648e+01 1.538707653039781409e+00
1.486719422972348603e+01 1.542043232704713551e+00
1.486998084105148799e+01 1.542786883954389898e+00
1.487976474791138060e+01 1.545378812369645694e+00
1.489086704948750040e+01 1.548403728943411828e+00
1.489200956233239381e+01 1.548714392034577614e+00
1.490395075397322699e+01 1.552049971699509534e+00
1.491175325792351458e+01 1.554296319852577879e+00
1.491560645108043381e+01 1.555385551364441454e+00
1.492705478013350273e+01 1.558721131029373375e+00
1.493263946635952522e+01 1.560410842856189806e+00
1.493814996221979108e+01 1.562056710694305517e+00
1.494892767173706183e+01 1.565392290359237437e+00
1.495352567479553763e+01 1.566875395171821284e+00
1.495933605072661088e+01 1.568727870024169357e+00
1.496938537793369406e+01 1.572063449689101500e+00
1.497441188323155004e+01 1.573818626778677121e+00
1.497898720746039203e+01 1.575399029354033420e+00
1.498816265356039068e+01 1.578734609018965340e+00
1.499529809166756245e+01 1.581474520476354950e+00
1.499685363383721537e+01 1.582070188683897483e+00
1.500499241875908396e+01 1.585405768348829403e+00
1.501263864602678488e+01 1.588741348013761545e+00
1.501618430010357486e+01 1.590423737612655319e+00
1.501976295779716963e+01 1.592076927678693465e+00
1.502639598816081801e+01 1.595412507343625386e+00
1.503241932783105561e+01 1.598748087008557306e+00
1.503707050853958727e+01 1.601619133723039656e+00
1.503783431855319819e+01 1.602083666673489226e+00
1.504251526881157197e+01 1.605419246338421591e+00
1.504647370758254965e+01 1.608754826003353511e+00
1.504967080921429279e+01 1.612090405668285431e+00
1.505201044220451756e+01 1.615425985333217351e+00
1.505340125644497462e+01 1.618761564998149272e+00
1.505370638029794250e+01 1.622097144663081192e+00
1.505288201160287898e+01 1.625432724328013334e+00
1.505062739769602231e+01 1.628768303992945254e+00
1.504675681774105200e+01 1.632103883657877397e+00
1.504096820382221011e+01 1.635439463322809317e+00
1.503707050853958549e+01 1.637094082529237049e+00
1.503267305881528237e+01 1.638775042987741237e+00
1.502118656025722210e+01 1.642110622652673158e+00
1.501618430010357486e+01 1.643254664773251772e+00
1.500514167617344441e+01 1.645446202317605078e+00
1.499529809166756067e+01 1.647007432589306930e+00
1.498114867183667087e+01 1.648781781982537220e+00
1.497441188323155004e+01 1.649486480842158098e+00
1.495352567479553585e+01 1.651181093514455966e+00
1.493818142806825655e+01 1.652117361647469362e+00
1.493263946635952522e+01 1.652410556113529161e+00
1.491175325792351281e+01 1.653233536734846965e+00
1.489086704948750040e+01 1.653781278189170978e+00
1.486998084105148799e+01 1.654078227418881220e+00
1.484909463261547558e+01 1.654159542166142582e+00
1.482820842417946139e+01 1.654018104617937190e+00
1.480732221574345076e+01 1.653808922471534437e+00
1.478643600730743835e+01 1.653456659990646838e+00
1.476554979887142593e+01 1.653002482276331175e+00
1.474466359043541352e+01 1.652447373297211808e+00
1.473454063836213734e+01 1.652117361647469362e+00
1.472377738199940111e+01 1.651769417234943083e+00
1.470289117356338693e+01 1.650963231003009568e+00
1.468200496512737629e+01 1.650128304844198368e+00
1.466111875669136388e+01 1.649219876974291843e+00
1.465145658309807430e+01 1.648781781982536998e+00
1.464023254825535147e+01 1.648277401377702400e+00
1.461934633981934084e+01 1.647271724780105639e+00
1.459846013138332665e+01 1.646205357448534023e+00
1.458430308261958608e+01 1.645446202317605078e+00
1.457757392294731602e+01 1.645089062037945915e+00
1.455668771451130183e+01 1.643914114720458342e+00
1.453580150607529120e+01 1.642768170244499171e+00
1.452473055192649198e+01 1.642110622652673158e+00
1.451491529763927701e+01 1.641536634351787649e+00
1.449402908920326638e+01 1.640280767015721564e+00
1.447314288076725042e+01 1.638995507087882775e+00
1.446972125964973799e+01 1.638775042987741237e+00
1.445225667233124156e+01 1.637665384812426073e+00
1.443137046389522915e+01 1.636299852631419416e+00
1.441872484762217610e+01 1.635439463322809317e+00
1.441048425545921674e+01 1.634886410175184990e+00
1.438959804702320255e+01 1.633474152186819905e+00
1.436990362398621102e+01 1.632103883657877397e+00
1.436871183858719192e+01 1.632021737758829749e+00
1.434782563015117773e+01 1.630499473608587824e+00
1.432693942171516710e+01 1.628979643872668248e+00
1.432414007350204344e+01 1.628768303992945254e+00
1.430605321327915291e+01 1.627424489827082654e+00
1.428516700484314228e+01 1.625843245082852384e+00
1.427983848863891581e+01 1.625432724328013334e+00
1.426428079640712809e+01 1.624251779472332569e+00
1.424339458797111568e+01 1.622581306907883381e+00
1.423728487424596523e+01 1.622097144663081192e+00
1.422250837953510327e+01 1.620941412642228796e+00
1.420162217109909264e+01 1.619298350009745091e+00
1.419518732734509214e+01 1.618761564998149272e+00
1.418073596266307845e+01 1.617574540608655020e+00
1.415984975422706960e+01 1.615876449841316287e+00
1.415454342054129988e+01 1.615425985333217351e+00
1.413896354579105719e+01 1.614119603231986666e+00
1.411807733735504300e+01 1.612327619427186498e+00
1.411536643318769002e+01 1.612090405668285431e+00
1.409719112891903059e+01 1.610521326180700541e+00
1.407689184601030163e+01 1.608754826003353511e+00
1.407630492048301818e+01 1.608704374532754722e+00
1.405541871204700577e+01 1.606885164042848313e+00
1.403896212558394829e+01 1.605419246338421146e+00
1.403453250361099336e+01 1.605030414319086551e+00
1.401364629517498095e+01 1.603149764221438289e+00
1.400185754449190334e+01 1.602083666673489226e+00
1.399276008673896854e+01 1.601271890598021441e+00
1.397187387830295613e+01 1.599358908295970494e+00
1.396543484255204426e+01 1.598748087008557306e+00
1.395098766986694372e+01 1.597396609159805969e+00
1.393010146143093131e+01 1.595416035359130236e+00
1.393006452727819600e+01 1.595412507343625386e+00
1.390921525299491890e+01 1.593444232823794104e+00
1.389487342922774360e+01 1.592076927678693465e+00
1.388832904455890649e+01 1.591462233221299316e+00
1.386744283612289408e+01 1.589456819712047775e+00
1.386018465468548300e+01 1.588741348013761545e+00
1.384655662768688167e+01 1.587414740716111439e+00
1.382620378058114952e+01 1.585405768348829403e+00
1.382567041925086926e+01 1.585353792412348195e+00
1.380478421081485685e+01 1.583278003456574545e+00
1.379281851537288262e+01 1.582070188683897483e+00
1.378389800237884444e+01 1.581180976571301855e+00
1.376301179394283380e+01 1.579075016193010716e+00
1.375965408683231850e+01 1.578734609018965340e+00
1.374212558550681962e+01 1.576979431676596377e+00
1.372681727990596201e+01 1.575399029354033420e+00
1.372123937707080721e+01 1.574829888752981244e+00
1.370035316863479480e+01 1.572668749908827213e+00
1.369453080542568557e+01 1.572063449689101500e+00
1.367946696019878416e+01 1.570519323095301845e+00
1.366239166682956352e+01 1.568727870024169579e+00
1.365858075176276998e+01 1.568332142206800617e+00
1.363769454332675934e+01 1.566158461317358697e+00
1.363049069956044335e+01 1.565392290359237659e+00
1.361680833489074516e+01 1.563954585071738235e+00
1.359892869691604567e+01 1.562056710694305517e+00
1.359592212645473452e+01 1.561741736682906057e+00
1.357503591801872034e+01 1.559544960333913100e+00
1.356739386297522998e+01 1.558721131029373375e+00
1.355414970958270970e+01 1.557308192983692940e+00
1.353633644947928616e+01 1.555385551364441454e+00
1.353326350114669552e+01 1.555057875316955718e+00
1.351237729271068488e+01 1.552800296340476560e+00
1.350550779363446807e+01 1.552049971699509534e+00
1.349149108427467070e+01 1.550536298703121929e+00
1.347493542693930024e+01 1.548714392034577614e+00
1.347060487583866006e+01 1.548243474890085958e+00
1.344971866740264588e+01 1.545970295040585807e+00
1.344436987045394183e+01 1.545378812369645916e+00
1.342883245896663524e+01 1.543680480177845871e+00
1.341398648507549751e+01 1.542043232704713551e+00
1.340794625053062106e+01 1.541383692100702252e+00
1.338706004209461042e+01 1.539072474234267851e+00
1.338381620638646474e+01 1.538707653039781409e+00
1.336617383365859624e+01 1.536746821087187964e+00
1.335380735754170445e+01 1.535372073374849489e+00
1.334528762522258560e+01 1.534434723924313682e+00
1.332440141678656964e+01 1.532085374205700790e+00
1.332396951179435796e+01 1.532036493709917790e+00
1.330351520835056078e+01 1.529744871234257619e+00
1.329425739769272496e+01 1.528700914044985648e+00
1.328262899991454660e+01 1.527404849868738701e+00
1.326466382842847480e+01 1.525365334380053728e+00
1.326174279147853596e+01 1.525036817250960519e+00
1.324085658304252178e+01 1.522645410035349922e+00
1.323551821397245831e+01 1.522029754715121586e+00
1.321997037460651114e+01 1.520254026201832254e+00
1.320644732701615709e+01 1.518694175050189665e+00
1.319908416617049696e+01 1.517853278654706095e+00
1.317819795773448632e+01 1.515474585950318698e+00
1.317719720144359385e+01 1.515358595385257523e+00
1.315731174929847214e+01 1.513077853735408818e+00
1.314825913351668518e+01 1.512023015720325603e+00
1.313642554086246150e+01 1.510655890442510696e+00
1.311947685738479308e+01 1.508687436055393682e+00
1.311553933242644732e+01 1.508234990137568898e+00
1.309465312399043668e+01 1.505819066242285897e+00
1.309066468632824609e+01 1.505351856390461762e+00
1.307376691555442427e+01 1.503386560224495572e+00
1.306212400284668540e+01 1.502016276725529842e+00
1.305288070711841186e+01 1.500938468951231286e+00
1.303393902220037326e+01 1.498680697060597700e+00
1.303199449868239945e+01 1.498450830154963276e+00
1.301110829024638704e+01 1.495985463113163050e+00
1.300571437711503364e+01 1.495345117395665557e+00
1.299022208181037463e+01 1.493522112088844001e+00
1.297748730025349673e+01 1.492009537730733637e+00
1.296933587337436222e+01 1.491048432758643072e+00
1.294948035500554262e+01 1.488673958065801717e+00
1.294844966493834981e+01 1.488551515961194838e+00
1.292756345650233740e+01 1.486053390521357986e+00
1.292163476570352110e+01 1.485338378400870019e+00
1.290667724806632322e+01 1.483548092204246327e+00
1.289392834651003739e+01 1.482002798735937876e+00
1.288579103963031258e+01 1.481022785384646490e+00
1.286636997425098627e+01 1.478667219071005734e+00
1.286490483119430017e+01 1.478490806375512445e+00
1.284401862275828776e+01 1.475972060208857073e+00
1.283874457266019853e+01 1.475331639406073814e+00
1.282313241432227535e+01 1.473447888912784887e+00
1.281139568573458654e+01 1.471996059741141671e+00
1.280224620588626294e+01 1.470870595685497051e+00
1.278424675985486303e+01 1.468660480076209751e+00
1.278135999745025231e+01 1.468308203595259487e+00
1.276047378901423812e+01 1.465727856415511621e+00
1.275721449222519155e+01 1.465324900411277831e+00
1.273958758057822749e+01 1.463159471853583193e+00
1.273021430079273131e+01 1.461989320746345911e+00
1.271870137214221330e+01 1.460560231356693883e+00
1.270354991084191276e+01 1.458653741081413990e+00
1.269781516370620267e+01 1.457934825524038525e+00
1.267692895527018848e+01 1.455318269171652412e+00
1.267692810457941199e+01 1.455318161416481848e+00
1.265604274683417785e+01 1.452683624823494668e+00
1.265048272414906805e+01 1.451982581751549706e+00
1.263515653839816366e+01 1.450057925280026083e+00
1.262410932618865544e+01 1.448647002086617785e+00
1.261427032996215303e+01 1.447395568490872808e+00
1.259807493695422664e+01 1.445311422421685865e+00
1.259338412152613884e+01 1.444709100348675834e+00
1.257249791309012821e+01 1.442028934396649698e+00
1.257208798982296116e+01 1.441975842756753945e+00
1.255161170465411402e+01 1.439333122372020268e+00
1.254628332898977305e+01 1.438640263091822025e+00
1.253072549621810339e+01 1.436622270766163112e+00
1.252054588687698100e+01 1.435304683426889882e+00
1.250983928778208920e+01 1.433922878727986294e+00
1.249493095012907773e+01 1.431969103761957962e+00
1.248895307934607857e+01 1.431187666576929640e+00
1.246955511337023026e+01 1.428633524097025820e+00
1.246806687091006438e+01 1.428437551243115111e+00
1.244718066247405375e+01 1.425683782188743809e+00
1.244427288697622558e+01 1.425297944432093900e+00
1.242629445403803956e+01 1.422917849321415629e+00
1.241910382523218104e+01 1.421962364767161979e+00
1.240540824560202893e+01 1.420143796237906653e+00
1.239404583658113701e+01 1.418626785102230059e+00
1.238452203716601474e+01 1.417355547780283498e+00
1.236921822043908570e+01 1.415291205437297917e+00
1.236363582873000411e+01 1.414538534889544730e+00
1.234461082374108187e+01 1.411955625772365996e+00
1.234274962029398992e+01 1.411702584201140587e+00
1.232186341185797929e+01 1.408864029381838856e+00
1.232006413724537808e+01 1.408620046107433854e+00
1.230097720342196510e+01 1.406032214381570444e+00
1.229551760353679946e+01 1.405284466442501934e+00
1.228009099498595447e+01 1.403169295147808082e+00
1.227119582833627121e+01 1.401948886777570014e+00
1.225920478654994028e+01 1.400300953789617608e+00
1.224693691094320869e+01 1.398613307112638093e+00
1.223831857811392965e+01 1.397426275840519816e+00
1.222286818886130177e+01 1.395277727447706173e+00
1.221743236967791724e+01 1.394519084616652860e+00
1.219902451722088443e+01 1.391942147782774031e+00
1.219654616124190483e+01 1.391593924555376560e+00
1.217565995280589242e+01 1.388655881977543860e+00
1.217530982859692834e+01 1.388606568117842111e+00
1.215477374436988001e+01 1.385705806132168538e+00
1.215170637963428923e+01 1.385270988452909968e+00
1.213388753593386760e+01 1.382738126987247407e+00
1.212822604131994275e+01 1.381935408787978048e+00
1.211300132749785519e+01 1.379769500825998918e+00
1.210486527471207197e+01 1.378599829123046128e+00
1.209211511906184278e+01 1.376757635398765611e+00
1.208176660766304877e+01 1.375264249458114207e+00
1.207122891062583037e+01 1.373737842090223538e+00
1.205878541106767265e+01 1.371928669793182065e+00
1.205034270218981796e+01 1.370693773149555650e+00
1.203602398528042983e+01 1.368593090128250145e+00
1.202945649375380555e+01 1.367624889004991129e+00
1.201344311694104405e+01 1.365257510463318003e+00
1.200857028531779314e+01 1.364531812663051236e+00
1.199092129409337559e+01 1.361921930798386082e+00
1.198768407688178073e+01 1.361439552061402658e+00
1.196854967904300437e+01 1.358586351133454162e+00
1.196679786844576832e+01 1.358323560193046120e+00
1.194634877719529698e+01 1.355250771468522242e+00
1.194591166000975591e+01 1.355184559095332419e+00
1.192502545157374350e+01 1.352041739641641760e+00
1.192418402322861404e+01 1.351915191803590321e+00
1.190413924313773286e+01 1.348880897770508014e+00
1.190211782183262912e+01 1.348579612138658179e+00
1.188325303470171868e+01 1.345746611839413687e+00
1.187995287236897823e+01 1.345244032473726037e+00
1.186236682626570627e+01 1.342543063459862074e+00
1.185820725640466478e+01 1.341908452808794117e+00
1.184148061782969563e+01 1.339335712691833491e+00
1.183649476118340971e+01 1.338572873143862196e+00
1.182059440939368145e+01 1.336114755961459233e+00
1.181493240765121655e+01 1.335237293478930276e+00
1.179970820095766904e+01 1.332853639346091246e+00
1.179357078415609905e+01 1.331901713813998356e+00
1.177882199252165663e+01 1.329590304744912244e+00
1.177230668325768903e+01 1.328566134149065991e+00
1.175793578408564599e+01 1.326284439169969964e+00
1.175124155462884978e+01 1.325230554484134293e+00
1.173704957564963181e+01 1.322970098751389934e+00
1.173015543482475920e+01 1.321894974819202151e+00
1.171616336721362117e+01 1.319687446711940604e+00
1.170912715407139260e+01 1.318559395154270231e+00
1.169527715877760699e+01 1.316314744509337498e+00
1.168843748866994936e+01 1.315223815489338310e+00
1.167439095034159635e+01 1.312955325924104244e+00
1.166771246127278339e+01 1.311888235824406390e+00
1.165350474190558216e+01 1.309590580335051602e+00
1.164711246135907530e+01 1.308552656159474470e+00
1.163261853346957153e+01 1.306166263989697152e+00
1.162676931873597042e+01 1.305217076494542328e+00
1.161173232503355734e+01 1.302745721555062852e+00
1.160638161090411202e+01 1.301881496829610185e+00
1.159084611659754671e+01 1.299333846498873957e+00
1.158600984395646094e+01 1.298545917164678265e+00
1.156995990816153252e+01 1.295891614398172909e+00
1.156585445107210042e+01 1.295210337499746345e+00
1.154907369972552189e+01 1.292381872415730992e+00
1.154602022122125504e+01 1.291874757834814424e+00
1.152818749128950770e+01 1.288865289012783633e+00
1.152623910762182646e+01 1.288539178169882504e+00
1.150730128285349707e+01 1.285315802777756700e+00
1.150663715462505543e+01 1.285203598504950584e+00
1.148722903154165031e+01 1.281868018840018442e+00
1.148641507441748288e+01 1.281725672043433795e+00
1.146781691832451600e+01 1.278532439175086299e+00
1.146552886598147225e+01 1.278132201503104692e+00
1.144871767944164986e+01 1.275196859510154379e+00
1.144464265754545806e+01 1.274469790040006600e+00
1.142972074748987943e+01 1.271861279845222459e+00
1.142375644910944743e+01 1.270798923762566091e+00
1.141081925574280476e+01 1.268525700180290539e+00
1.140287024067343324e+01 1.267097416107161312e+00
1.139213242281694960e+01 1.265190120515358396e+00
1.138198403223742261e+01 1.263347492820610762e+00
1.137368104793399048e+01 1.261854540850426476e+00
1.136109782380140842e+01 1.259539580741985354e+00
1.135547989648679845e+01 1.258518961185494556e+00
1.134021161536539601e+01 1.255672633433618568e+00
1.133755001122962724e+01 1.255183381520562413e+00
1.131984363268967542e+01 1.251847801855630493e+00
1.131932540692938360e+01 1.251747476160506078e+00
1.130224991767046383e+01 1.248512222190698573e+00
1.129843919849337297e+01 1.247768042909137343e+00
1.128507683320326116e+01 1.245176642525766653e+00
1.127755299005735878e+01 1.243677804854056657e+00
1.126816288816001865e+01 1.241841062860834510e+00
1.125666678162134815e+01 1.239520933017896454e+00
1.125153160275171338e+01 1.238505483195902590e+00
1.123578057318533574e+01 1.235290894969968578e+00
1.123517781217028855e+01 1.235169903530970448e+00
1.121911599335612308e+01 1.231834323866038527e+00
1.121489436474932333e+01 1.230929379143682389e+00
1.120340550454931261e+01 1.228498744201106607e+00
1.119400815631330914e+01 1.226432961468148841e+00
1.118809792239851575e+01 1.225163164536174687e+00
1.117312194787729851e+01 1.221827617316629588e+00
1.117312179951166229e+01 1.221827584871242545e+00
1.115856641033587593e+01 1.218492005206310624e+00
1.115223573944128610e+01 1.216986446331477012e+00
1.114439272682199089e+01 1.215156425541378482e+00
1.113134953100527369e+01 1.211976952679010511e+00
1.113068971129113827e+01 1.211820845876446784e+00
1.111729612868753669e+01 1.208485266211514642e+00
1.111046332256926128e+01 1.206704163499666249e+00
1.110435038452362910e+01 1.205149686546582721e+00
1.109193143753040012e+01 1.201814106881650357e+00
1.108957711413324887e+01 1.201132963319706981e+00
1.108033423553781560e+01 1.198478527216718659e+00
1.106930304065997284e+01 1.195142947551786738e+00
1.106869090569723646e+01 1.194940587890405581e+00
1.105881306749569859e+01 1.191807367886854596e+00
1.104898666886710323e+01 1.188471788221922676e+00
1.104780469726122405e+01 1.188022705079361918e+00
1.104006432748201583e+01 1.185136208556990756e+00
1.103198051946712610e+01 1.181800628892058835e+00
1.102691848882521164e+01 1.179417940801118281e+00
1.102485287640462452e+01 1.178465049227126693e+00
1.101882421007515767e+01 1.175129469562194773e+00
1.101389020525068396e+01 1.171793889897262630e+00
1.101026623649656244e+01 1.168458310232330710e+00
1.100812267184535997e+01 1.165122730567398790e+00
1.100767198602043351e+01 1.161787150902466870e+00
1.100930454912754719e+01 1.158451571237534727e+00
1.101336042009515381e+01 1.155115991572602807e+00
1.102036694307724574e+01 1.151780411907670887e+00
1.102691848882521164e+01 1.149649145450535315e+00
1.103111072433796558e+01 1.148444832242738745e+00
1.104691534842329759e+01 1.145109252577806824e+00
1.104780469726122405e+01 1.144959831841080966e+00
1.106869090569723646e+01 1.141963851649240747e+00
1.107025226396458528e+01 1.141773672912874904e+00
1.108957711413324887e+01 1.139807086279966519e+00
1.110642230875539838e+01 1.138438093247942984e+00
1.111046332256926128e+01 1.138151572368807374e+00
1.113134953100527369e+01 1.136904359415630950e+00
1.115223573944128610e+01 1.135819190509800292e+00
1.116840952786358621e+01 1.135102513583010841e+00
1.117312194787729851e+01 1.134911898971505018e+00
