1.035855981887281629e+01 1.025026154892628494e+00
1.037944602730882693e+01 1.024673491398256253e+00
1.040033223574484111e+01 1.024395061398835072e+00
1.042121844418085175e+01 1.024153621241804313e+00
1.044210465261686593e+01 1.023919197732167108e+00
1.046299086105287657e+01 1.023786507899248521e+00
1.048387706948889075e+01 1.023685499672410737e+00
1.050476327792490139e+01 1.023609905590834535e+00
1.052564948636091557e+01 1.023543185512129972e+00
1.054653569479692621e+01 1.023530537497077120e+00
1.056742190323294039e+01 1.023546274982019666e+00
1.058830811166895103e+01 1.023576405805623590e+00
1.060919432010496521e+01 1.023638946503368397e+00
1.063008052854097585e+01 1.023727370111992885e+00
1.065096673697698826e+01 1.023864897931376694e+00
1.067185294541300067e+01 1.023984150154482187e+00
1.069273915384901308e+01 1.024143133237771286e+00
1.071362536228502549e+01 1.024293066241304784e+00
1.073451157072103790e+01 1.024459340150485787e+00
1.075539777915705031e+01 1.024650732852442125e+00
1.077628398759306272e+01 1.024894495611634815e+00
1.078730325350287700e+01 1.025028384640255252e+00
1.079717019602907513e+01 1.025142119722478595e+00
1.081805640446508754e+01 1.025395430415712461e+00
1.083894261290109995e+01 1.025670793917762280e+00
1.085982882133711236e+01 1.025935131756617213e+00
1.088071502977312477e+01 1.026197457892744413e+00
1.090160123820913718e+01 1.026460397612004360e+00
1.092248744664514959e+01 1.026790383549129437e+00
1.094337365508116200e+01 1.027119475537451310e+00
1.096425986351717441e+01 1.027437683804014457e+00
1.098514607195318860e+01 1.027785346039433945e+00
1.100603228038919923e+01 1.028181929140682183e+00
1.101514132333697304e+01 1.028363964305186951e+00
1.102691848882521164e+01 1.028586908833619251e+00
1.104780469726122405e+01 1.028953700026320472e+00
1.106869090569723646e+01 1.029336715613922149e+00
1.108957711413324887e+01 1.029756014106431472e+00
1.111046332256926128e+01 1.030181739365022331e+00
1.113134953100527369e+01 1.030619938604129038e+00
1.115223573944128610e+01 1.031097593804134016e+00
1.117312194787730029e+01 1.031580569262314562e+00
1.117822577717048205e+01 1.031699543970119315e+00
1.119400815631331092e+01 1.032049287003586890e+00
1.121489436474932333e+01 1.032560055085248063e+00
1.123578057318533574e+01 1.033063835858033741e+00
1.125666678162134815e+01 1.033582499198723026e+00
1.127755299005735878e+01 1.034151544430845782e+00
1.129843919849337297e+01 1.034725486641546510e+00
1.130887173681228930e+01 1.035035123635051235e+00
1.131932540692938360e+01 1.035331039510007711e+00
1.134021161536539779e+01 1.035914262115441353e+00
1.136109782380140842e+01 1.036557831036854616e+00
1.138198403223742261e+01 1.037226687939008629e+00
1.140287024067343324e+01 1.037904841989112370e+00
1.141669347986434602e+01 1.038370703299983155e+00
1.142375644910944743e+01 1.038597469635668791e+00
1.144464265754545806e+01 1.039289845677619395e+00
1.146552886598147225e+01 1.040017604125568429e+00
1.148641507441748288e+01 1.040784953614323882e+00
1.150730128285349707e+01 1.041526309570862674e+00
1.151215999134394252e+01 1.041706282964915076e+00
1.152818749128950770e+01 1.042274029852749750e+00
1.154907369972552189e+01 1.043041641245605389e+00
1.156995990816153252e+01 1.043830244720502121e+00
1.159084611659754671e+01 1.044660099380273488e+00
1.160025329060454347e+01 1.045041862629847218e+00
1.161173232503355734e+01 1.045488133668514674e+00
1.163261853346957153e+01 1.046300874043275098e+00
1.165350474190558216e+01 1.047122300143915385e+00
1.167439095034159635e+01 1.048006944547162034e+00
1.168335711027048340e+01 1.048377442294779138e+00
1.169527715877760699e+01 1.048850669716805628e+00
1.171616336721362117e+01 1.049742121528947969e+00
1.173704957564963181e+01 1.050652736918229690e+00
1.175793578408564422e+01 1.051566242379645244e+00
1.176112751350690466e+01 1.051713021959711281e+00
1.177882199252165663e+01 1.052496335189739396e+00
1.179970820095766904e+01 1.053421976862197518e+00
1.182059440939368145e+01 1.054392512049264985e+00
1.183453878270450765e+01 1.055048601624643201e+00
1.184148061782969386e+01 1.055363084349949521e+00
1.186236682626570627e+01 1.056322101048669193e+00
1.188325303470171868e+01 1.057327328048915938e+00
1.190413924313773109e+01 1.058369109719024648e+00
1.190444083311636447e+01 1.058384181289575121e+00
1.192502545157374172e+01 1.059377493958168825e+00
1.194591166000975591e+01 1.060405323805432509e+00
1.196679786844576832e+01 1.061473738730095429e+00
1.197154151548596701e+01 1.061719760954507041e+00
1.198768407688178073e+01 1.062528377692684156e+00
1.200857028531779314e+01 1.063604262651490551e+00
1.202945649375380555e+01 1.064704236035617368e+00
1.203610295638644168e+01 1.065055340619438962e+00
1.205034270218981796e+01 1.065784720513799133e+00
1.207122891062583037e+01 1.066871022324470397e+00
1.209211511906184278e+01 1.068011017345724678e+00
1.209895530870745262e+01 1.068390920284371104e+00
1.211300132749785519e+01 1.069145924532819203e+00
1.213388753593386582e+01 1.070299263430293024e+00
1.215477374436988001e+01 1.071500153240465103e+00
1.215872613293623417e+01 1.071726499949303024e+00
1.217565995280589242e+01 1.072667115382250458e+00
1.219654616124190483e+01 1.073880375087941763e+00
1.221636060447521466e+01 1.075062079614235167e+00
1.221743236967791724e+01 1.075124207968745305e+00
1.223831857811392965e+01 1.076349935738467156e+00
1.225920478654994028e+01 1.077594617391332221e+00
1.227211366718960406e+01 1.078397659279167087e+00
1.228009099498595447e+01 1.078880727342593771e+00
1.230097720342196510e+01 1.080134739320104842e+00
1.232186341185797929e+01 1.081452900871318512e+00
1.232628577312886087e+01 1.081733238944099007e+00
1.234274962029398992e+01 1.082747607526954647e+00
1.236363582873000411e+01 1.084054247669464122e+00
1.237917814587155085e+01 1.085068818609030927e+00
1.238452203716601474e+01 1.085409205838318902e+00
1.240540824560202893e+01 1.086706144689315146e+00
1.242629445403803956e+01 1.088090012975226228e+00
1.243101532373567686e+01 1.088404398273963070e+00
1.244718066247405375e+01 1.089453646911729079e+00
1.246806687091006438e+01 1.090851327137680959e+00
1.248116398243575986e+01 1.091739977938894990e+00
1.248895307934607857e+01 1.092256706371531161e+00
1.250983928778208920e+01 1.093697713368897428e+00
1.252941646738336701e+01 1.095075557603827132e+00
1.253072549621810339e+01 1.095165590167518799e+00
1.255161170465411402e+01 1.096622851728902948e+00
1.257249791309012643e+01 1.098156851557690938e+00
1.257590688000291834e+01 1.098411137268759052e+00
1.259338412152613884e+01 1.099687486997469321e+00
1.261427032996215303e+01 1.101212959008763370e+00
1.262134288840461238e+01 1.101746716933690973e+00
1.263515653839816366e+01 1.102769946599658990e+00
1.265604274683417785e+01 1.104381619968684003e+00
1.266537496678238739e+01 1.105082296598622893e+00
1.267692895527018848e+01 1.105932622082658190e+00
1.269781516370620267e+01 1.107524797706498365e+00
1.270920631776949605e+01 1.108417876263555035e+00
1.271870137214221330e+01 1.109148350297527008e+00
1.273958758057822571e+01 1.110812929561399098e+00
1.275109498167092958e+01 1.111753455928486956e+00
1.276047378901423812e+01 1.112506190348247159e+00
1.278135999745025231e+01 1.114224172722613648e+00
1.279185524805437524e+01 1.115089035593418876e+00
1.280224620588626294e+01 1.115930897824027657e+00
1.282313241432227535e+01 1.117653626017375945e+00
1.283228209053881841e+01 1.118424615258351018e+00
1.284401862275828776e+01 1.119396489401446537e+00
1.286490483119430017e+01 1.121169147996798010e+00
1.287167240701910664e+01 1.121760194923282938e+00
1.288579103963031258e+01 1.122973828328852619e+00
1.290667724806632322e+01 1.124807432445158017e+00
1.290990438667681772e+01 1.125095774588214859e+00
1.292756345650233740e+01 1.126646405932337558e+00
1.294718097620230957e+01 1.128431354253146779e+00
1.294844966493834981e+01 1.128545114551200879e+00
1.296933587337436222e+01 1.130422890180802886e+00
1.298398968745351745e+01 1.131766933918078921e+00
1.299022208181037463e+01 1.132330266554822940e+00
1.301110829024638704e+01 1.134254186816747723e+00
1.302008482592884420e+01 1.135102513583010841e+00
1.303199449868239945e+01 1.136211724036289672e+00
1.305288070711841186e+01 1.138201438456738712e+00
1.305530927623872373e+01 1.138438093247942984e+00
1.307376691555442605e+01 1.140210398427393468e+00
1.308938943150470635e+01 1.141773672912874904e+00
1.309465312399043668e+01 1.142295619418578267e+00
1.311553933242644909e+01 1.144352009471181431e+00
1.312303797815054196e+01 1.145109252577806824e+00
1.313642554086246150e+01 1.146443654712806515e+00
1.315582744490229317e+01 1.148444832242738745e+00
1.315731174929847391e+01 1.148596036448899849e+00
1.317819795773448632e+01 1.150734046481605155e+00
1.318819275664071000e+01 1.151780411907670665e+00
1.319908416617049696e+01 1.152908260024762210e+00
1.321997037460651114e+01 1.155103256670143352e+00
1.322009105509845561e+01 1.155115991572602807e+00
1.324085658304252178e+01 1.157284104864798158e+00
1.325157599967297628e+01 1.158451571237534727e+00
1.326174279147853596e+01 1.159547483796149248e+00
1.328228636683029507e+01 1.161787150902466870e+00
1.328262899991454660e+01 1.161824157973904592e+00
1.330351520835056078e+01 1.164130517777607343e+00
1.331238643132216737e+01 1.165122730567398790e+00
1.332440141678657142e+01 1.166453759233760490e+00
1.334194755127478516e+01 1.168458310232330710e+00
1.334528762522258560e+01 1.168835865353085257e+00
1.336617383365859624e+01 1.171204864224968611e+00
1.337129846272467404e+01 1.171793889897262630e+00
1.338706004209461042e+01 1.173589168645053693e+00
1.340037891624223398e+01 1.175129469562194773e+00
1.340794625053062106e+01 1.175996896237762268e+00
1.342883245896663524e+01 1.178452852584037425e+00
1.342893404688241965e+01 1.178465049227126693e+00
1.344971866740264588e+01 1.180943298445426892e+00
1.345684087166807075e+01 1.181800628892058835e+00
1.347060487583866006e+01 1.183442044717994079e+00
1.348429190797832078e+01 1.185136208556990756e+00
1.349149108427467070e+01 1.186020574813702932e+00
1.351167409588407331e+01 1.188471788221922676e+00
1.351237729271068488e+01 1.188556521551848544e+00
1.353326350114669552e+01 1.191098094025323739e+00
1.353901689402135666e+01 1.191807367886854596e+00
1.355414970958270970e+01 1.193660481865045586e+00
1.356608020700501527e+01 1.195142947551786738e+00
1.357503591801872034e+01 1.196248259385302548e+00
1.359241378109435772e+01 1.198478527216718659e+00
1.359592212645473452e+01 1.198925746296851003e+00
1.361680833489074693e+01 1.201604076926098497e+00
1.361845726314713900e+01 1.201814106881650579e+00
1.363769454332675934e+01 1.204251666193808301e+00
1.364480684933712418e+01 1.205149686546582721e+00
1.365858075176276998e+01 1.206874715021413857e+00
1.367095537144341577e+01 1.208485266211514642e+00
1.367946696019878416e+01 1.209584796980167187e+00
1.369648698385964636e+01 1.211820845876446562e+00
1.370035316863479480e+01 1.212326365714733178e+00
1.372123937707080721e+01 1.215124660110625143e+00
1.372147715504908128e+01 1.215156425541378482e+00
1.374212558550681962e+01 1.217891041533572416e+00
1.374671920657254276e+01 1.218492005206310624e+00
1.376301179394283025e+01 1.220610135604011548e+00
1.377217473309411488e+01 1.221827584871242767e+00
1.378389800237884444e+01 1.223376588978898116e+00
1.379721833455949920e+01 1.225163164536174687e+00
1.380478421081485685e+01 1.226170677350042926e+00
1.382196347905023615e+01 1.228498744201106607e+00
1.382567041925086926e+01 1.229000469325512990e+00
1.384652734664278917e+01 1.231834323866038527e+00
1.384655662768688167e+01 1.231838273110038351e+00
1.386744283612289408e+01 1.234689805995258238e+00
1.387092893851895425e+01 1.235169903530970448e+00
1.388832904455890649e+01 1.237546288403821304e+00
1.389534326358332450e+01 1.238505483195902590e+00
1.390921525299491890e+01 1.240395903899562224e+00
1.391986269732564985e+01 1.241841062860834510e+00
1.393010146143092953e+01 1.243227653852877479e+00
1.394388748809589984e+01 1.245176642525766653e+00
1.395098766986694372e+01 1.246174487814238008e+00
1.396761371332081225e+01 1.248512222190698573e+00
1.397187387830295613e+01 1.249109203035911664e+00
1.399114443653509099e+01 1.251847801855630493e+00
1.399276008673896854e+01 1.252076186831371674e+00
1.401364629517498095e+01 1.255025458073271594e+00
1.401475732203066649e+01 1.255183381520562413e+00
1.403453250361099336e+01 1.257985629122862825e+00
1.403829130672747993e+01 1.258518961185494556e+00
1.405541871204700577e+01 1.260945755007194746e+00
1.406181599652026648e+01 1.261854540850426476e+00
1.407630492048301818e+01 1.263910827128912118e+00
1.408507225437429966e+01 1.265190120515358618e+00
1.409719112891903059e+01 1.266946622331394767e+00
1.410813695623413011e+01 1.268525700180290539e+00
1.411807733735504300e+01 1.269958518790833324e+00
1.413124810208139515e+01 1.271861279845222459e+00
1.413896354579105541e+01 1.272974683510326610e+00
1.415402007968788745e+01 1.275196859510154379e+00
1.415984975422706782e+01 1.276057468582720622e+00
1.417657141161273948e+01 1.278532439175086299e+00
1.418073596266307845e+01 1.279149074155251364e+00
1.419928403610869161e+01 1.281868018840018442e+00
1.420162217109909264e+01 1.282208993510332240e+00
1.422135237409427511e+01 1.285203598504950362e+00
1.422250837953510327e+01 1.285379485309799508e+00
1.424339458797111746e+01 1.288455483462534135e+00
1.424396323120525665e+01 1.288539178169882504e+00
1.426428079640712809e+01 1.291530308207564870e+00
1.426657282195877663e+01 1.291874757834814424e+00
1.428516700484314228e+01 1.294667810903916028e+00
1.428878197493471447e+01 1.295210337499746345e+00
1.430605321327915291e+01 1.297807182871169029e+00
1.431091452588834656e+01 1.298545917164678265e+00
1.432693942171516888e+01 1.300981369581591274e+00
1.433285467096445842e+01 1.301881496829610185e+00
1.434782563015117773e+01 1.304162776599152807e+00
1.435473516192259957e+01 1.305217076494542328e+00
1.436871183858719192e+01 1.307356893485251081e+00
1.437647041820442162e+01 1.308552656159474470e+00
1.438959804702320255e+01 1.310585778328619888e+00
1.439813249219195512e+01 1.311888235824406390e+00
1.441048425545921674e+01 1.313774016702168979e+00
1.441980470450270779e+01 1.315223815489338310e+00
1.443137046389522737e+01 1.317025592557599545e+00
1.444126066108364626e+01 1.318559395154270231e+00
1.445225667233124156e+01 1.320271989060991968e+00
1.446272708259322215e+01 1.321894974819202151e+00
1.447314288076725219e+01 1.323513089352188032e+00
1.448402864816090840e+01 1.325230554484134293e+00
1.449402908920326638e+01 1.326816674014429154e+00
1.450518568673179587e+01 1.328566134149066214e+00
1.451491529763927701e+01 1.330095079295491756e+00
1.452636841694285685e+01 1.331901713813998356e+00
1.453580150607529120e+01 1.333397434687997318e+00
1.454723831938211198e+01 1.335237293478930276e+00
1.455668771451130183e+01 1.336762726815018620e+00
1.456782612120360554e+01 1.338572873143862196e+00
1.457757392294731602e+01 1.340166386413978117e+00
1.458814300568212907e+01 1.341908452808794117e+00
1.459846013138332665e+01 1.343616337821442963e+00
1.460846367863363859e+01 1.345244032473726037e+00
1.461934633981934084e+01 1.347026672908636646e+00
1.462885105795284701e+01 1.348579612138658179e+00
1.464023254825535147e+01 1.350444010075408041e+00
1.464923565309005937e+01 1.351915191803590321e+00
1.466111875669136211e+01 1.353862114752252932e+00
1.466952298994944215e+01 1.355250771468522242e+00
1.468200496512737629e+01 1.357322136293545922e+00
1.468970372757059550e+01 1.358586351133454162e+00
1.470289117356338870e+01 1.360764436092263496e+00
1.470985078864638318e+01 1.361921930798386082e+00
1.472377738199940111e+01 1.364249579070783591e+00
1.472985009760362018e+01 1.365257510463318003e+00
1.474466359043541352e+01 1.367729034026720747e+00
1.474974058651561037e+01 1.368593090128250367e+00
1.476554979887142593e+01 1.371297985194996905e+00
1.476922264651559757e+01 1.371928669793181843e+00
1.478643600730743657e+01 1.374907489567455565e+00
1.478850685824126643e+01 1.375264249458114207e+00
1.480732221574345076e+01 1.378520164915458812e+00
1.480778059744463349e+01 1.378599829123046128e+00
1.482692134947487617e+01 1.381935408787978048e+00
1.482820842417946317e+01 1.382161043525435673e+00
1.484598843373984067e+01 1.385270988452909968e+00
1.484909463261547558e+01 1.385817208066773443e+00
1.486485194588392034e+01 1.388606568117842111e+00
1.486998084105148976e+01 1.389522618384636976e+00
1.488361910524696441e+01 1.391942147782774031e+00
1.489086704948750040e+01 1.393236414349758867e+00
1.490225113128103018e+01 1.395277727447706173e+00
1.491175325792351281e+01 1.396995994521156970e+00
1.492061382663777636e+01 1.398613307112638093e+00
1.493263946635952522e+01 1.400826263629759261e+00
1.493886348317933965e+01 1.401948886777570014e+00
1.495352567479553763e+01 1.404614980286159387e+00
1.495716546803292246e+01 1.405284466442501934e+00
1.497441188323155004e+01 1.408489686405046903e+00
1.497511390552013388e+01 1.408620046107433854e+00
1.499300886992567072e+01 1.411955625772365996e+00
1.499529809166756245e+01 1.412386640862916654e+00
1.501064956868675537e+01 1.415291205437297917e+00
1.501618430010357486e+01 1.416352316823365376e+00
1.502832293807789377e+01 1.418626785102230059e+00
1.503707050853958727e+01 1.420285182439268379e+00
1.504590153559539445e+01 1.421962364767161979e+00
1.505795671697559968e+01 1.424283599854788918e+00
1.506328512149102039e+01 1.425297944432093900e+00
1.507884292541161031e+01 1.428310990647167600e+00
1.508051798560926748e+01 1.428633524097025820e+00
1.509773843958883788e+01 1.431969103761957962e+00
1.509972913384762450e+01 1.432359058637677540e+00
1.511476399985190078e+01 1.435304683426889882e+00
1.512061534228363868e+01 1.436470415628417818e+00
1.513131419624951590e+01 1.438640263091822025e+00
1.514150155071964932e+01 1.440749247322521409e+00
1.514758413403315984e+01 1.441975842756753945e+00
1.516238775915566173e+01 1.445018370227223459e+00
1.516382946168603318e+01 1.445311422421685865e+00
1.518004372486110221e+01 1.448647002086617785e+00
1.518327396759167414e+01 1.449322402710442104e+00
1.519582896728298138e+01 1.451982581751549706e+00
1.520416017602768477e+01 1.453787727532251939e+00
1.521127437254249415e+01 1.455318161416481848e+00
1.522504638446369896e+01 1.458362451248797820e+00
1.522638478513575855e+01 1.458653741081413990e+00
1.524149607578206300e+01 1.461989320746345911e+00
1.524593259289970959e+01 1.462990823677470686e+00
1.525648616344692776e+01 1.465324900411277831e+00
1.526681880133572378e+01 1.467682020973017254e+00
1.527113227916112947e+01 1.468660480076209751e+00
1.528552218452150058e+01 1.471996059741141671e+00
1.528770500977173441e+01 1.472512236268675556e+00
1.529957845375381709e+01 1.475331639406073814e+00
1.530859121820775037e+01 1.477539204314915811e+00
1.531332732195881263e+01 1.478667219071005734e+00
1.532690784967431874e+01 1.482002798735937876e+00
1.532947742664376101e+01 1.482645053328486728e+00
1.534033367042703588e+01 1.485338378400869797e+00
1.535036363507977519e+01 1.487920609448752263e+00
1.535334292246779775e+01 1.488673958065801717e+00
1.536620477955286113e+01 1.492009537730733637e+00
1.537124984351578583e+01 1.493356741286773426e+00
1.537878033057364568e+01 1.495345117395665557e+00
1.539097997515911942e+01 1.498680697060597700e+00
1.539213605195179646e+01 1.499002112325262148e+00
1.540312030074215954e+01 1.502016276725529842e+00
1.541302226038780887e+01 1.504844888734996999e+00
1.541482273048780982e+01 1.505351856390461762e+00
1.542642121254272425e+01 1.508687436055393682e+00
1.543390846882382306e+01 1.510926363517166804e+00
1.543764090270166633e+01 1.512023015720325603e+00
1.544873820792363972e+01 1.515358595385257523e+00
1.545479467725983369e+01 1.517240815128955589e+00
1.545957638651257327e+01 1.518694175050189665e+00
1.547023230928161297e+01 1.522029754715121586e+00
1.547568088569584788e+01 1.523776054594344398e+00
1.548076927095821986e+01 1.525365334380053950e+00
1.549120232154559673e+01 1.528700914044985648e+00
1.549656709413186029e+01 1.530459771777376687e+00
1.550144172097064477e+01 1.532036493709917568e+00
1.551153249190145544e+01 1.535372073374849489e+00
1.551745330256786914e+01 1.537377840071566304e+00
1.552146993348090120e+01 1.538707653039781409e+00
1.553139788735388471e+01 1.542043232704713551e+00
1.553833951100388333e+01 1.544435082698301986e+00
1.554112923705319638e+01 1.545378812369645694e+00
1.555091588313767659e+01 1.548714392034577614e+00
1.555922571943989574e+01 1.551618111475309814e+00
1.556048815231991789e+01 1.552049971699509756e+00
1.557018819573461244e+01 1.555385551364441454e+00
1.557958786744067581e+01 1.558721131029373375e+00
1.558011192787590815e+01 1.558906584938832829e+00
1.558924160436431450e+01 1.562056710694305517e+00
1.559863513424117620e+01 1.565392290359237437e+00
1.560099813631192056e+01 1.566234069939475226e+00
1.560810013984648492e+01 1.568727870024169579e+00
1.561739214842895151e+01 1.572063449689101500e+00
1.562188434474793297e+01 1.573695992677855315e+00
1.562663853992834007e+01 1.575399029354033420e+00
1.563582007839396226e+01 1.578734609018965340e+00
1.564277055318394716e+01 1.581324890904995506e+00
1.564483154376804919e+01 1.582070188683897483e+00
1.565399155621335758e+01 1.585405768348829403e+00
1.566282149559557091e+01 1.588741348013761545e+00
1.566365676161995779e+01 1.589058792827837685e+00
1.567183361397883878e+01 1.592076927678693465e+00
1.568057435502905506e+01 1.595412507343625386e+00
1.568454297005597198e+01 1.596956338190416824e+00
1.568930550186010109e+01 1.598748087008557306e+00
1.569795093192923474e+01 1.602083666673489226e+00
1.570542917849198261e+01 1.605074648876990251e+00
1.570631806393910779e+01 1.605419246338421591e+00
1.571479304351552209e+01 1.608754826003353511e+00
1.572289550537142233e+01 1.612090405668285431e+00
1.572631538692799502e+01 1.613537428771537385e+00
1.573092193385810056e+01 1.615425985333217351e+00
1.573880120064468358e+01 1.618761564998149272e+00
1.574631195730543887e+01 1.622097144663081192e+00
1.574720159536400743e+01 1.622501969951958056e+00
1.575389853858418654e+01 1.625432724328013556e+00
1.576118691457611476e+01 1.628768303992945254e+00
1.576808780380001984e+01 1.632066767876151347e+00
1.576816819379279089e+01 1.632103883657877397e+00
1.577516011283363895e+01 1.635439463322809317e+00
1.578179993305694495e+01 1.638775042987741237e+00
1.578812801153559953e+01 1.642110622652673158e+00
1.578897401223603225e+01 1.642578132519875611e+00
1.579435881865760294e+01 1.645446202317605300e+00
1.580036241096857808e+01 1.648781781982537220e+00
1.580601080935812597e+01 1.652117361647469362e+00
1.580986022067204644e+01 1.654494151799314139e+00
1.581148242847801733e+01 1.655452941312401283e+00
1.581682383504266376e+01 1.658788520977333203e+00
1.582184693081319082e+01 1.662124100642265123e+00
1.582658739320027763e+01 1.665459680307197043e+00
1.583074642910805885e+01 1.668583276292743722e+00
1.583103805430346078e+01 1.668795259972129186e+00
1.583532756850237000e+01 1.672130839637060884e+00
1.583932312273143239e+01 1.675466419301993248e+00
1.584300916047943275e+01 1.678801998966925169e+00
1.584639675470985587e+01 1.682137578631857089e+00
1.584949674603508463e+01 1.685473158296789009e+00
1.585163263754406771e+01 1.687989243804622674e+00
1.585236596633244055e+01 1.688808737961721151e+00
1.585503313059141384e+01 1.692144317626652850e+00
1.585741310861666520e+01 1.695479897291585214e+00
1.585950352733255109e+01 1.698815476956517134e+00
1.586129519771685104e+01 1.702151056621449055e+00
1.586280114140879860e+01 1.705486636286380975e+00
1.586404162244396687e+01 1.708822215951312895e+00
1.586499830071384665e+01 1.712157795616245259e+00
1.586569986470396998e+01 1.715493375281176958e+00
1.586611831681234364e+01 1.718828954946109100e+00
1.586621735307377534e+01 1.722164534611041020e+00
1.586597364259710830e+01 1.725500114275972940e+00
1.586544525439563280e+01 1.728835693940904861e+00
1.586448399134580711e+01 1.732171273605836781e+00
1.586314454142079455e+01 1.735506853270768923e+00
1.586133038571401599e+01 1.738842432935701066e+00
1.585893335952696859e+01 1.742178012600632986e+00
1.585589364671091772e+01 1.745513592265564906e+00
1.585212077762478877e+01 1.748849171930496826e+00
1.585163263754406948e+01 1.749215370140256853e+00
1.584749351526929573e+01 1.752184751595428747e+00
1.584178285001172171e+01 1.755520331260360889e+00
1.583475304288997876e+01 1.758855910925292587e+00
1.583074642910805707e+01 1.760467235243888151e+00
1.582618222549171882e+01 1.762191490590224952e+00
1.581571123457690220e+01 1.765527070255157094e+00
1.580986022067204289e+01 1.767116883788680592e+00
1.580273638463813413e+01 1.768862649920088792e+00
1.578897401223603225e+01 1.771722135278519739e+00
1.578644486605218589e+01 1.772198229585020712e+00
1.576808780380001984e+01 1.775228023810142108e+00
1.576593771899247898e+01 1.775533809249952855e+00
1.574720159536400743e+01 1.777903609977650845e+00
1.573772843713559944e+01 1.778869388914884775e+00
1.572631538692799502e+01 1.779933687110083707e+00
1.570542917849198261e+01 1.781509103330528365e+00
1.569417035518628900e+01 1.782204968579816695e+00
1.568454297005597198e+01 1.782762819072869265e+00
1.566365676161995779e+01 1.783707449410772972e+00
1.564277055318394716e+01 1.784386090470884145e+00
1.562188434474793297e+01 1.784877472871905235e+00
1.560099813631192056e+01 1.785161687125292662e+00
1.558011192787590815e+01 1.785295002620472138e+00
1.555922571943989574e+01 1.785315596800844729e+00
1.553833951100388333e+01 1.785180396306910389e+00
1.551745330256787092e+01 1.784922831551521760e+00
1.549656709413185851e+01 1.784546438298822091e+00
1.547568088569584432e+01 1.784085166732213734e+00
1.545479467725983369e+01 1.783541819163716458e+00
1.543390846882382128e+01 1.782926392226926726e+00
1.541302226038781065e+01 1.782238762642529784e+00
1.541212663304864705e+01 1.782204968579816695e+00
1.539213605195179824e+01 1.781483451480440960e+00
1.537124984351578583e+01 1.780630916691472221e+00
1.535036363507977342e+01 1.779701531164299855e+00
1.533172754974313357e+01 1.778869388914884775e+00
1.532947742664376101e+01 1.778773244423793809e+00
1.530859121820774860e+01 1.777758400746701328e+00
1.528770500977173619e+01 1.776726243546228989e+00
1.526681880133572378e+01 1.775621609689179481e+00
1.526523746832477713e+01 1.775533809249952633e+00
1.524593259289971137e+01 1.774507677308355458e+00
1.522504638446369896e+01 1.773347263314450917e+00
1.520531886743139438e+01 1.772198229585020712e+00
1.520416017602768655e+01 1.772133512112636478e+00
1.518327396759167414e+01 1.770901128416062953e+00
1.516238775915566173e+01 1.769602850381433390e+00
1.515067305409240817e+01 1.768862649920088792e+00
1.514150155071964932e+01 1.768306668045512842e+00
1.512061534228363868e+01 1.766986133437599804e+00
1.509972913384762272e+01 1.765577120111377019e+00
1.509900272022797374e+01 1.765527070255157094e+00
1.507884292541161386e+01 1.764198980231571845e+00
1.505795671697559968e+01 1.762785667348454766e+00
1.504955587564043640e+01 1.762191490590225174e+00
1.503707050853958727e+01 1.761341539267109457e+00
1.501618430010357486e+01 1.759879388836879111e+00
1.500220794265840496e+01 1.758855910925293031e+00
1.499529809166756245e+01 1.758370106045131775e+00
1.497441188323155004e+01 1.756871744861875140e+00
1.495619817961138054e+01 1.755520331260360889e+00
1.495352567479553763e+01 1.755330062689544723e+00
1.493263946635952522e+01 1.753770228420890476e+00
1.491230595936973913e+01 1.752184751595428747e+00
1.491175325792351281e+01 1.752143422655715987e+00
1.489086704948750040e+01 1.750545739292078018e+00
1.486998084105148799e+01 1.748895903498255633e+00
1.486939858308296181e+01 1.748849171930496826e+00
1.484909463261547558e+01 1.747281985374041113e+00
1.482820842417946317e+01 1.745578903148877536e+00
1.482741565505967785e+01 1.745513592265564906e+00
1.480732221574345076e+01 1.743923712754567257e+00
1.478665090636393487e+01 1.742178012600632986e+00
1.478643600730743835e+01 1.742160583654639661e+00
1.476554979887142593e+01 1.740433291652176973e+00
1.474687876369523565e+01 1.738842432935701066e+00
1.474466359043541352e+01 1.738660693635200705e+00
1.472377738199940111e+01 1.736870252693706540e+00
1.470868954668993922e+01 1.735506853270769145e+00
1.470289117356338693e+01 1.735002492071218594e+00
1.468200496512737629e+01 1.733197500686184167e+00
1.467062286661908388e+01 1.732171273605836781e+00
1.466111875669136388e+01 1.731345637268685955e+00
1.464023254825535147e+01 1.729494445780344503e+00
1.463304612178362873e+01 1.728835693940904639e+00
1.461934633981934084e+01 1.727627952887705209e+00
1.459846013138332665e+01 1.725730418032675795e+00
1.459599036351789358e+01 1.725500114275972940e+00
1.457757392294731602e+01 1.723846962863043508e+00
1.455940545464127922e+01 1.722164534611041020e+00
1.455668771451130183e+01 1.721922120642784604e+00
1.453580150607529120e+01 1.720044548712887034e+00
1.452310156731544311e+01 1.718828954946109100e+00
1.451491529763927701e+01 1.718072899212184756e+00
1.449402908920326638e+01 1.716126354815556754e+00
1.448746161447710534e+01 1.715493375281177180e+00
1.447314288076725219e+01 1.714164015764734650e+00
1.445239068052442377e+01 1.712157795616245037e+00
1.445225667233124156e+01 1.712145327186137100e+00
1.443137046389522737e+01 1.710189190646462354e+00
1.441752911504800494e+01 1.708822215951312895e+00
1.441048425545921674e+01 1.708150771634624920e+00
1.438959804702320255e+01 1.706123227026617339e+00
1.438328980008083846e+01 1.705486636286380975e+00
1.436871183858719192e+01 1.704067235469105768e+00
1.434970232230863019e+01 1.702151056621449055e+00
1.434782563015117773e+01 1.701968322998802741e+00
1.432693942171516888e+01 1.699935073652161677e+00
1.431598422737184251e+01 1.698815476956517134e+00
1.430605321327915291e+01 1.697836208035931493e+00
1.428516700484314228e+01 1.695724446678328556e+00
1.428277696828969567e+01 1.695479897291585214e+00
1.426428079640712809e+01 1.693648785427029679e+00
1.424978277075191002e+01 1.692144317626653072e+00
1.424339458797111746e+01 1.691505775828518576e+00
1.422250837953510327e+01 1.689381092941360407e+00
1.421694402650748934e+01 1.688808737961720929e+00
1.420162217109909264e+01 1.687288050747802304e+00
1.418441545020155203e+01 1.685473158296789009e+00
1.418073596266307845e+01 1.685097515805384472e+00
1.415984975422706782e+01 1.682956249655029879e+00
1.415212641313051378e+01 1.682137578631857089e+00
1.413896354579105719e+01 1.680789759638864345e+00
1.412040473997843293e+01 1.678801998966925169e+00
1.411807733735504300e+01 1.678560992132747343e+00
1.409719112891903059e+01 1.676397255369993067e+00
1.408848721853648556e+01 1.675466419301993248e+00
1.407630492048301818e+01 1.674207323193952934e+00
1.405682460743691919e+01 1.672130839637061106e+00
1.405541871204700399e+01 1.671985881499735260e+00
1.403453250361099158e+01 1.669785528811034814e+00
1.402544475555565029e+01 1.668795259972129186e+00
1.401364629517498095e+01 1.667551484416784024e+00
1.399429505729717782e+01 1.665459680307197043e+00
1.399276008673896854e+01 1.665299179120601991e+00
1.397187387830295613e+01 1.663041870790022747e+00
1.396368290623938968e+01 1.662124100642265123e+00
1.395098766986694372e+01 1.660744315664532511e+00
1.393331962324042550e+01 1.658788520977333203e+00
1.393010146143093131e+01 1.658442833406798878e+00
1.390921525299491890e+01 1.656168843996403517e+00
1.390280870887792375e+01 1.655452941312401283e+00
1.388832904455890649e+01 1.653885408977695981e+00
1.387264973735649676e+01 1.652117361647469362e+00
1.386744283612289408e+01 1.651548445790217645e+00
1.384655662768688344e+01 1.649236226720437237e+00
1.384252330136891018e+01 1.648781781982537220e+00
1.382567041925086926e+01 1.646942347986879884e+00
1.381255850137235264e+01 1.645446202317605078e+00
1.380478421081485685e+01 1.644585466726653289e+00
1.378389800237884444e+01 1.642238331539359386e+00
1.378277202052925610e+01 1.642110622652672935e+00
1.376301179394283203e+01 1.639936533642444072e+00
1.375283116567261033e+01 1.638775042987741237e+00
1.374212558550681962e+01 1.637590047832320206e+00
1.372343393075137996e+01 1.635439463322809317e+00
1.372123937707080721e+01 1.635194660037260217e+00
1.370035316863479480e+01 1.632830951221599047e+00
1.369408065759915871e+01 1.632103883657877397e+00
1.367946696019878416e+01 1.630461102700407450e+00
1.366492588455136570e+01 1.628768303992945254e+00
1.365858075176276998e+01 1.628049740862590022e+00
1.363769454332676112e+01 1.625628793465958122e+00
1.363601954380132319e+01 1.625432724328013556e+00
1.361680833489074516e+01 1.623250914328930872e+00
1.360693089761643826e+01 1.622097144663081192e+00
1.359592212645473452e+01 1.620847959412413886e+00
1.357818315512773211e+01 1.618761564998149272e+00
1.357503591801872034e+01 1.618401717757802949e+00
1.355414970958270970e+01 1.616000136758826367e+00
1.354926979195306913e+01 1.615425985333217129e+00
1.353326350114669552e+01 1.613596283829526357e+00
1.352054059102191808e+01 1.612090405668285431e+00
1.351237729271068488e+01 1.611152891675297738e+00
1.349213092352588106e+01 1.608754826003353511e+00
1.349149108427467070e+01 1.608681087045986224e+00
1.347060487583866184e+01 1.606250089235410794e+00
1.346357728335856052e+01 1.605419246338421368e+00
1.344971866740264588e+01 1.603828606747185193e+00
1.343506353313429358e+01 1.602083666673489226e+00
1.342883245896663524e+01 1.601361283284888026e+00
1.340794625053062283e+01 1.598894605900296195e+00
1.340671858849841769e+01 1.598748087008557306e+00
1.338706004209461042e+01 1.596469910531968850e+00
1.337821372230238737e+01 1.595412507343625386e+00
1.336617383365859624e+01 1.594012461631518107e+00
1.334988097024990239e+01 1.592076927678693465e+00
1.334528762522258560e+01 1.591546977340503100e+00
1.332440141678657142e+01 1.589075841142192580e+00
1.332162211184928324e+01 1.588741348013761545e+00
1.330351520835056078e+01 1.586618999445990941e+00
1.329340933945476877e+01 1.585405768348829403e+00
1.328262899991454660e+01 1.584147766359669252e+00
1.326545873096971206e+01 1.582070188683897261e+00
1.326174279147853596e+01 1.581632529233241158e+00
1.324085658304252178e+01 1.579137374689167705e+00
1.323753593197990241e+01 1.578734609018965340e+00
1.321997037460650937e+01 1.576660648839429246e+00
1.320956021653387680e+01 1.575399029354033420e+00
1.319908416617049696e+01 1.574163551757518542e+00
1.318155173290628390e+01 1.572063449689101500e+00
1.317819795773448632e+01 1.571672845712697608e+00
1.315731174929847214e+01 1.569185252394941443e+00
1.315354341931768545e+01 1.568727870024169579e+00
1.313642554086246150e+01 1.566702858048306446e+00
1.312563176339141791e+01 1.565392290359237437e+00
1.311553933242644909e+01 1.564199822750151903e+00
1.309791816132386977e+01 1.562056710694305517e+00
1.309465312399043668e+01 1.561670064888017739e+00
1.307376691555442427e+01 1.559173549948543958e+00
1.307008004558226233e+01 1.558721131029373375e+00
1.305288070711841186e+01 1.556663924259131360e+00
1.304247534320871971e+01 1.555385551364441454e+00
1.303199449868240123e+01 1.554129094709514547e+00
1.301494346248453660e+01 1.552049971699509534e+00
1.301110829024638704e+01 1.551594517631075476e+00
1.299022208181037463e+01 1.549064799709271689e+00
1.298734660759581949e+01 1.548714392034577614e+00
1.296933587337436222e+01 1.546575369312722437e+00
1.295952920799432206e+01 1.545378812369645694e+00
1.294844966493834981e+01 1.544062001467916057e+00
1.293200517896221236e+01 1.542043232704713551e+00
1.292756345650233740e+01 1.541511123820940465e+00
1.290667724806632499e+01 1.538977692350173454e+00
1.290448781468193928e+01 1.538707653039781409e+00
1.288579103963031258e+01 1.536456994640296392e+00
1.287699916076434725e+01 1.535372073374849489e+00
1.286490483119430017e+01 1.533916070952988431e+00
1.284960380935526558e+01 1.532036493709917568e+00
1.284401862275828776e+01 1.531366313143178060e+00
1.282313241432227535e+01 1.528810218665543008e+00
1.282225156244268049e+01 1.528700914044985648e+00
1.280224620588626294e+01 1.526280103679875655e+00
1.279483484103327129e+01 1.525365334380053728e+00
1.278135999745025053e+01 1.523740975044729939e+00
1.276756071571062101e+01 1.522029754715121586e+00
1.276047378901423812e+01 1.521171132476870191e+00
1.274058616718009773e+01 1.518694175050189665e+00
1.273958758057822571e+01 1.518572812590459842e+00
1.271870137214221330e+01 1.516017278037367744e+00
1.271341026083491599e+01 1.515358595385257523e+00
1.269781516370620267e+01 1.513460441082953523e+00
1.268632101540349311e+01 1.512023015720325603e+00
1.267692895527018848e+01 1.510874054051989823e+00
1.265945315310393582e+01 1.508687436055393682e+00
1.265604274683417785e+01 1.508270272303952719e+00
1.263515653839816366e+01 1.505680727230514604e+00
1.263255079391003832e+01 1.505351856390461762e+00
1.261427032996215303e+01 1.503094622505827482e+00
1.260571238988475784e+01 1.502016276725529842e+00
1.259338412152613884e+01 1.500494186411000186e+00
1.257900653253380341e+01 1.498680697060597700e+00
1.257249791309012821e+01 1.497877278703361181e+00
1.255244011612461108e+01 1.495345117395665557e+00
1.255161170465411402e+01 1.495242675097461671e+00
1.253072549621810339e+01 1.492626202912894717e+00
1.252589094927129842e+01 1.492009537730733637e+00
1.250983928778208920e+01 1.490002838404012042e+00
1.249941729070252805e+01 1.488673958065801717e+00
1.248895307934607857e+01 1.487367001109074494e+00
1.247313696221642232e+01 1.485338378400869797e+00
1.246806687091006438e+01 1.484700455650120876e+00
1.244718066247405375e+01 1.482024652689154065e+00
1.244701161542307055e+01 1.482002798735937876e+00
1.242629445403803956e+01 1.479374155162104909e+00
1.242080278861789822e+01 1.478667219071005734e+00
1.240540824560202893e+01 1.476722599368561761e+00
1.239465147084498753e+01 1.475331639406073814e+00
1.238452203716601474e+01 1.474046896550399666e+00
1.236865207240767894e+01 1.471996059741141671e+00
1.236363582873000411e+01 1.471358791152059808e+00
1.234296889695743893e+01 1.468660480076209751e+00
1.234274962029398992e+01 1.468632314719772403e+00
1.232186341185797929e+01 1.465938944822320344e+00
1.231715435934513714e+01 1.465324900411277831e+00
1.230097720342196510e+01 1.463252487865521978e+00
1.229135960863595045e+01 1.461989320746345911e+00
1.228009099498595447e+01 1.460534601327226678e+00
1.226572536822760640e+01 1.458653741081413990e+00
1.225920478654994028e+01 1.457814343278279079e+00
1.224012370305687902e+01 1.455318161416481848e+00
1.223831857811392965e+01 1.455085634158724162e+00
1.221743236967791724e+01 1.452352359082984323e+00
1.221463003051773377e+01 1.451982581751549928e+00
1.219654616124190483e+01 1.449632977253168420e+00
1.218909756655615872e+01 1.448647002086617785e+00
1.217565995280589242e+01 1.446897637203841569e+00
1.216375654239339710e+01 1.445311422421685865e+00
1.215477374436988001e+01 1.444131016133796575e+00
1.213856364305648761e+01 1.441975842756753945e+00
1.213388753593386760e+01 1.441363449313713296e+00
1.211350387138253382e+01 1.438640263091822025e+00
1.211300132749785519e+01 1.438574063326149011e+00
1.209211511906184278e+01 1.435790043423569973e+00
1.208852164691745834e+01 1.435304683426889882e+00
1.207122891062583037e+01 1.432998997812538144e+00
1.206361376470143121e+01 1.431969103761957740e+00
1.205034270218981796e+01 1.430196732065233567e+00
1.203879214635628436e+01 1.428633524097025820e+00
1.202945649375380555e+01 1.427386045051167063e+00
1.201422870519939501e+01 1.425297944432093900e+00
1.200857028531779491e+01 1.424530680744255040e+00
1.198962682833588822e+01 1.421962364767161979e+00
1.198768407688178073e+01 1.421702110491138704e+00
1.196679786844576832e+01 1.418851562879902994e+00
1.196515752320438608e+01 1.418626785102230281e+00
1.194591166000975591e+01 1.416017970445919039e+00
1.194060889430980765e+01 1.415291205437298139e+00
1.192502545157374527e+01 1.413179575667361076e+00
1.191617168215306677e+01 1.411955625772365996e+00
1.190413924313773109e+01 1.410308492184492835e+00
1.189179463528190794e+01 1.408620046107433854e+00
1.188325303470171868e+01 1.407465821389513483e+00
1.186748932949750923e+01 1.405284466442501934e+00
1.186236682626570627e+01 1.404581956170611656e+00
1.184335474680993983e+01 1.401948886777570014e+00
1.184148061782969386e+01 1.401692004311756889e+00
1.182059440939368145e+01 1.398827303488318741e+00
1.181905357492686193e+01 1.398613307112638093e+00
1.179970820095767081e+01 1.395949864401369700e+00
1.179489455033546363e+01 1.395277727447706173e+00
1.177882199252165663e+01 1.393055509491765820e+00
1.177085417598570416e+01 1.391942147782774031e+00
1.175793578408564422e+01 1.390151255867802416e+00
1.174690983267059963e+01 1.388606568117842111e+00
1.173704957564963181e+01 1.387235615149135404e+00
1.172302404579204627e+01 1.385270988452909968e+00
1.171616336721362117e+01 1.384318603116830637e+00
1.169935117192226848e+01 1.381935408787978048e+00
1.169527715877760699e+01 1.381361632692238661e+00
1.167577064917842122e+01 1.378599829123046128e+00
1.167439095034159635e+01 1.378405774708139742e+00
1.165350474190558216e+01 1.375467436955826628e+00
1.165207549123369368e+01 1.375264249458114207e+00
1.163261853346957153e+01 1.372516511015398288e+00
1.162846589494844629e+01 1.371928669793182065e+00
1.161173232503355734e+01 1.369575367852374548e+00
1.160477148659961344e+01 1.368593090128249923e+00
1.159084611659754671e+01 1.366643132160440643e+00
1.158103452026486124e+01 1.365257510463318003e+00
1.156995990816153252e+01 1.363702199256878744e+00
1.155748773285226605e+01 1.361921930798386082e+00
1.154907369972552189e+01 1.360727242590064723e+00
1.153415646522850402e+01 1.358586351133454162e+00
1.152818749128950770e+01 1.357735280065430761e+00
1.151088729638385644e+01 1.355250771468522242e+00
1.150730128285349707e+01 1.354738202250060919e+00
1.148760650407434625e+01 1.351915191803590321e+00
1.148641507441748288e+01 1.351745075476639357e+00
1.146552886598147403e+01 1.348757743202939618e+00
1.146428939032976579e+01 1.348579612138658179e+00
1.144464265754545806e+01 1.345770977678129920e+00
1.144095863911462807e+01 1.345244032473726259e+00
1.142375644910944743e+01 1.342794402978425117e+00
1.141756123778686849e+01 1.341908452808794117e+00
1.140287024067343324e+01 1.339817005385659066e+00
1.139424838141134444e+01 1.338572873143862196e+00
1.138198403223742261e+01 1.336810312370089626e+00
1.137116995832197475e+01 1.335237293478930276e+00
1.136109782380140842e+01 1.333777923099891405e+00
1.134811501038369386e+01 1.331901713813998356e+00
1.134021161536539779e+01 1.330762872778465500e+00
1.132499675914841752e+01 1.328566134149066214e+00
1.131932540692938360e+01 1.327750232517896922e+00
1.130197308415712953e+01 1.325230554484134293e+00
1.129843919849337297e+01 1.324718664879104058e+00
1.127903590001928080e+01 1.321894974819202151e+00
1.127755299005735878e+01 1.321679790651138831e+00
1.125666678162134993e+01 1.318639793841304808e+00
1.125611528561598895e+01 1.318559395154270231e+00
1.123578057318533574e+01 1.315603873024133730e+00
1.123318605108579149e+01 1.315223815489338310e+00
1.121489436474932333e+01 1.312551580270381546e+00
1.121033004009372647e+01 1.311888235824406390e+00
1.119400815631331092e+01 1.309517326516279168e+00
1.118738911686936710e+01 1.308552656159474470e+00
1.117312194787729851e+01 1.306480980811773218e+00
1.116452940073815547e+01 1.305217076494542550e+00
1.115223573944128610e+01 1.303410704715638913e+00
1.114175320949259174e+01 1.301881496829610185e+00
1.113134953100527369e+01 1.300363930945210411e+00
1.111898761943053415e+01 1.298545917164678265e+00
1.111046332256926128e+01 1.297294847542013851e+00
1.109627866223766546e+01 1.295210337499746345e+00
1.108957711413324887e+01 1.294224627161984165e+00
1.107369847500529758e+01 1.291874757834814424e+00
1.106869090569723646e+01 1.291134239572837572e+00
1.105134950389637361e+01 1.288539178169882504e+00
1.104780469726122405e+01 1.288007770358954973e+00
1.102872594697792152e+01 1.285203598504950362e+00
1.102691848882521164e+01 1.284937512904945844e+00
1.100635178699219274e+01 1.281868018840018442e+00
1.100603228038919923e+01 1.281820275733114078e+00
1.098514607195318682e+01 1.278704052770167410e+00
1.098398208935957499e+01 1.278532439175086299e+00
1.096425986351717441e+01 1.275620329350878546e+00
1.096138059539088161e+01 1.275196859510154379e+00
1.094337365508116200e+01 1.272544460262602151e+00
1.093878710140939958e+01 1.271861279845222459e+00
1.092248744664514959e+01 1.269432237744220870e+00
1.091639162779358330e+01 1.268525700180290539e+00
1.090160123820913718e+01 1.266320743233398494e+00
1.089407872536414601e+01 1.265190120515358174e+00
1.088071502977312477e+01 1.263176247357194804e+00
1.087190294563592197e+01 1.261854540850426476e+00
1.085982882133711236e+01 1.260035202367506102e+00
1.084979937726756916e+01 1.258518961185494556e+00
1.083894261290109995e+01 1.256871263378047221e+00
1.082777861258221996e+01 1.255183381520562413e+00
1.081805640446508754e+01 1.253708366961030940e+00
1.080580626549168599e+01 1.251847801855630493e+00
1.079717019602907513e+01 1.250528712065192227e+00
1.078395727706255158e+01 1.248512222190698573e+00
1.077628398759306272e+01 1.247333004695450054e+00
1.076226214490586486e+01 1.245176642525766653e+00
1.075539777915705031e+01 1.244113732415913276e+00
1.074066826490108184e+01 1.241841062860834510e+00
1.073451157072103790e+01 1.240884475199408365e+00
1.071911051758159417e+01 1.238505483195902590e+00
1.071362536228502549e+01 1.237650755479766662e+00
1.069764446401361724e+01 1.235169903530970448e+00
1.069273915384901485e+01 1.234401554886525032e+00
1.067623949895104118e+01 1.231834323866038527e+00
1.067185294541300067e+01 1.231145708936782990e+00
1.065510460790269143e+01 1.228498744201106607e+00
1.065096673697698826e+01 1.227837986369422651e+00
1.063406473818015741e+01 1.225163164536174687e+00
1.063008052854097585e+01 1.224525533837959035e+00
1.061301120653637042e+01 1.221827584871242545e+00
1.060919432010496521e+01 1.221217336058040281e+00
1.059217395173052090e+01 1.218492005206310624e+00
1.058830811166895103e+01 1.217865311320402322e+00
1.057165610618387142e+01 1.215156425541378482e+00
1.056742190323294039e+01 1.214457560891144983e+00
1.055087331593296973e+01 1.211820845876446562e+00
1.054653569479692621e+01 1.211120921484790003e+00
1.053032230844230277e+01 1.208485266211514642e+00
1.052564948636091557e+01 1.207713784837965765e+00
1.050992259551493646e+01 1.205149686546582721e+00
1.050476327792490139e+01 1.204295362433760896e+00
1.048954073926895703e+01 1.201814106881650579e+00
1.048387706948889075e+01 1.200875180059389313e+00
1.046952182157898292e+01 1.198478527216718659e+00
1.046299086105287657e+01 1.197367597678326234e+00
1.044975915190646987e+01 1.195142947551786738e+00
1.044210465261686593e+01 1.193832955794998263e+00
1.043017378096280723e+01 1.191807367886854596e+00
1.042121844418085175e+01 1.190257509564853766e+00
1.041078285982849749e+01 1.188471788221922676e+00
1.040033223574484111e+01 1.186644448519409867e+00
1.039161662744887238e+01 1.185136208556990756e+00
1.037944602730882870e+01 1.182983424015815466e+00
1.037262609717728168e+01 1.181800628892058835e+00
1.035855981887281629e+01 1.179305621074459465e+00
1.035380769560532599e+01 1.178465049227126693e+00
1.033767361043680388e+01 1.175540865072979946e+00
1.033534940543052549e+01 1.175129469562194551e+00
1.031695746692218840e+01 1.171793889897262630e+00
1.031678740200079147e+01 1.171762382478024112e+00
1.029872948762631601e+01 1.168458310232330710e+00
1.029590119356477729e+01 1.167926170875635883e+00
1.028052663135061096e+01 1.165122730567398790e+00
1.027501498512876665e+01 1.164089768549271930e+00
1.026283784507758767e+01 1.161787150902466870e+00
1.025412877669275424e+01 1.160086303323987655e+00
1.024544908901949825e+01 1.158451571237534949e+00
1.023324256825674183e+01 1.156083126449642062e+00
1.022821354464209875e+01 1.155115991572602807e+00
1.021235635982072942e+01 1.151966793811211032e+00
1.021139662772141676e+01 1.151780411907670887e+00
1.019468250282310962e+01 1.148444832242738745e+00
1.019147015138471701e+01 1.147780937531166279e+00
1.017811637907241007e+01 1.145109252577806824e+00
1.017058394294870460e+01 1.143545781395604477e+00
1.016197403810638278e+01 1.141773672912874904e+00
1.014969773451269219e+01 1.139144672025400151e+00
1.014634008550119582e+01 1.138438093247942984e+00
1.013103139285693999e+01 1.135102513583010841e+00
1.012881152607667978e+01 1.134598870130600012e+00
1.011608060408261522e+01 1.131766933918078921e+00
1.010792531764066737e+01 1.129865429867525695e+00
1.010153452830181209e+01 1.128431354253146779e+00
1.008732347445155142e+01 1.125095774588214859e+00
1.008703910920465496e+01 1.125025834590195117e+00
1.007341496510282042e+01 1.121760194923282938e+00
1.006615290076864255e+01 1.119925796807862195e+00
1.006011439517522277e+01 1.118424615258351018e+00
1.004739627928591617e+01 1.115089035593418876e+00
1.004526669233263014e+01 1.114496733421033170e+00
1.003491756727674833e+01 1.111753455928486956e+00
1.002438048389661773e+01 1.108771706367807752e+00
1.002308784721892465e+01 1.108417876263555035e+00
1.001165051918434656e+01 1.105082296598622893e+00
1.000349427546060532e+01 1.102527160915561799e+00
1.000092764211176544e+01 1.101746716933690973e+00
9.990817925895640883e+00 1.098411137268759052e+00
9.982608067024591136e+00 1.095456775050526632e+00
9.981510360141896854e+00 1.095075557603827132e+00
9.972871150753430669e+00 1.091739977938894990e+00
9.965148541856477138e+00 1.088404398273963070e+00
9.961721858588580503e+00 1.086695074970180475e+00
9.958308816096650418e+00 1.085068818609030927e+00
9.952413883914299930e+00 1.081733238944099007e+00
9.947707515069078354e+00 1.078397659279167087e+00
9.944236049369377994e+00 1.075062079614235167e+00
9.942104593101106502e+00 1.071726499949303024e+00
9.941575836056866677e+00 1.068390920284371104e+00
9.942742968719212371e+00 1.065055340619439184e+00
9.945913300614339647e+00 1.061719760954507041e+00
9.951409597373210403e+00 1.058384181289575121e+00
9.959536303829057857e+00 1.055048601624643201e+00
9.961721858588578726e+00 1.054369511729191133e+00
9.970734588061478831e+00 1.051713021959711281e+00
9.982608067024592913e+00 1.048976643064867043e+00
9.985488643550551657e+00 1.048377442294779138e+00
1.000349427546060532e+01 1.045282991982885434e+00
1.000499398977950172e+01 1.045041862629847218e+00
1.002438048389661773e+01 1.042377108966746624e+00
1.002968047464626622e+01 1.041706282964915076e+00
1.004526669233263014e+01 1.039951189727087444e+00
1.006092351966966092e+01 1.038370703299983155e+00
1.006615290076864255e+01 1.037894029509248028e+00
1.008703910920465496e+01 1.036084526933515271e+00
1.010085937526819855e+01 1.035035123635051235e+00
1.010792531764066560e+01 1.034535662017465940e+00
1.012881152607667978e+01 1.033129283154587963e+00
1.014969773451269219e+01 1.031888351802904502e+00
1.015318712229230158e+01 1.031699543970119315e+00
1.017058394294870283e+01 1.030801521011003752e+00
1.019147015138471701e+01 1.029871209729437576e+00
1.021235635982073120e+01 1.029026437251474135e+00
1.022949688721627304e+01 1.028363964305187173e+00
1.023324256825674183e+01 1.028222996985497684e+00
1.025412877669275424e+01 1.027508739806503479e+00
1.027501498512876665e+01 1.026872532818006833e+00
1.029590119356477906e+01 1.026316839101544032e+00
1.031678740200079147e+01 1.025837339319468189e+00
1.033767361043680388e+01 1.025393126644497332e+00
1.035843319799848850e+01 1.025028384640255252e+00
1.035855981887281629e+01 1.025026154892628494e+00
