1.093699234111753427e+01 1.000000000000000000e+00
1.097079990234677105e+01 1.001523494441753037e+00
1.100737393917351348e+01 1.003289279002484768e+00
1.101650428943692184e+01 1.003753882543912512e+00
1.104394797600025235e+01 1.005103519248322863e+00
1.108052201282699478e+01 1.007025036748142366e+00
1.108928700905351228e+01 1.007507765087825025e+00
1.111709604965373543e+01 1.009054940833480796e+00
1.115367008648047609e+01 1.011234927378638071e+00
1.115410491462929521e+01 1.011261647631737315e+00
1.119024412330721674e+01 1.013363929368245486e+00
1.121676830892312360e+01 1.015015530175649827e+00
1.122681816013395917e+01 1.015602357058027039e+00
1.126339219696069982e+01 1.017817892122566459e+00
1.127830685907498953e+01 1.018769412719562339e+00
1.129996623378744047e+01 1.020114037941443730e+00
1.133648938325949018e+01 1.022523295263474852e+00
1.133654027061418290e+01 1.022526641389820856e+00
1.137311430744092355e+01 1.024998403435401828e+00
1.139107484495915124e+01 1.026277177807387364e+00
1.140968834426766421e+01 1.027536165431362392e+00
1.144475140549976366e+01 1.030031060351299654e+00
1.144626238109440663e+01 1.030134460329080959e+00
1.148283641792114729e+01 1.032698891404808528e+00
1.149771679818179493e+01 1.033784942895212167e+00
1.151941045474788794e+01 1.035331063371998539e+00
1.154896440927613099e+01 1.037538825439124679e+00
1.155598449157463037e+01 1.038051028828821831e+00
1.159255852840137102e+01 1.040798145072845848e+00
1.159897510797453357e+01 1.041292707983037191e+00
1.162913256522811167e+01 1.043558049981045510e+00
1.164820029405467139e+01 1.045046590526949482e+00
1.166570660205485410e+01 1.046382905537543317e+00
1.169637778913934056e+01 1.048800473070861994e+00
1.170228063888159653e+01 1.049256857365890472e+00
1.173885467570833541e+01 1.052150165639975654e+00
1.174386297974757554e+01 1.052554355614774506e+00
1.177542871253507784e+01 1.055038959598851855e+00
1.179118175726750550e+01 1.056308238158687018e+00
1.181200274936181849e+01 1.057957826596143125e+00
1.183791525684728363e+01 1.060062120702599531e+00
1.184857678618855914e+01 1.060919758531820412e+00
1.188366720537297816e+01 1.063816003246511821e+00
1.188515082301529979e+01 1.063936004256269552e+00
1.192172485984204044e+01 1.066906550178843727e+00
1.192974983062788752e+01 1.067569885790424333e+00
1.195829889666878287e+01 1.069892776754645558e+00
1.197553209349249670e+01 1.071323768334336846e+00
1.199487293349552353e+01 1.072901065278754951e+00
1.202118824420491983e+01 1.075077650878249358e+00
1.203144697032226418e+01 1.075935041159395089e+00
1.206556640076963660e+01 1.078831533422161648e+00
1.206802100714900661e+01 1.079039122999956302e+00
1.210459504397574726e+01 1.082141319716209971e+00
1.210979195334956593e+01 1.082585415966074160e+00
1.214116908080248791e+01 1.085235933688918797e+00
1.215411848177478404e+01 1.086339298509986673e+00
1.217774311762923034e+01 1.088360967187515405e+00
1.219772967968002142e+01 1.090093181053899185e+00
1.221431715445597099e+01 1.091528793984156920e+00
1.224083394163292837e+01 1.093847063597811697e+00
1.225089119128271165e+01 1.094714438961403857e+00
1.228425745226587118e+01 1.097600946141723988e+00
1.228746522810945407e+01 1.097877844482384013e+00
1.232403926493619473e+01 1.101056206008548255e+00
1.232749668886132532e+01 1.101354828685636500e+00
1.236061330176293538e+01 1.104253091410670518e+00
1.237019416535249405e+01 1.105108711229549012e+00
1.239718733858967781e+01 1.107470703826697545e+00
1.241303200971055887e+01 1.108862593773461525e+00
1.243376137541641668e+01 1.110757387215681291e+00
1.245406597442887886e+01 1.112616476317374037e+00
1.247033541224315911e+01 1.114083081562460276e+00
1.249546428350141625e+01 1.116370358861286327e+00
1.250690944906990154e+01 1.117395202343785865e+00
1.253713838624668142e+01 1.120124241405198839e+00
1.254348348589664042e+01 1.120716151984372466e+00
1.257725481082235142e+01 1.123878123949111352e+00
1.258005752272338285e+01 1.124140246750635397e+00
1.261663155955012527e+01 1.127579312033816894e+00
1.261719289015874423e+01 1.127632006493023864e+00
1.265320559637686415e+01 1.131041116798267021e+00
1.265684854801864745e+01 1.131385889036936376e+00
1.268977963320360658e+01 1.134504649095698481e+00
1.269639165815392268e+01 1.135139771580848667e+00
1.272635367003034723e+01 1.138126384143624215e+00
1.273405010319930675e+01 1.138893654124761179e+00
1.276292770685708788e+01 1.141763642642991128e+00
1.277176110745734228e+01 1.142647536668673691e+00
1.279950174368383031e+01 1.145512073332732195e+00
1.280812204842995783e+01 1.146401419212586203e+00
1.283607578051057097e+01 1.149218398940224040e+00
1.284534324720872966e+01 1.150155301756498494e+00
1.287264981733731162e+01 1.152879152075118263e+00
1.288300867384994319e+01 1.153909184300411006e+00
1.290922385416405405e+01 1.156741943133945849e+00
1.291773068778362088e+01 1.157663066844323518e+00
1.294579789099079470e+01 1.160646149712032837e+00
1.295308990545749772e+01 1.161416949388236031e+00
1.298237192781753535e+01 1.164613909044740714e+00
1.298749830297664332e+01 1.165170831932148321e+00
1.301894596464427778e+01 1.168628578700509735e+00
1.302167139298172316e+01 1.168924714476061055e+00
1.305552000147101843e+01 1.172575547548837527e+00
1.305646944201049209e+01 1.172678597019973568e+00
1.309087349046757609e+01 1.176432479563885858e+00
1.309209403829775908e+01 1.176570994132715153e+00
1.312429980892510173e+01 1.180186362107798370e+00
1.312866807512450151e+01 1.180677231865565835e+00
1.315786465251957615e+01 1.183940244651710660e+00
1.316524211195124217e+01 1.184834053878156546e+00
1.318912900733736038e+01 1.187694127195623173e+00
1.320181614877798282e+01 1.189167107720540129e+00
1.322191670254173346e+01 1.191448009739535685e+00
1.323839018560472525e+01 1.193370492855364784e+00
1.325430767135109988e+01 1.195201892283448419e+00
1.327496422243146412e+01 1.197698285646550342e+00
1.328556117037417295e+01 1.198955774827360710e+00
1.331153825925820655e+01 1.202058932683811809e+00
1.331706652513436850e+01 1.202709657371273000e+00
1.334776288745658057e+01 1.206463539915185512e+00
1.334811229608494898e+01 1.206503777573698644e+00
1.338119642144133259e+01 1.210217422459098024e+00
1.338468633291168786e+01 1.210623909480327054e+00
1.341357308492059985e+01 1.213971305003010537e+00
1.342126036973843028e+01 1.214930647917348505e+00
1.344418018417515626e+01 1.217725187546923049e+00
1.345783440656517094e+01 1.219511524188018559e+00
1.347305401125129798e+01 1.221479070090835339e+00
1.349440844339191159e+01 1.224203979073779536e+00
1.350272155885277137e+01 1.225232952634747852e+00
1.353098248021865402e+01 1.228803687467308281e+00
1.353246265806821924e+01 1.228986835178660364e+00
1.356161166717375011e+01 1.232740717722572876e+00
1.356755651704539467e+01 1.233570330770007661e+00
1.358901749904801193e+01 1.236494600266485389e+00
1.360413055387213532e+01 1.238453576513911969e+00
1.361833683101495751e+01 1.240248482810397679e+00
1.364070459069887775e+01 1.243454623280018101e+00
1.364461331638621111e+01 1.244002365354310191e+00
1.367341923726338315e+01 1.247756247898222703e+00
1.367727862752561840e+01 1.248287700037358450e+00
1.370137091648881977e+01 1.251510130442134994e+00
1.371385266435235906e+01 1.253313994515391716e+00
1.372775434237304992e+01 1.255264012986047728e+00
1.375042670117910149e+01 1.258737889228227269e+00
1.375231113068852196e+01 1.259017895529960018e+00
1.377974139204829562e+01 1.262771778073872531e+00
1.378700073800584214e+01 1.263790855148978931e+00
1.380693449232944303e+01 1.266525660617785043e+00
1.382357477483258279e+01 1.268878135865565415e+00
1.383382648963891448e+01 1.270279543161697333e+00
1.385894801167393275e+01 1.274033425705609845e+00
1.386014881165932522e+01 1.274219890834037416e+00
1.388370119226304311e+01 1.277787308249522358e+00
1.389672284848606765e+01 1.279772861081070134e+00
1.390851534351067720e+01 1.281541190793434870e+00
1.393229714775159067e+01 1.285295073337347382e+00
1.393329688531280652e+01 1.285451895953531265e+00
1.395688326302787274e+01 1.289048955881259673e+00
1.396987092213954895e+01 1.291167079849362409e+00
1.398026682264646858e+01 1.292802838425172185e+00
1.400282726282915213e+01 1.296556720969084697e+00
1.400644495896628783e+01 1.297172190680843773e+00
1.402541193437218503e+01 1.300310603512997210e+00
1.404301899579303026e+01 1.303200981160934635e+00
1.404843603514455275e+01 1.304064486056909722e+00
1.406993702342020214e+01 1.307818368600822012e+00
1.407959303261977269e+01 1.309427889355320396e+00
1.409281079814948789e+01 1.311572251144734524e+00
1.411464824092176684e+01 1.315326133688647037e+00
1.411616706944651156e+01 1.315599228994031922e+00
1.413627016956220750e+01 1.319080016232559549e+00
1.415274110627325399e+01 1.322057172629345745e+00
1.415719113505524618e+01 1.322833898776472061e+00
1.417795617557281851e+01 1.326587781320384352e+00
1.418931514309999464e+01 1.328702148526420324e+00
1.419837894882194540e+01 1.330341663864296864e+00
1.421937970066778867e+01 1.334095546408209376e+00
1.422588917992673530e+01 1.335308517968945674e+00
1.424024263901536003e+01 1.337849428952121889e+00
1.426095913880376642e+01 1.341603311496034401e+00
1.426246321675347772e+01 1.341880572482671452e+00
1.428187221165621779e+01 1.345357194039946691e+00
1.429903725358021838e+01 1.348531738274912462e+00
1.430226879737363710e+01 1.349111076583859203e+00
1.432304955273482960e+01 1.352864959127771716e+00
1.433561129040695903e+01 1.355292794681082880e+00
1.434289428488841267e+01 1.356618841671684006e+00
1.436254851317215397e+01 1.360372724215596740e+00
1.437218532723370146e+01 1.362337154436527697e+00
1.438118107342707397e+01 1.364126606759509031e+00
1.440065419279062908e+01 1.367880489303421543e+00
1.440875936406044211e+01 1.369491787064742283e+00
1.442004180910222644e+01 1.371634371847334055e+00
1.443873151932201182e+01 1.375388254391246345e+00
1.444533340088718276e+01 1.376732388967233156e+00
1.445764675283836453e+01 1.379142136935158858e+00
1.447639013613764014e+01 1.382896019479071370e+00
1.448190743771392519e+01 1.384007888076896453e+00
1.449556695680171714e+01 1.386649902022983882e+00
1.451370546120125482e+01 1.390403784566896395e+00
1.451848147454066584e+01 1.391447563601227344e+00
1.453153237919447172e+01 1.394157667110808685e+00
1.454885325303198584e+01 1.397911549654721197e+00
1.455505551136740650e+01 1.399267155678957986e+00
1.456655442603177875e+01 1.401665432198633710e+00
1.458301640538807575e+01 1.405419314742546222e+00
1.459162954819414892e+01 1.407479719496487647e+00
1.459907418889487829e+01 1.409173197286458734e+00
1.461748769984744811e+01 1.412927079830371024e+00
1.462820358502089135e+01 1.415424655293587186e+00
1.463385722990208215e+01 1.416680962374283537e+00
1.465022240121884423e+01 1.420434844918196049e+00
1.466477762184762845e+01 1.423972643751370004e+00
1.466571321441464981e+01 1.424188727462108561e+00
1.468153540268464852e+01 1.427942610006021074e+00
1.469631928710656510e+01 1.431696492549933364e+00
1.470135165867437266e+01 1.432968210945177123e+00
1.471167105255861607e+01 1.435450375093845876e+00
1.472668839821251474e+01 1.439204257637758388e+00
1.473792569550111153e+01 1.442334485443338865e+00
1.474029761651850379e+01 1.442958140181670679e+00
1.475550429162149513e+01 1.446712022725583413e+00
1.476953794165863698e+01 1.450465905269495703e+00
1.477449973232785396e+01 1.451915095045761772e+00
1.478284212785206009e+01 1.454219787813408216e+00
1.479779131201756215e+01 1.457973670357320728e+00
1.481106758837769100e+01 1.461727552901233018e+00
1.481107376915459639e+01 1.461729293368388749e+00
1.482517803242868126e+01 1.465481435445145530e+00
1.483922460692468093e+01 1.469235317989058043e+00
1.484764780598133527e+01 1.471582913363101319e+00
1.485297084695875469e+01 1.472989200532970555e+00
1.486656675777651770e+01 1.476743083076883067e+00
1.487986824665392227e+01 1.480496965620795358e+00
1.488422184280807770e+01 1.481817892292623950e+00
1.489270033011957928e+01 1.484250848164707870e+00
1.490525429089931109e+01 1.488004730708620382e+00
1.491863650859910351e+01 1.491758613252532895e+00
1.492079587963481835e+01 1.492400149285043387e+00
1.493195921292779360e+01 1.495512495796445407e+00
1.494481591146146471e+01 1.499266378340357697e+00
1.495682435250708409e+01 1.503020260884270209e+00
1.495736991646155900e+01 1.503189063839632578e+00
1.496966826187233224e+01 1.506774143428182722e+00
1.498210725792291242e+01 1.510528025972095234e+00
1.499394395328830143e+01 1.514202703300881359e+00
1.499421438751585356e+01 1.514281908516007746e+00
1.500651405329542953e+01 1.518035791059920037e+00
1.501849615134308635e+01 1.521789673603832327e+00
1.503019685985651144e+01 1.525543556147745061e+00
1.503051799011504208e+01 1.525648230346324352e+00
1.504245563211919823e+01 1.529297438691657351e+00
1.505435074784160854e+01 1.533051321235570086e+00
1.506523759061823320e+01 1.536805203779482376e+00
1.506709202694178273e+01 1.537446737875312941e+00
1.507671636722202635e+01 1.540559086323394888e+00
1.508789642516877905e+01 1.544312968867307401e+00
1.509816904349905542e+01 1.548066851411219691e+00
1.510366606376852516e+01 1.550028740297884955e+00
1.510902612855875304e+01 1.551820733955132425e+00
1.512001813353677626e+01 1.555574616499044716e+00
1.513006002221334967e+01 1.559328499042957228e+00
1.514014385726526157e+01 1.563082381586869740e+00
1.514024010059526582e+01 1.563120844949119181e+00
1.515019758178772769e+01 1.566836264130782030e+00
1.515978148123340397e+01 1.570590146674694765e+00
1.516877688561412896e+01 1.574344029218607055e+00
1.517681413742200647e+01 1.577750828314056220e+00
1.517769558463912993e+01 1.578097911762519567e+00
1.518651106774054327e+01 1.581851794306432080e+00
1.519537667362847877e+01 1.585605676850344370e+00
1.520393734202805192e+01 1.589359559394257104e+00
1.521172204205385192e+01 1.593113441938169395e+00
1.521338817424874890e+01 1.593967634038371717e+00
1.521939751958542786e+01 1.596867324482081685e+00
1.522727478513948363e+01 1.600621207025994419e+00
1.523390237767955924e+01 1.604375089569906709e+00
1.523968563695633804e+01 1.608128972113819222e+00
1.524551464241796772e+01 1.611882854657731734e+00
1.524996221107548955e+01 1.614996656594106073e+00
1.525093534111724480e+01 1.615636737201644468e+00
1.525578608418266668e+01 1.619390619745556759e+00
1.526003498530370805e+01 1.623144502289469049e+00
1.526332227625276161e+01 1.626898384833381561e+00
1.526601005204643080e+01 1.630652267377294073e+00
1.526828194181324250e+01 1.634406149921206364e+00
1.526992855132859717e+01 1.638160032465119098e+00
1.527018665221221738e+01 1.641913915009031388e+00
1.526956914231509543e+01 1.645667797552943901e+00
1.526787335372054244e+01 1.649421680096856413e+00
1.526526247750186371e+01 1.653175562640768703e+00
1.526101427246503128e+01 1.656929445184681438e+00
1.525598537939299781e+01 1.660683327728593728e+00
1.524996221107549133e+01 1.664155611565526716e+00
1.524946486930089939e+01 1.664437210272506240e+00
1.524273701989395313e+01 1.668191092816418752e+00
1.523371839971906994e+01 1.671944975360331043e+00
1.522254799192883823e+01 1.675698857904243777e+00
1.521338817424874890e+01 1.678497248470122161e+00
1.520999559601423634e+01 1.679452740448156067e+00
1.519098981912187796e+01 1.683206622992068802e+00
1.517681413742200647e+01 1.685939753998232149e+00
1.517063580136445289e+01 1.686960505535981092e+00
1.514174830538333261e+01 1.690714388079893382e+00
1.514024010059526759e+01 1.690888163176239356e+00
1.510366606376852516e+01 1.694134549450355243e+00
1.509825804324395371e+01 1.694468270623806117e+00
1.506709202694178273e+01 1.696052563515715317e+00
1.503051799011504208e+01 1.697159098584295256e+00
1.499394395328830143e+01 1.697671346380699831e+00
1.495736991646155900e+01 1.697705670886213936e+00
1.492079587963481835e+01 1.697341515186242766e+00
1.488422184280807770e+01 1.696670110082596050e+00
1.484764780598133527e+01 1.695744993165035686e+00
1.481107376915459639e+01 1.694569955311416853e+00
1.480843627094618675e+01 1.694468270623806117e+00
1.477449973232785396e+01 1.693193850294638647e+00
1.473792569550110976e+01 1.691627005526153305e+00
1.471885849244143429e+01 1.690714388079893382e+00
1.470135165867437266e+01 1.689944826480615614e+00
1.466477762184763023e+01 1.688167570035248755e+00
1.464198924036553962e+01 1.686960505535981092e+00
1.462820358502089135e+01 1.686261334920393207e+00
1.459162954819414892e+01 1.684257461498074759e+00
1.457369695564345413e+01 1.683206622992068358e+00
1.455505551136740650e+01 1.682190215558138746e+00
1.451848147454066584e+01 1.680047570064325813e+00
1.450894180258188193e+01 1.679452740448156067e+00
1.448190743771392519e+01 1.677828956392625859e+00
1.444865560690918826e+01 1.675698857904243777e+00
1.444533340088718276e+01 1.675493648876961394e+00
1.440875936406044211e+01 1.673122892299369280e+00
1.439155803800116118e+01 1.671944975360331043e+00
1.437218532723370146e+01 1.670669814499123440e+00
1.433669791491857382e+01 1.668191092816418752e+00
1.433561129040695903e+01 1.668117520131566778e+00
1.429903725358021660e+01 1.665546536992655202e+00
1.428404477670780715e+01 1.664437210272506240e+00
1.426246321675347772e+01 1.662899552659285796e+00
1.423291279381125030e+01 1.660683327728593728e+00
1.422588917992673530e+01 1.660184751453460672e+00
1.418931514309999287e+01 1.657493658454657126e+00
1.418199439339375090e+01 1.656929445184681438e+00
1.415274110627325399e+01 1.654746664869021888e+00
1.413269684758777522e+01 1.653175562640768703e+00
1.411616706944651156e+01 1.651915687576709590e+00
1.408501599391229853e+01 1.649421680096856413e+00
1.407959303261977269e+01 1.649005514068421663e+00
1.404301899579303026e+01 1.646083358309210487e+00
1.403798356490188759e+01 1.645667797552943901e+00
1.400644495896628783e+01 1.643158360655044614e+00
1.399154039612808198e+01 1.641913915009031388e+00
1.396987092213954895e+01 1.640154861315771040e+00
1.394628948414603542e+01 1.638160032465119098e+00
1.393329688531280652e+01 1.637069058634565089e+00
1.390292508398137272e+01 1.634406149921206364e+00
1.389672284848606765e+01 1.633876793951611894e+00
1.386024382989151427e+01 1.630652267377294073e+00
1.386014881165932522e+01 1.630644277976819767e+00
1.382357477483258279e+01 1.627484639175790004e+00
1.381701950840612980e+01 1.626898384833381561e+00
1.378700073800584036e+01 1.624252879162904728e+00
1.377493686291037989e+01 1.623144502289469049e+00
1.375042670117910149e+01 1.620964462019764962e+00
1.373344521469123336e+01 1.619390619745556759e+00
1.371385266435235906e+01 1.617563363514553654e+00
1.369382066618743465e+01 1.615636737201644246e+00
1.367727862752562018e+01 1.614104825665653831e+00
1.365400815509876509e+01 1.611882854657731734e+00
1.364070459069887775e+01 1.610640326561651570e+00
1.361474215326062875e+01 1.608128972113819222e+00
1.360413055387213532e+01 1.607110000207589762e+00
1.357636587497856340e+01 1.604375089569906709e+00
1.356755651704539467e+01 1.603514446700955887e+00
1.353870434839471315e+01 1.600621207025994419e+00
1.353098248021865402e+01 1.599855450535481394e+00
1.350160224387104080e+01 1.596867324482081907e+00
1.349440844339191159e+01 1.596153354342691566e+00
1.346453059182043077e+01 1.593113441938169395e+00
1.345783440656517094e+01 1.592441958261952895e+00
1.342776842115389258e+01 1.589359559394257104e+00
1.342126036973843028e+01 1.588690442329559804e+00
1.339171883449469291e+01 1.585605676850344370e+00
1.338468633291168786e+01 1.584828118090262805e+00
1.335807808040629219e+01 1.581851794306432080e+00
1.334811229608494898e+01 1.580801020998112483e+00
1.332285790189493824e+01 1.578097911762519567e+00
1.331153825925820655e+01 1.576883085914891680e+00
1.328822808403375255e+01 1.574344029218607055e+00
1.327496422243146412e+01 1.572857953396253006e+00
1.325474264858732099e+01 1.570590146674694765e+00
1.323839018560472525e+01 1.568788819486992558e+00
1.322079844755501199e+01 1.566836264130782030e+00
1.320181614877798282e+01 1.564723424709384414e+00
1.318713544837794061e+01 1.563082381586869740e+00
1.316524211195124217e+01 1.560624282016942255e+00
1.315371413996076200e+01 1.559328499042957228e+00
1.312866807512450151e+01 1.556488878777786855e+00
1.312059648301851666e+01 1.555574616499044716e+00
1.309209403829775908e+01 1.552261732018770379e+00
1.308829180862598562e+01 1.551820733955132647e+00
1.305592776907240093e+01 1.548066851411219691e+00
1.305552000147101843e+01 1.548019134593479951e+00
1.302363886461553122e+01 1.544312968867307401e+00
1.301894596464427778e+01 1.543762596936286924e+00
1.299146298711431058e+01 1.540559086323394888e+00
1.298237192781753535e+01 1.539466801444414390e+00
1.295998915254585881e+01 1.536805203779482376e+00
1.294579789099079470e+01 1.535108442562743036e+00
1.292837180105454564e+01 1.533051321235570086e+00
1.290922385416405405e+01 1.530757996715198965e+00
1.289687944834004796e+01 1.529297438691657351e+00
1.287264981733731162e+01 1.526340066059901579e+00
1.286601001211733220e+01 1.525543556147745061e+00
1.283607578051056919e+01 1.521893509219364615e+00
1.283520807280407894e+01 1.521789673603832549e+00
1.280382539440653566e+01 1.518035791059920037e+00
1.279950174368383031e+01 1.517504938895837707e+00
1.277281562688444794e+01 1.514281908516007746e+00
1.276292770685708788e+01 1.513074189548033299e+00
1.274170004174062143e+01 1.510528025972095234e+00
1.272635367003034723e+01 1.508592724687963127e+00
1.271157091007581741e+01 1.506774143428182722e+00
1.268977963320360658e+01 1.504106210117997389e+00
1.268071818555701213e+01 1.503020260884270209e+00
1.265320559637686415e+01 1.499600320509925755e+00
1.265046338671148973e+01 1.499266378340357697e+00
1.261999697784105656e+01 1.495512495796445407e+00
1.261663155955012527e+01 1.495092374170789995e+00
1.258920386486134291e+01 1.491758613252532895e+00
1.258005752272338285e+01 1.490620731427085399e+00
1.255854501690221170e+01 1.488004730708620382e+00
1.254348348589664042e+01 1.486096387989074952e+00
1.252855524497631023e+01 1.484250848164708092e+00
1.250690944906990154e+01 1.481524160913512356e+00
1.249851986209151455e+01 1.480496965620795358e+00
1.247033541224315911e+01 1.476964585115274176e+00
1.246852180394669318e+01 1.476743083076883067e+00
1.243804787364897280e+01 1.472989200532970777e+00
1.243376137541641846e+01 1.472445733962773451e+00
1.240775735971049798e+01 1.469235317989058043e+00
1.239718733858967781e+01 1.467900159193741505e+00
1.237749774382961476e+01 1.465481435445145530e+00
1.236061330176293538e+01 1.463343128671873217e+00
1.234748362135790245e+01 1.461727552901233018e+00
1.232403926493619473e+01 1.458780995091063515e+00
1.231744153207982606e+01 1.457973670357320728e+00
1.228783686400622699e+01 1.454219787813408216e+00
1.228746522810945407e+01 1.454172308874924768e+00
1.225760796112378159e+01 1.450465905269495703e+00
1.225089119128271165e+01 1.449610719381579926e+00
1.222744065748448783e+01 1.446712022725583413e+00
1.221431715445597099e+01 1.445048120051148466e+00
1.219737324006498724e+01 1.442958140181670901e+00
1.217774311762923034e+01 1.440442492583684952e+00
1.216780290909068718e+01 1.439204257637758388e+00
1.214116908080248969e+01 1.435783728327680198e+00
1.213849449771243627e+01 1.435450375093845654e+00
1.210896253943453083e+01 1.431696492549933364e+00
1.210459504397574726e+01 1.431140087002793715e+00
1.207872215004494265e+01 1.427942610006021074e+00
1.206802100714900661e+01 1.426570713442740335e+00
1.204893120087788994e+01 1.424188727462108561e+00
1.203144697032226418e+01 1.421945499984367700e+00
1.201932116888951541e+01 1.420434844918196049e+00
1.199487293349552530e+01 1.417289691658500717e+00
1.199000616980342038e+01 1.416680962374283759e+00
1.196039997119211051e+01 1.412927079830371024e+00
1.195829889666878287e+01 1.412656952896444773e+00
1.193039496567260649e+01 1.409173197286458734e+00
1.192172485984204044e+01 1.408030309817894343e+00
1.190126191259055588e+01 1.405419314742546222e+00
1.188515082301530157e+01 1.403335826569136024e+00
1.187185331607381400e+01 1.401665432198633710e+00
1.184857678618855914e+01 1.398634109157996352e+00
1.184285087081001286e+01 1.397911549654721197e+00
1.181410896339537686e+01 1.394157667110808685e+00
1.181200274936181849e+01 1.393877367042640314e+00
1.178507117561665751e+01 1.390403784566896395e+00
1.177542871253507784e+01 1.389120721349052179e+00
1.175621643569387587e+01 1.386649902022983882e+00
1.173885467570833541e+01 1.384344065392241196e+00
1.172762525198749195e+01 1.382896019479071370e+00
1.170228063888159475e+01 1.379503384969687829e+00
1.169948573479718057e+01 1.379142136935158858e+00
1.167097717139530033e+01 1.375388254391246345e+00
1.166570660205485410e+01 1.374675085574596833e+00
1.164246990500395462e+01 1.371634371847334055e+00
1.162913256522811167e+01 1.369817214185232723e+00
1.161440484323970779e+01 1.367880489303421543e+00
1.159255852840137280e+01 1.364899213067258144e+00
1.158669136315474546e+01 1.364126606759509031e+00
1.155896629168206857e+01 1.360372724215596740e+00
1.155598449157463037e+01 1.359959769642515415e+00
1.153099869289097512e+01 1.356618841671684006e+00
1.151941045474788794e+01 1.354973119806159421e+00
1.150398891723235550e+01 1.352864959127771716e+00
1.148283641792114729e+01 1.349866950958036771e+00
1.147727280545947082e+01 1.349111076583859203e+00
1.145030323528765592e+01 1.345357194039946691e+00
1.144626238109440663e+01 1.344778125618765419e+00
1.142322755323514727e+01 1.341603311496034401e+00
1.140968834426766421e+01 1.339678176181616998e+00
1.139631670314188128e+01 1.337849428952121889e+00
1.137311430744092178e+01 1.334487637232927515e+00
1.137029629185721191e+01 1.334095546408209154e+00
1.134354432406712121e+01 1.330341663864296864e+00
1.133654027061418290e+01 1.329310289286535607e+00
1.131725132879753204e+01 1.326587781320384352e+00
1.129996623378744047e+01 1.324023204377965834e+00
1.129159230586680707e+01 1.322833898776472061e+00
1.126627462522103329e+01 1.319080016232559549e+00
1.126339219696069982e+01 1.318639260348348330e+00
1.124074661292056909e+01 1.315326133688647037e+00
1.122681816013395917e+01 1.313189117564095065e+00
1.121576499495422752e+01 1.311572251144734524e+00
1.119138814588875341e+01 1.307818368600822012e+00
1.119024412330721674e+01 1.307642131531824958e+00
1.116586788464293178e+01 1.304064486056909722e+00
1.115367008648047609e+01 1.302183542728136523e+00
1.114094927660383760e+01 1.300310603512997210e+00
1.111709604965373543e+01 1.296561318497853277e+00
1.111706525712883575e+01 1.296556720969084697e+00
1.109200898943967140e+01 1.292802838425172185e+00
1.108052201282699478e+01 1.290990864799552273e+00
1.106761708960735646e+01 1.289048955881259673e+00
1.104429473599845934e+01 1.285295073337347382e+00
1.104394797600025235e+01 1.285240064949346950e+00
1.101949571543700479e+01 1.281541190793434870e+00
1.100737393917351170e+01 1.279557267084690864e+00
1.099595929163314878e+01 1.277787308249522358e+00
1.097289058924386040e+01 1.274033425705609845e+00
1.097079990234677105e+01 1.273693704065614885e+00
1.094873619142446231e+01 1.270279543161697333e+00
1.093422586552003040e+01 1.267902335744027553e+00
1.092537785062709155e+01 1.266525660617785043e+00
1.090249329262324096e+01 1.262771778073872531e+00
1.089765182869328797e+01 1.261949793969501243e+00
1.087944548747510254e+01 1.259017895529960018e+00
1.086107779186654732e+01 1.255942086816124625e+00
1.085681274403515317e+01 1.255264012986047728e+00
1.083378192594897271e+01 1.251510130442134994e+00
1.082450375503980666e+01 1.249935206861878090e+00
1.081089285540223344e+01 1.247756247898222703e+00
1.078857417322489809e+01 1.244002365354310191e+00
1.078792971821306423e+01 1.243892214951014319e+00
1.076547056080932308e+01 1.240248482810397679e+00
1.075135568138632358e+01 1.237856119438918157e+00
1.074287114910018737e+01 1.236494600266485389e+00
1.072052922949547948e+01 1.232740717722573098e+00
1.071478164455958293e+01 1.231752963164728154e+00
1.069781793356691679e+01 1.228986835178660364e+00
1.067820760773284050e+01 1.225553167967353252e+00
1.067627123608121309e+01 1.225232952634747852e+00
1.065360926238889583e+01 1.221479070090835339e+00
1.064163357090609985e+01 1.219398595649353156e+00
1.063143624931176134e+01 1.217725187546923049e+00
1.061022463430907337e+01 1.213971305003010537e+00
1.060505953407935920e+01 1.213085589439458323e+00
1.058745409455858422e+01 1.210217422459098024e+00
1.056848549725261677e+01 1.206852927278202481e+00
1.056615770656575037e+01 1.206463539915185512e+00
1.054391648247719004e+01 1.202709657371273000e+00
1.053191146042587611e+01 1.200542818819707813e+00
1.052259719348592348e+01 1.198955774827360710e+00
1.050165796844081889e+01 1.195201892283448197e+00
1.049533742359913546e+01 1.194064182971616539e+00
1.047994752145053710e+01 1.191448009739535685e+00
1.045954332268138209e+01 1.187694127195623173e+00
1.045876338677239303e+01 1.187548123642991227e+00
1.043834254963692842e+01 1.183940244651710660e+00
1.042218934994565238e+01 1.180929120357414819e+00
1.041795178699184277e+01 1.180186362107798370e+00
1.039749236311566349e+01 1.176432479563885858e+00
1.038561531311891173e+01 1.174182173789335870e+00
1.037715572508706074e+01 1.172678597019973346e+00
1.035733110471069374e+01 1.168924714476060833e+00
1.034904127629217108e+01 1.167323277597736686e+00
1.033719301112473232e+01 1.165170831932148321e+00
1.031766346864788098e+01 1.161416949388236031e+00
1.031246723946542865e+01 1.160382911960437413e+00
1.029793428479774420e+01 1.157663066844323518e+00
1.027903005441730855e+01 1.153909184300411006e+00
1.027589320263868800e+01 1.153267824436491118e+00
1.025961241440141336e+01 1.150155301756498716e+00
1.024121313650283227e+01 1.146401419212586203e+00
1.023931916581194734e+01 1.146003132434828764e+00
1.022231163633254170e+01 1.142647536668673691e+00
1.020463019885003142e+01 1.138893654124761179e+00
1.020274512898520669e+01 1.138483084017343883e+00
1.018635141304433134e+01 1.135139771580848667e+00
1.016927495366677014e+01 1.131385889036936376e+00
1.016617109215846426e+01 1.130685543637524937e+00
1.015168887470118619e+01 1.127632006493023864e+00
1.013523790993073881e+01 1.123878123949111352e+00
1.012959705533172361e+01 1.122544021605211828e+00
1.011858641522646707e+01 1.120124241405198839e+00
1.010237949692638537e+01 1.116370358861286327e+00
1.009302301850498296e+01 1.114063342182461502e+00
1.008673434394473389e+01 1.112616476317374037e+00
1.007144303552021114e+01 1.108862593773461525e+00
1.005683639821444153e+01 1.105108711229549012e+00
1.005644898167824053e+01 1.105002247737725707e+00
1.004223432750289469e+01 1.101354828685636500e+00
1.002858841246157695e+01 1.097600946141723988e+00
1.001987494485149988e+01 1.095041865225746314e+00
1.001551248240203051e+01 1.093847063597811697e+00
1.000255999915623306e+01 1.090093181053899185e+00
9.990587364835672446e+00 1.086339298509986673e+00
9.983300908024759224e+00 1.083875818199709906e+00
9.979194850146177131e+00 1.082585415966074160e+00
9.968403616082838425e+00 1.078831533422161648e+00
9.958392997019267057e+00 1.075077650878249358e+00
9.948773504662110412e+00 1.071323768334336624e+00
9.946726871198016795e+00 1.070404483551266051e+00
9.939943045596256965e+00 1.067569885790424333e+00
9.931834956093242184e+00 1.063816003246511821e+00
9.924376190434735179e+00 1.060062120702599531e+00
9.917948654524460395e+00 1.056308238158687018e+00
9.912439942022896133e+00 1.052554355614774506e+00
9.910152834371277919e+00 1.050601074405958846e+00
9.907898559884099399e+00 1.048800473070861994e+00
9.904232360124151313e+00 1.045046590526949482e+00
9.901464005173181704e+00 1.041292707983037191e+00
9.899816008458543592e+00 1.037538825439124679e+00
9.899048454885484460e+00 1.033784942895212167e+00
9.899101408972757810e+00 1.030031060351299654e+00
9.900166378081431517e+00 1.026277177807387364e+00
9.901980180303738166e+00 1.022523295263474852e+00
9.905819064014632858e+00 1.018769412719562339e+00
9.910152834371276143e+00 1.015864906313072691e+00
9.911516801387572073e+00 1.015015530175649827e+00
9.917632766387619370e+00 1.011261647631737315e+00
9.926649289567349044e+00 1.007507765087825025e+00
9.938735506111402884e+00 1.003753882543912512e+00
9.946726871198016795e+00 1.001675313267037515e+00
9.954170275688280611e+00 1.000000000000000000e+00
1.093699234111753427e+01 1.000000000000000000e+00
