1.104394797600025235e+01 1.105105729753677046e+00
1.108052201282699478e+01 1.104704931684964420e+00
1.111709604965373543e+01 1.104649775554082725e+00
1.115367008648047609e+01 1.104859783174091170e+00
1.117194728637497292e+01 1.105108711229549012e+00
1.119024412330721674e+01 1.105346107358964769e+00
1.122681816013395917e+01 1.106050975355043597e+00
1.126339219696069982e+01 1.106970836365559485e+00
1.129996623378744047e+01 1.108083577110162476e+00
1.132150224924696857e+01 1.108862593773461525e+00
1.133654027061418290e+01 1.109387632453822325e+00
1.137311430744092355e+01 1.110861843158477136e+00
1.140968834426766421e+01 1.112494454509000086e+00
1.141212834028298140e+01 1.112616476317374037e+00
1.144626238109440663e+01 1.114275977215785085e+00
1.148283641792114729e+01 1.116202277692233347e+00
1.148578428430927900e+01 1.116370358861286327e+00
1.151941045474788794e+01 1.118256811367027925e+00
1.155065056394493439e+01 1.120124241405198839e+00
1.155598449157463037e+01 1.120437610894128078e+00
1.159255852840137280e+01 1.122743357682150389e+00
1.160958312092149214e+01 1.123878123949111352e+00
1.162913256522811167e+01 1.125158741081150104e+00
1.166518813669190635e+01 1.127632006493023864e+00
1.166570660205485410e+01 1.127667319666638024e+00
1.170228063888159475e+01 1.130299134328146327e+00
1.171666307476874458e+01 1.131385889036936376e+00
1.173885467570833541e+01 1.133020446971546358e+00
1.176645131383432386e+01 1.135139771580848667e+00
1.177542871253507784e+01 1.135827888525380081e+00
1.181200274936181849e+01 1.138748859036831096e+00
1.181376062483294476e+01 1.138893654124761179e+00
1.184857678618855914e+01 1.141734509462610569e+00
1.185932892271587669e+01 1.142647536668673691e+00
1.188515082301529979e+01 1.144822564399680553e+00
1.190330813496010087e+01 1.146401419212585981e+00
1.192172485984204044e+01 1.147948382472482542e+00
1.194721186105697974e+01 1.150155301756498494e+00
1.195829889666878287e+01 1.151107728343951475e+00
1.199007427169247109e+01 1.153909184300411006e+00
1.199487293349552353e+01 1.154333303020485646e+00
1.203143636277569684e+01 1.157663066844323518e+00
1.203144697032226418e+01 1.157664020937365423e+00
1.206802100714900661e+01 1.161039979651777188e+00
1.207202983442633304e+01 1.161416949388236031e+00
1.210459504397574548e+01 1.164533283506252737e+00
1.211111907184848135e+01 1.165170831932148321e+00
1.214116908080248791e+01 1.168039072858707339e+00
1.215029436580130096e+01 1.168924714476060833e+00
1.217774311762923034e+01 1.171582500176230335e+00
1.218881884775117541e+01 1.172678597019973346e+00
1.221431715445597099e+01 1.175269913406483679e+00
1.222560382802668499e+01 1.176432479563885858e+00
1.225089119128271165e+01 1.178958258390461422e+00
1.226296766820672346e+01 1.180186362107798370e+00
1.228746522810945407e+01 1.182695720185862776e+00
1.229951109660527919e+01 1.183940244651710660e+00
1.232403926493619295e+01 1.186527323449616311e+00
1.233493750559075686e+01 1.187694127195623173e+00
1.236061330176293538e+01 1.190387573217151385e+00
1.237064837430282260e+01 1.191448009739535685e+00
1.239718733858967781e+01 1.194272080079321618e+00
1.240585701287906950e+01 1.195201892283448197e+00
1.243376137541642024e+01 1.198231122550110994e+00
1.244039246473630911e+01 1.198955774827360710e+00
1.247033541224316089e+01 1.202214035739804121e+00
1.247486544219777826e+01 1.202709657371273000e+00
1.250690944906990154e+01 1.206274855342571062e+00
1.250859851833899050e+01 1.206463539915185512e+00
1.254146762460832143e+01 1.210217422459098024e+00
1.254348348589664042e+01 1.210445250043362231e+00
1.257466101763117727e+01 1.213971305003010537e+00
1.258005752272338285e+01 1.214577078631082330e+00
1.260783440427402802e+01 1.217725187546923049e+00
1.261663155955012527e+01 1.218747178492825656e+00
1.264013623787600338e+01 1.221479070090835339e+00
1.265320559637686415e+01 1.222981206106079854e+00
1.267282293186675091e+01 1.225232952634747852e+00
1.268977963320360658e+01 1.227249297399370942e+00
1.270439482699599409e+01 1.228986835178660364e+00
1.272635367003034723e+01 1.231582850950121655e+00
1.273614347586286755e+01 1.232740717722572876e+00
1.276292770685708611e+01 1.235956985438133371e+00
1.276740728125519553e+01 1.236494600266485389e+00
1.279880896012241109e+01 1.240248482810397679e+00
1.279950174368383031e+01 1.240331930050061038e+00
1.283005963113287962e+01 1.244002365354310191e+00
1.283607578051057097e+01 1.244727774271070730e+00
1.286120548693212839e+01 1.247756247898222703e+00
1.287264981733731162e+01 1.249163569352252701e+00
1.289178572351416108e+01 1.251510130442134994e+00
1.290922385416405405e+01 1.253701306676254346e+00
1.292173212261335991e+01 1.255264012986047728e+00
1.294579789099079470e+01 1.258309516524917626e+00
1.295141016943937373e+01 1.259017895529960018e+00
1.298130602003573486e+01 1.262771778073872531e+00
1.298237192781753535e+01 1.262909335876990058e+00
1.301048206283148545e+01 1.266525660617785043e+00
1.301894596464427778e+01 1.267607350741446925e+00
1.303994675155122351e+01 1.270279543161697333e+00
1.305552000147101843e+01 1.272322503617530298e+00
1.306864514241958197e+01 1.274033425705609845e+00
1.309209403829775908e+01 1.277128987159731111e+00
1.309712207526830241e+01 1.277787308249522358e+00
1.312557622276661462e+01 1.281541190793434870e+00
1.312866807512450151e+01 1.281954717492693518e+00
1.315380617439413413e+01 1.285295073337347382e+00
1.316524211195124217e+01 1.286844885222820700e+00
1.318157866042183635e+01 1.289048955881259673e+00
1.320181614877798282e+01 1.291837375457848935e+00
1.320888973134698219e+01 1.292802838425172185e+00
1.323629428975266009e+01 1.296556720969084697e+00
1.323839018560472525e+01 1.296851651270126693e+00
1.326309549820788192e+01 1.300310603512997210e+00
1.327496422243146412e+01 1.302004602101295427e+00
1.328957394758161925e+01 1.304064486056909722e+00
1.331153825925820655e+01 1.307253246941140645e+00
1.331547335502698282e+01 1.307818368600822012e+00
1.334159960014334523e+01 1.311572251144734524e+00
1.334811229608494898e+01 1.312522838221702237e+00
1.336746348015882724e+01 1.315326133688647037e+00
1.338468633291168786e+01 1.317874766723156954e+00
1.339291097618974291e+01 1.319080016232559327e+00
1.341825456549731577e+01 1.322833898776472061e+00
1.342126036973843028e+01 1.323287675416965348e+00
1.344330945449940629e+01 1.326587781320384352e+00
1.345783440656517094e+01 1.328787155747509718e+00
1.346825718152125617e+01 1.330341663864296642e+00
1.349256367567986636e+01 1.334095546408209376e+00
1.349440844339191159e+01 1.334379578797276977e+00
1.351729635632316828e+01 1.337849428952121889e+00
1.353098248021865402e+01 1.339989229195814868e+00
1.354139794794721752e+01 1.341603311496034401e+00
1.356468039864896724e+01 1.345357194039946691e+00
1.356755651704539467e+01 1.345817898302300364e+00
1.358844553616835604e+01 1.349111076583859203e+00
1.360413055387213532e+01 1.351630523525780836e+00
1.361195241276057821e+01 1.352864959127771716e+00
1.363500301386731373e+01 1.356618841671684006e+00
1.364070459069887775e+01 1.357590339474580965e+00
1.365728853751825689e+01 1.360372724215596740e+00
1.367727862752561840e+01 1.363796506587130475e+00
1.367924601249970529e+01 1.364126606759509031e+00
1.370195535077031757e+01 1.367880489303421543e+00
1.371385266435235906e+01 1.369916516101102433e+00
1.372408255910193198e+01 1.371634371847334055e+00
1.374554676472040526e+01 1.375388254391246345e+00
1.375042670117910149e+01 1.376267821959635373e+00
1.376670943099622235e+01 1.379142136935158858e+00
1.378700073800584036e+01 1.382769046475089025e+00
1.378772701329344130e+01 1.382896019479071370e+00
1.380889447974459294e+01 1.386649902022983882e+00
1.382357477483258279e+01 1.389387688823669365e+00
1.382915978246034605e+01 1.390403784566896395e+00
1.384945790117400932e+01 1.394157667110808685e+00
1.386014881165932522e+01 1.396173757858789610e+00
1.386956331347452931e+01 1.397911549654721197e+00
1.388912432636622718e+01 1.401665432198633710e+00
1.389672284848606587e+01 1.403134853553218209e+00
1.390880271960090298e+01 1.405419314742546222e+00
1.392804658436658016e+01 1.409173197286458734e+00
1.393329688531280652e+01 1.410210127596055241e+00
1.394751245200674994e+01 1.412927079830371024e+00
1.396616640699597234e+01 1.416680962374283537e+00
1.396987092213954895e+01 1.417434206303187061e+00
1.398497360348163454e+01 1.420434844918196049e+00
1.400296038013129341e+01 1.424188727462108561e+00
1.400644495896628783e+01 1.424927388270681439e+00
1.402109084091765823e+01 1.427942610006021074e+00
1.403811588498764351e+01 1.431696492549933364e+00
1.404301899579303026e+01 1.432766849596086800e+00
1.405567295909729886e+01 1.435450375093845876e+00
1.407233289366794970e+01 1.439204257637758388e+00
1.407959303261977269e+01 1.440898835593748650e+00
1.408871220282827075e+01 1.442958140181670901e+00
1.410536114537918806e+01 1.446712022725583413e+00
1.411616706944651156e+01 1.449412717235908810e+00
1.412053194275578427e+01 1.450465905269495925e+00
1.413586948097431062e+01 1.454219787813408216e+00
1.415091713956936736e+01 1.457973670357320728e+00
1.415274110627325399e+01 1.458438908938766598e+00
1.416599340623064762e+01 1.461727552901233018e+00
1.418053604512049226e+01 1.465481435445145530e+00
1.418931514309999287e+01 1.467778149274007848e+00
1.419508814814574116e+01 1.469235317989058043e+00
1.420895197209930849e+01 1.472989200532970555e+00
1.422213273808664624e+01 1.476743083076883067e+00
1.422588917992673530e+01 1.477844391910372090e+00
1.423519083144521247e+01 1.480496965620795358e+00
1.424710185755732894e+01 1.484250848164707870e+00
1.425880080806960315e+01 1.488004730708620382e+00
1.426246321675347772e+01 1.489217214843359116e+00
1.427038935706221245e+01 1.491758613252532895e+00
1.428164853998117323e+01 1.495512495796445407e+00
1.429213968772153898e+01 1.499266378340357697e+00
1.429903725358022015e+01 1.501824863518882891e+00
1.430236071633834172e+01 1.503020260884270431e+00
1.431170773919120620e+01 1.506774143428182722e+00
1.432068632056175517e+01 1.510528025972095234e+00
1.432840362705327308e+01 1.514281908516007746e+00
1.433561129040695725e+01 1.517877020433839430e+00
1.433593955622234439e+01 1.518035791059920037e+00
1.434255115563156124e+01 1.521789673603832327e+00
1.434923976994436856e+01 1.525543556147745061e+00
1.435412524364013009e+01 1.529297438691657351e+00
1.435816599051760534e+01 1.533051321235570086e+00
1.436064481290941863e+01 1.536805203779482376e+00
1.436323561555012418e+01 1.540559086323394888e+00
1.436379685112102678e+01 1.544312968867307401e+00
1.436084455875326427e+01 1.548066851411219691e+00
1.435584357498889929e+01 1.551820733955132425e+00
1.434879838673049335e+01 1.555574616499044716e+00
1.433746623214945437e+01 1.559328499042957228e+00
1.433561129040695903e+01 1.559858708594898946e+00
1.432190944920209219e+01 1.563082381586869740e+00
1.429903725358021838e+01 1.566521843071178255e+00
1.429628910647557305e+01 1.566836264130782030e+00
1.426246321675347772e+01 1.569894799510879624e+00
1.425062350412821210e+01 1.570590146674694765e+00
1.422588917992673530e+01 1.571826011634579467e+00
1.418931514309999464e+01 1.572886717227420572e+00
1.415274110627325399e+01 1.573263342285130983e+00
1.411616706944651156e+01 1.573124319890169653e+00
1.407959303261977269e+01 1.572592579218649700e+00
1.404301899579303203e+01 1.571720878077012662e+00
1.400711344809069914e+01 1.570590146674694765e+00
1.400644495896628783e+01 1.570570360933035925e+00
1.396987092213954895e+01 1.569196814060592082e+00
1.393329688531280652e+01 1.567631529241281463e+00
1.391709938823031578e+01 1.566836264130782030e+00
1.389672284848606587e+01 1.565869706922818239e+00
1.386014881165932522e+01 1.563953196626488795e+00
1.384515650318443392e+01 1.563082381586869740e+00
1.382357477483258279e+01 1.561872139455980246e+00
1.378700073800584036e+01 1.559689963991066186e+00
1.378143452749165832e+01 1.559328499042957228e+00
1.375042670117910149e+01 1.557397315189434917e+00
1.372300709363545046e+01 1.555574616499044716e+00
1.371385266435235906e+01 1.554965738253499818e+00
1.367727862752561840e+01 1.552375465454507886e+00
1.366994525978114616e+01 1.551820733955132425e+00
1.364070459069887775e+01 1.549674997832695356e+00
1.361977654709633256e+01 1.548066851411219691e+00
1.360413055387213532e+01 1.546901296580804663e+00
1.357133008870617985e+01 1.544312968867307401e+00
1.356755651704539467e+01 1.544020635523874585e+00
1.353098248021865402e+01 1.541036534197958385e+00
1.352538774470286498e+01 1.540559086323394888e+00
1.349440844339191159e+01 1.537952281933754772e+00
1.348141248756446942e+01 1.536805203779482376e+00
1.345783440656517094e+01 1.534785191065785259e+00
1.343846916342890552e+01 1.533051321235570086e+00
1.342126036973843028e+01 1.531525702132870537e+00
1.339706305498432926e+01 1.529297438691657351e+00
1.338468633291168786e+01 1.528163787488383552e+00
1.335714724184150803e+01 1.525543556147745061e+00
1.334811229608494898e+01 1.524710150139834131e+00
1.331759623501025303e+01 1.521789673603832549e+00
1.331153825925820655e+01 1.521217868189534084e+00
1.327900326420206589e+01 1.518035791059920037e+00
1.327496422243146412e+01 1.517644022508970014e+00
1.324147433593085843e+01 1.514281908516007746e+00
1.323839018560472525e+01 1.513980472906046426e+00
1.320418491976204400e+01 1.510528025972095234e+00
1.320181614877798282e+01 1.510284471698209341e+00
1.316865634560003961e+01 1.506774143428182722e+00
1.316524211195124217e+01 1.506423845227118363e+00
1.313286253866232833e+01 1.503020260884270209e+00
1.312866807512450151e+01 1.502576723204500198e+00
1.309809920805931505e+01 1.499266378340357697e+00
1.309209403829775908e+01 1.498622806607662561e+00
1.306367451514675437e+01 1.495512495796445407e+00
1.305552000147101843e+01 1.494626020785961407e+00
1.302967843872874276e+01 1.491758613252532673e+00
1.301894596464427778e+01 1.490584073187655845e+00
1.299585430602366287e+01 1.488004730708620382e+00
1.298237192781753535e+01 1.486495552580716639e+00
1.296262539158530913e+01 1.484250848164707870e+00
1.294579789099079470e+01 1.482342990993484211e+00
1.292973252432969744e+01 1.480496965620795358e+00
1.290922385416405405e+01 1.478146609442311910e+00
1.289712053335557229e+01 1.476743083076883067e+00
1.287264981733731162e+01 1.473887681131963223e+00
1.286500985818704912e+01 1.472989200532970555e+00
1.283607578051057097e+01 1.469545296407593238e+00
1.283348837947560384e+01 1.469235317989058043e+00
1.280185225313691078e+01 1.465481435445145530e+00
1.279950174368383031e+01 1.465202815095008937e+00
1.277040635926619849e+01 1.461727552901233018e+00
1.276292770685708788e+01 1.460839171588158125e+00
1.273893517754456717e+01 1.457973670357320728e+00
1.272635367003034723e+01 1.456442049213624745e+00
1.270814199501379704e+01 1.454219787813408216e+00
1.268977963320360658e+01 1.451957382782648853e+00
1.267766556197679328e+01 1.450465905269495703e+00
1.265320559637686415e+01 1.447459107307861093e+00
1.264713203707201217e+01 1.446712022725583413e+00
1.261663155955012527e+01 1.442993452313279690e+00
1.261634131372909629e+01 1.442958140181670901e+00
1.258588781231491893e+01 1.439204257637758388e+00
1.258005752272338285e+01 1.438474814727810802e+00
1.255585158679434343e+01 1.435450375093845876e+00
1.254348348589664042e+01 1.433864798678452956e+00
1.252654127742236945e+01 1.431696492549933364e+00
1.250690944906990154e+01 1.429222954673808221e+00
1.249668065342114076e+01 1.427942610006020852e+00
1.247033541224315911e+01 1.424602762971555858e+00
1.246704750539805140e+01 1.424188727462108561e+00
1.243744932219951771e+01 1.420434844918196049e+00
1.243376137541641846e+01 1.419966292892791859e+00
1.240777382094874248e+01 1.416680962374283537e+00
1.239718733858967781e+01 1.415323427688679914e+00
1.237827868255634023e+01 1.412927079830371024e+00
1.236061330176293538e+01 1.410673786621083448e+00
1.234881817131206816e+01 1.409173197286458734e+00
1.232403926493619473e+01 1.405904691934292128e+00
1.232032338763184498e+01 1.405419314742546222e+00
1.229149423544591890e+01 1.401665432198633710e+00
1.228746522810945407e+01 1.401141642942822285e+00
1.226235890072123169e+01 1.397911549654721197e+00
1.225089119128271165e+01 1.396389505792846375e+00
1.223389616956282566e+01 1.394157667110808685e+00
1.221431715445597099e+01 1.391531041952120962e+00
1.220579838430670350e+01 1.390403784566896395e+00
1.217774311762923034e+01 1.386681560343020481e+00
1.217750191990455910e+01 1.386649902022983882e+00
1.214908615509165557e+01 1.382896019479071370e+00
1.214116908080248791e+01 1.381834826863170163e+00
1.212081096995832752e+01 1.379142136935158858e+00
1.210459504397574548e+01 1.376955959099122495e+00
1.209281325218769609e+01 1.375388254391246345e+00
1.206802100714900661e+01 1.372020551688915457e+00
1.206514211269225534e+01 1.371634371847334055e+00
1.203730201660408738e+01 1.367880489303421765e+00
1.203144697032226418e+01 1.367079076604137633e+00
1.200964943000075102e+01 1.364126606759509031e+00
1.199487293349552353e+01 1.362086815846624388e+00
1.198226462149896854e+01 1.360372724215596740e+00
1.195829889666878287e+01 1.357052135902631962e+00
1.195512538000746261e+01 1.356618841671684006e+00
1.192841360230440095e+01 1.352864959127771716e+00
1.192172485984204044e+01 1.351910761690436447e+00
1.190181266675918437e+01 1.349111076583859203e+00
1.188515082301529979e+01 1.346756773567664434e+00
1.187510715826809715e+01 1.345357194039946691e+00
1.184902147102861036e+01 1.341603311496034401e+00
1.184857678618855914e+01 1.341539223929048452e+00
1.182261091030731492e+01 1.337849428952121889e+00
1.181200274936181849e+01 1.336296400591361344e+00
1.179675231907700095e+01 1.334095546408209376e+00
1.177542871253507784e+01 1.330958215403534428e+00
1.177115906447592941e+01 1.330341663864296864e+00
1.174561835391593689e+01 1.326587781320384352e+00
1.173885467570833541e+01 1.325587667028485406e+00
1.171997426508899309e+01 1.322833898776472061e+00
1.170228063888159475e+01 1.320154458670904418e+00
1.169506175092333677e+01 1.319080016232559327e+00
1.167046155485041403e+01 1.315326133688647037e+00
1.166570660205485410e+01 1.314584823557023441e+00
1.164604262791778133e+01 1.311572251144734524e+00
1.162913256522811167e+01 1.308938881042517322e+00
1.162181248545087797e+01 1.307818368600822012e+00
1.159770869015970796e+01 1.304064486056909722e+00
1.159255852840137102e+01 1.303256264324769154e+00
1.157347731646310152e+01 1.300310603512997210e+00
1.155598449157462859e+01 1.297488266293688852e+00
1.155010050839388569e+01 1.296556720969084697e+00
1.152664308849130670e+01 1.292802838425172407e+00
1.151941045474788794e+01 1.291634097574279272e+00
1.150312368022454734e+01 1.289048955881259673e+00
1.148283641792114729e+01 1.285696158889037433e+00
1.148036315832058385e+01 1.285295073337347382e+00
1.145683596574070151e+01 1.281541190793434870e+00
1.144626238109440663e+01 1.279780175106607354e+00
1.143406870543303633e+01 1.277787308249522358e+00
1.141192218351083909e+01 1.274033425705609845e+00
1.140968834426766421e+01 1.273660569899232486e+00
1.138905798883226517e+01 1.270279543161697333e+00
1.137311430744092178e+01 1.267597819598446085e+00
1.136661796009708425e+01 1.266525660617785043e+00
1.134452207344517483e+01 1.262771778073872531e+00
1.133654027061418290e+01 1.261384179578997289e+00
1.132272303433113514e+01 1.259017895529960018e+00
1.130128468870602454e+01 1.255264012986047728e+00
1.129996623378744047e+01 1.255034598404256574e+00
1.127931751178190112e+01 1.251510130442134994e+00
1.126339219696069982e+01 1.248724072013374764e+00
1.125775343836872722e+01 1.247756247898222703e+00
1.123607233691263474e+01 1.244002365354310191e+00
1.122681816013395917e+01 1.242361858201639579e+00
1.121469816606001757e+01 1.240248482810397679e+00
1.119364185380005949e+01 1.236494600266485389e+00
1.119024412330721674e+01 1.235885140467290366e+00
1.117243806081117441e+01 1.232740717722572654e+00
1.115367008648047431e+01 1.229309164663011655e+00
1.115187489308552493e+01 1.228986835178660364e+00
1.113166198287010999e+01 1.225232952634747852e+00
1.111709604965373543e+01 1.222479363963824728e+00
1.111168470962923571e+01 1.221479070090835339e+00
1.109101008445589542e+01 1.217725187546923049e+00
1.108052201282699478e+01 1.215659977567539629e+00
1.107179736013357108e+01 1.213971305003010537e+00
1.105204888397414642e+01 1.210217422459098024e+00
1.104394797600025235e+01 1.208614434573164420e+00
1.103288731880498474e+01 1.206463539915185512e+00
1.101393923694485366e+01 1.202709657371273000e+00
1.100737393917351170e+01 1.201341528328899289e+00
1.099570161819080738e+01 1.198955774827360710e+00
1.097774308024214740e+01 1.195201892283448197e+00
1.097079990234677105e+01 1.193677410553132701e+00
1.096045041888531557e+01 1.191448009739535685e+00
1.094376038018813802e+01 1.187694127195623173e+00
1.093422586552003040e+01 1.185484374809129049e+00
1.092744308624920713e+01 1.183940244651710660e+00
1.091193390961610277e+01 1.180186362107798370e+00
1.089769052730684962e+01 1.176432479563885858e+00
1.089765182869328797e+01 1.176422122989341457e+00
1.088339810385735262e+01 1.172678597019973346e+00
1.087040073210614821e+01 1.168924714476060833e+00
1.086107779186654909e+01 1.166276915458068775e+00
1.085711208013809781e+01 1.165170831932148321e+00
1.084541134932245399e+01 1.161416949388236031e+00
1.083475456861811992e+01 1.157663066844323518e+00
1.082537505550591206e+01 1.153909184300411006e+00
1.082450375503980666e+01 1.153482058160956392e+00
1.081761039068531893e+01 1.150155301756498494e+00
1.081113643668736124e+01 1.146401419212586203e+00
1.080622314921535043e+01 1.142647536668673691e+00
1.080285642706440541e+01 1.138893654124761179e+00
1.080151504885335534e+01 1.135139771580848667e+00
1.080365523115715831e+01 1.131385889036936376e+00
1.080834818472415471e+01 1.127632006493023864e+00
1.081738904442400795e+01 1.123878123949111352e+00
1.082450375503980666e+01 1.121712623255874286e+00
1.083071893558801690e+01 1.120124241405198839e+00
1.085121469729678267e+01 1.116370358861286327e+00
1.086107779186654554e+01 1.114991866685968613e+00
1.088232636294550204e+01 1.112616476317374037e+00
1.089765182869328797e+01 1.111250709361490729e+00
1.093278413876918265e+01 1.108862593773461525e+00
1.093422586552003040e+01 1.108775515381818844e+00
1.097079990234676927e+01 1.107054027171147537e+00
1.100737393917351170e+01 1.105859716267074244e+00
1.104379534907327098e+01 1.105108711229549012e+00
1.104394797600025235e+01 1.105105729753677046e+00
