9.564590975977978360e+00 1.115700850031270841e+00
9.583942035150410987e+00 1.115225184691392313e+00
9.603293094322841839e+00 1.115031652208568813e+00
9.622644153495272690e+00 1.114874205343146851e+00
9.641995212667705317e+00 1.114938479806966587e+00
9.661346271840136168e+00 1.115009167080010410e+00
9.680697331012568796e+00 1.115249401807973495e+00
9.700048390184999647e+00 1.115503706933461014e+00
9.713542038081900643e+00 1.115722680400071276e+00
9.719399449357432275e+00 1.115812704056108551e+00
9.738750508529863126e+00 1.116044002271986635e+00
9.758101567702293977e+00 1.116400065732332081e+00
9.777452626874726604e+00 1.116764862108243550e+00
9.796803686047157456e+00 1.117162670693450099e+00
9.816154745219588307e+00 1.117567185061215662e+00
9.835505804392020934e+00 1.118037466394647739e+00
9.854856863564451785e+00 1.118549929463440673e+00
9.857852824544382386e+00 1.118625509102185944e+00
9.874207922736884413e+00 1.119013861325671932e+00
9.893558981909315264e+00 1.119539077774533098e+00
9.912910041081747892e+00 1.120118230809317161e+00
9.932261100254178743e+00 1.120770179499679386e+00
9.951612159426609594e+00 1.121401903416944235e+00
9.954975374535219856e+00 1.121528337804300612e+00
9.970963218599042222e+00 1.122089175516880699e+00
9.990314277771473073e+00 1.122761639728125482e+00
1.000966533694390570e+01 1.123548348986345591e+00
1.002901639611633655e+01 1.124431147633790040e+00
1.002901679759048115e+01 1.124431166506415281e+00
1.004836745528876918e+01 1.125258447767563563e+00
1.006771851446120003e+01 1.126149995513050062e+00
1.008706957363363088e+01 1.127019829192299261e+00
1.009347552708825546e+01 1.127333995208529949e+00
1.010642063280606351e+01 1.127942006841010647e+00
1.012577169197849436e+01 1.128936825758077633e+00
1.014512275115092521e+01 1.129965574076331913e+00
1.015003146486016306e+01 1.130236823910644617e+00
1.016447381032335784e+01 1.131002388572432515e+00
1.018382486949578869e+01 1.132034244016955959e+00
1.020310127818980028e+01 1.133139652612759285e+00
1.020317592866822132e+01 1.133143647234206686e+00
1.022252698784065217e+01 1.134203351082366584e+00
1.024187804701308480e+01 1.135260751373193155e+00
1.025479471235011530e+01 1.136042481314873953e+00
1.026122910618551742e+01 1.136418668579371571e+00
1.028058016535794650e+01 1.137544500130144298e+00
1.029993122453037913e+01 1.138759724753243940e+00
1.030286797780124886e+01 1.138945310016988621e+00
1.031928228370280998e+01 1.139902970453555486e+00
1.033863334287524260e+01 1.141098580231672432e+00
1.035074835281947969e+01 1.141848138719103289e+00
1.035798440204767346e+01 1.142277140514576184e+00
1.037733546122010608e+01 1.143477433151297573e+00
1.039668652039253693e+01 1.144631738553589351e+00
1.039854586299729888e+01 1.144750967421217958e+00
1.041603757956496779e+01 1.145826790769584269e+00
1.043538863873740041e+01 1.147074826326991426e+00
1.044433611287431773e+01 1.147653796123332626e+00
1.045473969790983304e+01 1.148272693555643542e+00
1.047409075708226212e+01 1.149393400617191308e+00
1.049288724279681695e+01 1.150556624825447072e+00
1.049344181625469474e+01 1.150589277891034268e+00
1.051279287542712559e+01 1.151645441520940727e+00
1.053214393459955822e+01 1.152799187041606110e+00
1.054367294721286008e+01 1.153459453527561740e+00
1.055149499377198907e+01 1.153887244959563629e+00
1.057084605294442170e+01 1.155083159590892361e+00
1.059019711211685255e+01 1.156230012368031135e+00
1.059255307712084182e+01 1.156362282229676408e+00
1.060954817128928340e+01 1.157271958772834175e+00
1.062889923046171603e+01 1.158388904539358499e+00
1.064303425342255238e+01 1.159265110931791076e+00
1.064825028963414688e+01 1.159574809377110549e+00
1.066760134880657951e+01 1.160636332818346883e+00
1.068695240797901036e+01 1.161759786336204803e+00
1.069402442578791934e+01 1.162167939633905744e+00
1.070630346715144299e+01 1.162814745207909173e+00
1.072565452632387384e+01 1.163825195344444730e+00
1.074500558549630469e+01 1.164942940388913550e+00
1.074732181853184443e+01 1.165070768336020413e+00
1.076435664466873732e+01 1.165977674973283529e+00
1.078370770384116817e+01 1.167096046949786636e+00
1.079837761205618918e+01 1.167973597038135081e+00
1.080305876301359902e+01 1.168236358464657121e+00
1.082240982218603165e+01 1.169286590724179398e+00
1.084176088135846427e+01 1.170440803160796239e+00
1.084942239105406614e+01 1.170876425740249749e+00
1.086111194053089513e+01 1.171520888747887623e+00
1.088046299970332598e+01 1.172591093683686747e+00
1.089981405887575860e+01 1.173735421743991481e+00
1.090054872830546273e+01 1.173779254442364417e+00
1.091916511804818946e+01 1.174852539843640908e+00
1.093851617722061853e+01 1.175913084657970398e+00
1.095182810284473263e+01 1.176682083144479085e+00
1.095786723639305293e+01 1.177021646287667256e+00
1.097721829556548556e+01 1.178050976087591906e+00
1.099656935473791464e+01 1.179222412487759497e+00
1.100335615321473881e+01 1.179584911846593753e+00
1.101592041391034726e+01 1.180214070219414602e+00
1.103527147308277989e+01 1.181141736161138489e+00
1.105462253225521074e+01 1.182084601992217987e+00
1.106317352882097893e+01 1.182487740548708421e+00
1.107397359142764159e+01 1.182985515895309536e+00
1.109332465060007422e+01 1.183840242747227212e+00
1.111267570977250330e+01 1.184727422357569226e+00
1.112715819803309003e+01 1.185390569250823090e+00
1.113202676894493592e+01 1.185640730530353570e+00
1.115137782811736855e+01 1.186670991278493847e+00
1.117072888728980118e+01 1.187683866240800468e+00
1.118080098424110780e+01 1.188293397952937758e+00
1.119007994646223381e+01 1.188736738195239173e+00
1.120943100563466288e+01 1.189603180475052646e+00
1.122878206480709551e+01 1.190437922104750079e+00
1.124479320299050755e+01 1.191196226655052426e+00
1.124813312397952636e+01 1.191352519900151563e+00
1.126748418315195721e+01 1.192267143828872999e+00
1.128683524232438984e+01 1.193257120116637982e+00
1.130290773595008957e+01 1.194099055357167094e+00
1.130618630149682247e+01 1.194286930924358003e+00
1.132553736066925154e+01 1.195498769225619817e+00
1.134488841984168239e+01 1.196632076675553602e+00
1.135019258984184631e+01 1.197001884059281762e+00
1.136423947901411680e+01 1.197820587971222039e+00
1.138359053818654587e+01 1.198921149316341639e+00
1.139945566102358931e+01 1.199904712761396430e+00
1.140294159735897850e+01 1.200107341428230168e+00
1.142229265653141113e+01 1.201328727286599118e+00
1.144164371570384020e+01 1.202428535640419405e+00
1.144859565665309376e+01 1.202807541463511098e+00
1.146099477487627283e+01 1.203479132543804786e+00
1.148034583404870546e+01 1.204701308831875650e+00
1.149930894270281989e+01 1.205710370165625767e+00
1.149969689322113808e+01 1.205730308918362859e+00
1.151904795239356893e+01 1.206794837114557817e+00
1.153839901156599979e+01 1.207953917936751553e+00
1.155070956929287362e+01 1.208613198867740435e+00
1.155775007073843241e+01 1.208993615929026655e+00
1.157710112991086326e+01 1.210111858909923788e+00
1.159645218908329412e+01 1.211068554855856405e+00
1.160331896634419024e+01 1.211516027569855103e+00
1.161580324825572674e+01 1.212259458462147332e+00
1.163515430742815937e+01 1.213109967049443849e+00
1.165450536660058667e+01 1.214380047866286061e+00
1.165518515616233053e+01 1.214418856271969771e+00
1.167385642577302107e+01 1.215525726026975617e+00
1.169320748494545370e+01 1.216496053738615357e+00
1.170582890753581040e+01 1.217321684974084439e+00
1.171255854411788278e+01 1.217815394435419085e+00
1.173190960329031540e+01 1.219046006301707896e+00
1.175126066246274803e+01 1.220184116115645701e+00
1.175180257000396900e+01 1.220224513676199329e+00
1.177061172163517888e+01 1.221464627201024555e+00
1.178996278080760973e+01 1.222990002359282125e+00
1.179155079412133666e+01 1.223127342378313775e+00
1.180931383998004236e+01 1.224668962494949387e+00
1.182432930158382334e+01 1.226030171080428444e+00
1.182866489915247499e+01 1.226402598429346291e+00
1.184801595832490584e+01 1.227959397792858010e+00
1.185829793674027499e+01 1.228932999782543112e+00
1.186736701749733669e+01 1.229788269752310592e+00
1.188671807666976754e+01 1.231814041658061187e+00
1.188692719313361401e+01 1.231835828484657780e+00
1.190606913584220017e+01 1.233849464109404881e+00
1.191492983381444759e+01 1.234738657186772448e+00
1.192542019501463102e+01 1.235831188436445238e+00
1.194208362979459181e+01 1.237641485888887116e+00
1.194477125418706365e+01 1.237924124181567720e+00
1.196412231335949627e+01 1.240508244530539317e+00
1.196444494124073721e+01 1.240544314591001784e+00
1.198347337253192535e+01 1.242753688192600459e+00
1.198884012372581154e+01 1.243447143293116453e+00
1.200282443170435798e+01 1.245081328937231113e+00
1.201309519950318361e+01 1.246349971995231121e+00
1.202217549087679060e+01 1.247488200748254172e+00
1.203887166220180838e+01 1.249252800697345789e+00
1.204152655004922146e+01 1.249546882651755286e+00
1.206087760922165231e+01 1.251840900037159754e+00
1.206328358263183809e+01 1.252155629399460235e+00
1.208022866839408493e+01 1.254202645284510087e+00
1.208714885933654948e+01 1.255058458101575125e+00
1.209957972756651579e+01 1.256807667594092903e+00
1.210866546898682650e+01 1.257961286803689793e+00
1.211893078673894664e+01 1.259127776088543982e+00
1.213201536444494799e+01 1.260864115505804461e+00
1.213828184591137926e+01 1.261735100190285008e+00
1.215247157172721515e+01 1.263766944207919130e+00
1.215763290508381189e+01 1.264506193687862545e+00
1.217181807250255687e+01 1.266669772910033798e+00
1.217698396425624274e+01 1.267412062425209207e+00
1.219247341689825959e+01 1.269572601612148244e+00
1.219633502342867359e+01 1.270133182708001796e+00
1.221243534022869248e+01 1.272475430314262912e+00
1.221568608260110622e+01 1.272943187021076339e+00
1.223293894610734789e+01 1.275378259016377580e+00
1.223503714177353707e+01 1.275675324856722082e+00
1.225226143443168780e+01 1.278281087718492248e+00
1.225438820094596792e+01 1.278595292603402545e+00
1.227047329454360813e+01 1.281183916420606916e+00
1.227373926011840055e+01 1.281718395956959800e+00
1.228805207118801945e+01 1.284086745122721585e+00
1.229309031929083318e+01 1.284895522623785924e+00
1.230712043607445239e+01 1.286989573824836253e+00
1.231244137846326225e+01 1.287840914785582491e+00
1.232443801379667647e+01 1.289892402526950921e+00
1.233179243763569488e+01 1.291211874747811628e+00
1.234075707034634561e+01 1.292795231229065589e+00
1.235114349680812751e+01 1.294611592910714482e+00
1.235731067511650849e+01 1.295698059931180257e+00
1.237049455598055836e+01 1.297954600009753712e+00
1.237412711550217104e+01 1.298600888633294703e+00
1.238984561515298921e+01 1.301472535932412633e+00
1.239002339971480993e+01 1.301503717335409593e+00
1.240659625972260294e+01 1.304406546037524262e+00
1.240919667432542184e+01 1.304885110507109980e+00
1.242145450319981492e+01 1.307309374739638930e+00
1.242854773349785269e+01 1.308667263751130516e+00
1.243652288415466600e+01 1.310212203441753598e+00
1.244789879267028354e+01 1.312427413634139617e+00
1.245143046716577828e+01 1.313115032143868266e+00
1.246459292858401469e+01 1.316017860845982934e+00
1.246724985184271617e+01 1.316552756238909883e+00
1.247866936310336428e+01 1.318920689548097602e+00
1.248660091101514880e+01 1.320671260751992815e+00
1.249180744568617740e+01 1.321823518250212270e+00
1.250535339667201917e+01 1.324726346952326939e+00
1.250595197018757965e+01 1.324856218869858049e+00
1.251918873627062467e+01 1.327629175654441607e+00
1.252530302936001050e+01 1.328924387183534339e+00
1.253228030965876272e+01 1.330532004356556275e+00
1.254465408853244313e+01 1.333332673546129277e+00
1.254515164249376369e+01 1.333434833058670943e+00
1.255865005372347021e+01 1.336337661760785611e+00
1.256400514770487575e+01 1.337385149409433760e+00
1.257280849054758853e+01 1.339240490462900279e+00
1.258335620687730483e+01 1.341533390456857600e+00
1.258616735559726152e+01 1.342143319165014947e+00
1.259888278425693464e+01 1.345046147867129616e+00
1.260270726604973746e+01 1.345897371574018120e+00
1.261172544337183155e+01 1.347948976569244284e+00
1.262205832522217186e+01 1.350128701902906680e+00
1.262551188677901237e+01 1.350851805271358952e+00
1.263954191274981120e+01 1.353754633973473620e+00
1.264140938439459916e+01 1.354169621591616357e+00
1.265267523985071030e+01 1.356657462675588288e+00
1.266076044356703179e+01 1.358350069780924541e+00
1.266625541568515168e+01 1.359560291377702956e+00
1.268011150273946441e+01 1.362462763242466401e+00
1.268011321462415886e+01 1.362463120079817624e+00
1.269413650639298652e+01 1.365365948781932293e+00
1.269946256191189526e+01 1.366465491395143061e+00
1.270865295016059093e+01 1.368268777484046961e+00
1.271881362108432612e+01 1.370260839149039622e+00
1.272316762285085190e+01 1.371171606186161629e+00
1.273711318430946271e+01 1.374074434888276297e+00
1.273816468025675874e+01 1.374284552414935856e+00
1.275165293424179680e+01 1.376977263590390965e+00
1.275751573942918959e+01 1.378230915535114676e+00
1.276515321776718892e+01 1.379880092292505633e+00
1.277686679860162222e+01 1.382331782206005055e+00
1.277902212077230359e+01 1.382782920994620302e+00
1.279288254781802614e+01 1.385685749696734970e+00
1.279621785777405307e+01 1.386405608734612160e+00
1.280618813106824305e+01 1.388588578398849638e+00
1.281556891694648570e+01 1.390370808099870459e+00
1.282162713966757650e+01 1.391491407100964306e+00
1.283491997611891478e+01 1.394095602803630429e+00
1.283644672429629985e+01 1.394394235803079196e+00
1.285097226645013180e+01 1.397297064505193642e+00
1.285427103529134740e+01 1.397951294369158770e+00
1.286573417874701875e+01 1.400199893207308310e+00
1.287362209446378003e+01 1.401749920854013176e+00
1.288043263276152928e+01 1.403102721909422979e+00
1.289297315363621088e+01 1.405801171980254116e+00
1.289394731474326683e+01 1.406005550611537647e+00
1.290810517297226845e+01 1.408908379313652315e+00
1.291232421280864173e+01 1.409778172558603604e+00
1.292214771749006275e+01 1.411811208015766983e+00
1.293167527198107436e+01 1.413893617331988262e+00
1.293542455342397623e+01 1.414714036717881651e+00
1.294816736694300907e+01 1.417616865419996319e+00
1.295102633115350699e+01 1.418235295607740643e+00
1.296193237005527266e+01 1.420519694122110987e+00
1.297037739032593429e+01 1.422355898282119835e+00
1.297521255316990008e+01 1.423422522824225656e+00
1.298795648535554648e+01 1.426325351526340324e+00
1.298972844949836869e+01 1.426746955625594504e+00
1.300074658001926053e+01 1.429228180228454992e+00
1.300907950867079954e+01 1.431235723823300221e+00
1.301291623007179687e+01 1.432131008930569660e+00
1.302581077114458097e+01 1.435033837632684328e+00
1.302843056784323217e+01 1.435718771915280190e+00
1.303696875754072870e+01 1.437936666334798996e+00
1.304778162701566302e+01 1.440668430918355725e+00
1.304848295356789656e+01 1.440839495036913664e+00
1.305956274892695745e+01 1.443742323739028333e+00
1.306713268618809565e+01 1.445786551251307062e+00
1.307038661995360052e+01 1.446645152441143001e+00
1.308091658220696729e+01 1.449547981143257669e+00
1.308648374536052650e+01 1.451123602834442750e+00
1.309143853174926520e+01 1.452450809845372337e+00
1.310135336827612740e+01 1.455353638547487005e+00
1.310583480453295735e+01 1.456828517487493535e+00
1.311009678982449245e+01 1.458256467249601673e+00
1.311905999453231075e+01 1.461159295951716341e+00
1.312518586370538998e+01 1.463267296266010709e+00
1.312769963785610017e+01 1.464062124653831010e+00
1.313771249500053706e+01 1.466964953355945678e+00
1.314453692287782260e+01 1.468961006549503789e+00
1.314752712319434025e+01 1.469867782058060124e+00
1.315607060126373185e+01 1.472770610760175014e+00
1.316388798205025346e+01 1.475360360662799852e+00
1.316480800989419464e+01 1.475673439462289682e+00
1.317349019904592566e+01 1.478576268164404350e+00
1.318216524809859536e+01 1.481479096866519019e+00
1.318323904122268431e+01 1.481797644627564914e+00
1.319241223123365003e+01 1.484381925568633687e+00
1.320076083752033647e+01 1.487284754270748355e+00
1.320259010039511693e+01 1.487829699217479540e+00
1.321064742005602710e+01 1.490187582972863023e+00
1.322019820317435901e+01 1.493090411674977691e+00
1.322194115956754779e+01 1.493632351595847840e+00
1.322951589890464774e+01 1.495993240377092359e+00
1.323909976362224583e+01 1.498896069079206805e+00
1.324129221873997864e+01 1.499590778019951554e+00
1.324846615633991931e+01 1.501798897781321696e+00
1.325810571821179629e+01 1.504701726483436142e+00
1.326064327791241126e+01 1.505461704179036353e+00
1.326806882904964979e+01 1.507604555185550810e+00
1.327820895321354833e+01 1.510507383887665478e+00
1.327999433708484389e+01 1.510998594485766677e+00
1.328946045233371542e+01 1.513410212589780368e+00
1.329934539625727297e+01 1.516049666843301225e+00
1.330033852393598970e+01 1.516313041291894814e+00
1.331149543762459686e+01 1.519215869994009482e+00
1.331869645542970382e+01 1.521139203238359716e+00
1.332298015242563771e+01 1.522118698696123928e+00
1.333610076282214507e+01 1.525021527398238819e+00
1.333804751460213822e+01 1.525452359073661945e+00
1.334780324246787053e+01 1.527924356100353487e+00
1.335739857377456907e+01 1.530565185077518819e+00
1.335841639066728703e+01 1.530827184802468155e+00
1.336907674048596917e+01 1.533730013504582823e+00
1.337674963294699992e+01 1.535744046157623721e+00
1.338018383060374816e+01 1.536632842206697491e+00
1.339118706377418810e+01 1.539535670908812159e+00
1.339610069211943255e+01 1.540772314542411259e+00
1.340309905591549011e+01 1.542438499610926605e+00
1.341413545693143661e+01 1.545341328313041496e+00
1.341545175129186340e+01 1.545693315946593760e+00
1.342537136044450108e+01 1.548244157015156164e+00
1.343480281046429425e+01 1.550875552981135552e+00
1.343580920525081623e+01 1.551146985717270832e+00
1.344652562991668887e+01 1.554049814419385500e+00
1.345415386963672688e+01 1.556263425118146637e+00
1.345660546967401494e+01 1.556952643121500168e+00
1.346632227325215325e+01 1.559855471823614836e+00
1.347350492880915951e+01 1.562105527893867141e+00
1.347557297344707194e+01 1.562758300525729505e+00
1.348494126926029146e+01 1.565661129227844173e+00
1.349285598798159036e+01 1.568219171923878053e+00
1.349405022020617650e+01 1.568563957929958619e+00
1.350367978875277331e+01 1.571466786632073509e+00
1.351220704715402121e+01 1.574219348731228374e+00
1.351269385356299146e+01 1.574369615334188177e+00
1.352214922341037351e+01 1.577272444036302845e+00
1.353116502291489986e+01 1.580175272738417291e+00
1.353155810632645384e+01 1.580300376458324996e+00
1.354056062530682070e+01 1.583078101440531960e+00
1.355031356501903694e+01 1.585980930142646628e+00
1.355090916549888469e+01 1.586161615845927741e+00
1.356013570968342918e+01 1.588883758844761296e+00
1.356905605214372379e+01 1.591786587546875964e+00
1.357026022467131554e+01 1.592171145006640476e+00
1.357854301429058452e+01 1.594689416248990632e+00
1.358789570203064656e+01 1.597592244951105300e+00
1.358961128384374817e+01 1.598112567995989108e+00
1.359766782499304583e+01 1.600495073653219968e+00
1.360695424135840348e+01 1.603397902355334637e+00
1.360896234301618080e+01 1.604045985317506640e+00
1.361642344535783522e+01 1.606300731057449305e+00
1.362624237062192734e+01 1.609203559759563973e+00
1.362831340218860987e+01 1.609812569540101990e+00
1.363632169345228107e+01 1.612106388461678641e+00
1.364588666138228135e+01 1.615009217163793309e+00
1.364766446136104250e+01 1.615518469606519458e+00
1.365624058976039912e+01 1.617912045865907977e+00
1.366587635180646387e+01 1.620814874568022645e+00
1.366701552053347513e+01 1.621160297060827205e+00
1.367565565785250037e+01 1.623717703270137314e+00
1.368492822248879293e+01 1.626620531972251982e+00
1.368636657970590420e+01 1.627055075327466627e+00
1.369500374388061203e+01 1.629523360674366650e+00
1.370472497228517561e+01 1.632426189376481318e+00
1.370571763887833683e+01 1.632721689685176614e+00
1.371471852531217905e+01 1.635329018078595986e+00
1.372439434270599179e+01 1.638231846780710654e+00
1.372506869805076946e+01 1.638435532912699166e+00
1.373466410992154607e+01 1.641134675482825322e+00
1.374441975722320031e+01 1.643898264700913270e+00
1.374491584888222917e+01 1.644037504184939991e+00
1.375439525131735508e+01 1.646940332887054659e+00
1.376377081639563116e+01 1.649826657724777546e+00
1.376382698908460611e+01 1.649843161589169327e+00
1.377401064329563773e+01 1.652745990291283995e+00
1.378312187556806379e+01 1.655492583975819887e+00
1.378364841641896454e+01 1.655648818993398663e+00
1.379304405379699894e+01 1.658551647695513331e+00
1.380188716119255687e+01 1.661454476397628000e+00
1.380247293474049641e+01 1.661647954196876942e+00
1.381118183430973367e+01 1.664357305099742668e+00
1.382003345345476930e+01 1.667260133801857336e+00
1.382182399391292726e+01 1.667872544833944204e+00
1.382887329127641252e+01 1.670162962503972004e+00
1.383783994651208005e+01 1.673065791206086672e+00
1.384117505308535812e+01 1.674238652745226208e+00
1.384627272815637866e+01 1.675968619908201340e+00
1.385492892618600180e+01 1.678871448610316008e+00
1.386052611225779074e+01 1.680801736296136051e+00
1.386346347979644733e+01 1.681774277312430455e+00
1.387119706308816092e+01 1.684677106014545345e+00
1.387905552555524835e+01 1.687579934716660013e+00
1.387987717143022159e+01 1.687899597418148101e+00
1.388693249727358747e+01 1.690482763418774681e+00
1.389421672638737171e+01 1.693385592120889349e+00
1.389922823060265067e+01 1.695525291708485316e+00
1.390112330946191932e+01 1.696288420823004017e+00
1.390785106610939081e+01 1.699191249525118685e+00
1.391389091622075291e+01 1.702094078227233354e+00
1.391857928977508507e+01 1.704399395162622843e+00
1.391985149017346579e+01 1.704996906929348022e+00
1.392540971538274519e+01 1.707899735631462690e+00
1.393057050204440372e+01 1.710802564333577358e+00
1.393517128996474952e+01 1.713705393035692026e+00
1.393793034894751770e+01 1.715449818131045578e+00
1.393986666038127353e+01 1.716608221737806694e+00
1.394350747234025434e+01 1.719511050439921362e+00
1.394565917513131836e+01 1.722413879142036031e+00
1.394710107172480740e+01 1.725316707844150699e+00
1.394764117057575525e+01 1.728219536546265367e+00
1.394675523815318030e+01 1.731122365248380035e+00
1.394340730669174988e+01 1.734025193950494703e+00
1.393857086686126934e+01 1.736928022652609371e+00
1.393793034894751770e+01 1.737122981204038297e+00
1.392668035584848241e+01 1.739830851354724039e+00
1.391857928977508507e+01 1.741308866959046409e+00
1.390736383291322831e+01 1.742733680056838708e+00
1.389922823060265245e+01 1.743492829843624303e+00
1.387987717143022337e+01 1.744481655938006526e+00
1.386052611225779074e+01 1.745180414099260169e+00
1.384117505308535812e+01 1.745425030217195639e+00
1.382182399391292726e+01 1.745343435481090610e+00
1.380247293474049641e+01 1.745234159791290374e+00
1.378312187556806379e+01 1.744786058210287427e+00
1.376377081639563116e+01 1.744339710713606273e+00
1.374441975722320031e+01 1.743712148205641466e+00
1.372506869805076946e+01 1.743001651756353354e+00
1.371920965225294964e+01 1.742733680056838708e+00
1.370571763887833683e+01 1.742142692699236939e+00
1.368636657970590420e+01 1.741273247212466346e+00
1.366701552053347690e+01 1.740229806155690451e+00
1.365984648649978084e+01 1.739830851354724039e+00
1.364766446136104250e+01 1.739199144930418939e+00
1.362831340218860987e+01 1.738053934640662934e+00
1.360896604804333876e+01 1.736928022652609371e+00
1.360896234301618080e+01 1.736927821063730448e+00
1.358961128384374817e+01 1.735741473895081599e+00
1.357026022467131554e+01 1.734328851424610907e+00
1.356602119158744379e+01 1.734025193950494703e+00
1.355090916549888469e+01 1.733011787910837764e+00
1.353155810632645384e+01 1.731595614381955084e+00
1.352559005910548606e+01 1.731122365248380035e+00
1.351220704715402121e+01 1.730115946437764896e+00
1.349285598798159036e+01 1.728621196203416144e+00
1.348800236941025332e+01 1.728219536546265367e+00
1.347350492880915951e+01 1.727026661557006015e+00
1.345426084043998216e+01 1.725316707844150699e+00
1.345415386963672688e+01 1.725307674025805316e+00
1.343480281046429425e+01 1.723624792463817279e+00
1.342161447109455175e+01 1.722413879142036031e+00
1.341545175129186340e+01 1.721881928757852398e+00
1.339610069211943255e+01 1.720085147789803148e+00
1.338990914551965261e+01 1.719511050439921362e+00
1.337674963294699992e+01 1.718349816635789562e+00
1.335851006922549367e+01 1.716608221737806694e+00
1.335739857377456907e+01 1.716509517241140648e+00
1.333804751460213822e+01 1.714714578478730100e+00
1.332768390992801244e+01 1.713705393035692026e+00
1.331869645542970559e+01 1.712824606168802166e+00
1.329934539625727297e+01 1.710932396726732474e+00
1.329808733669028342e+01 1.710802564333577358e+00
1.327999433708484389e+01 1.709067509720876732e+00
1.326849339646923376e+01 1.707899735631462690e+00
1.326064327791241126e+01 1.707128663466261465e+00
1.324129221873997864e+01 1.705170510341423418e+00
1.323961381904044821e+01 1.704996906929348022e+00
1.322194115956754779e+01 1.703243811641504291e+00
1.321094115261974622e+01 1.702094078227233354e+00
1.320259010039511693e+01 1.701266043115620352e+00
1.318323904122268431e+01 1.699271427277253110e+00
1.318250207696849863e+01 1.699191249525118685e+00
1.316388798205025523e+01 1.697172317587776647e+00
1.315586588140492097e+01 1.696288420823004017e+00
1.314453692287782260e+01 1.695097554634624304e+00
1.312852558188067320e+01 1.693385592120889349e+00
1.312518586370538998e+01 1.693043896150439265e+00
1.310583480453295557e+01 1.690902906219613033e+00
1.310199541605238593e+01 1.690482763418774681e+00
1.308648374536052650e+01 1.688837748414749651e+00
1.307487904091730613e+01 1.687579934716660013e+00
1.306713268618809565e+01 1.686786990842014999e+00
1.304778162701566302e+01 1.684693776627820050e+00
1.304763218993871554e+01 1.684677106014545345e+00
1.302843056784323394e+01 1.682590578588068597e+00
1.302116382185926469e+01 1.681774277312430677e+00
1.300907950867080132e+01 1.680456220536851841e+00
1.299522539418186184e+01 1.678871448610316008e+00
1.298972844949836869e+01 1.678267623529529740e+00
1.297037739032593429e+01 1.676084895031051625e+00
1.296939713754399293e+01 1.675968619908201340e+00
1.295102633115350699e+01 1.673860391567358885e+00
1.294404453121885190e+01 1.673065791206086672e+00
1.293167527198107436e+01 1.671690805819781689e+00
1.291830000404580048e+01 1.670162962503972004e+00
1.291232421280864173e+01 1.669510270479716896e+00
1.289345193770664011e+01 1.667260133801857336e+00
1.289297315363621088e+01 1.667204800340313930e+00
1.287362209446378003e+01 1.665010841459529267e+00
1.286809623419717141e+01 1.664357305099742668e+00
1.285427103529134740e+01 1.662782909808322884e+00
1.284283162329458960e+01 1.661454476397628000e+00
1.283491997611891655e+01 1.660553547931399310e+00
1.281815288535836217e+01 1.658551647695513331e+00
1.281556891694648570e+01 1.658256082689095745e+00
1.279621785777405307e+01 1.655972022076073635e+00
1.279356050699559333e+01 1.655648818993398663e+00
1.277686679860161867e+01 1.653668689138116044e+00
1.276917393235448905e+01 1.652745990291283995e+00
1.275751573942918959e+01 1.651389582018925051e+00
1.274483382223908734e+01 1.649843161589169327e+00
1.273816468025675874e+01 1.649064520922915111e+00
1.272059756091118743e+01 1.646940332887054659e+00
1.271881362108432612e+01 1.646727282791810243e+00
1.269946256191189526e+01 1.644370523723176047e+00
1.269679066122710154e+01 1.644037504184939991e+00
1.268011150273946441e+01 1.642047507347919932e+00
1.267266953734983304e+01 1.641134675482825322e+00
1.266076044356703179e+01 1.639703059194286494e+00
1.264887210234446613e+01 1.638231846780710654e+00
1.264140938439459916e+01 1.637356801980273557e+00
1.262470170934484237e+01 1.635329018078595986e+00
1.262205832522217008e+01 1.635008007166936395e+00
1.260270726604973746e+01 1.632530745074022960e+00
1.260188917836864064e+01 1.632426189376481318e+00
1.258335620687730483e+01 1.630158879632134017e+00
1.257824855376039963e+01 1.629523360674366872e+00
1.256400514770487220e+01 1.627810373075915695e+00
1.255471252098735135e+01 1.626620531972251982e+00
1.254465408853244313e+01 1.625355885133055178e+00
1.253159406732791936e+01 1.623717703270137314e+00
1.252530302936001050e+01 1.622954247908363845e+00
1.250836562668932928e+01 1.620814874568022645e+00
1.250595197018757965e+01 1.620513550480286336e+00
1.248660091101514880e+01 1.618046991800160539e+00
1.248555343365703862e+01 1.617912045865907977e+00
1.246724985184271617e+01 1.615633796586672499e+00
1.246232156522276568e+01 1.615009217163793309e+00
1.244789879267028354e+01 1.613238790613972462e+00
1.243907496708991012e+01 1.612106388461678641e+00
1.242854773349785269e+01 1.610780903473971737e+00
1.241631941622468105e+01 1.609203559759563973e+00
1.240919667432542184e+01 1.608306025392950644e+00
1.239366500993937237e+01 1.606300731057449305e+00
1.238984561515298921e+01 1.605815438383753957e+00
1.237152647784206749e+01 1.603397902355334637e+00
1.237049455598055836e+01 1.603267008289506634e+00
1.235114349680812751e+01 1.600765700171519645e+00
1.234907417568708077e+01 1.600495073653219968e+00
1.233179243763569488e+01 1.598291426133623183e+00
1.232647181482749410e+01 1.597592244951105300e+00
1.231244137846326225e+01 1.595813122827615338e+00
1.230383267247188428e+01 1.594689416248990632e+00
1.229309031929083318e+01 1.593322687911028712e+00
1.228140992696865297e+01 1.591786587546875964e+00
1.227373926011840055e+01 1.590797308837112123e+00
1.225911504474280456e+01 1.588883758844761296e+00
1.225438820094596792e+01 1.588277476849560221e+00
1.223699390885036031e+01 1.585980930142646628e+00
1.223503714177353707e+01 1.585728222691030975e+00
1.221568608260110622e+01 1.583149542778297114e+00
1.221514866968122703e+01 1.583078101440531960e+00
1.219633502342867359e+01 1.580645828815198772e+00
1.219282876452693642e+01 1.580175272738417291e+00
1.217698396425624452e+01 1.578107483978507863e+00
1.217075886290723119e+01 1.577272444036302845e+00
1.215763290508381189e+01 1.575544709540728894e+00
1.214892514424398762e+01 1.574369615334187955e+00
1.213828184591137926e+01 1.572980340647055719e+00
1.212695462655819334e+01 1.571466786632073509e+00
1.211893078673894664e+01 1.570415408964205728e+00
1.210516975048922461e+01 1.568563957929958841e+00
1.209957972756651579e+01 1.567823087572570717e+00
1.208355778706988914e+01 1.565661129227844173e+00
1.208022866839408493e+01 1.565219803866391812e+00
1.206217787239857131e+01 1.562758300525729283e+00
1.206087760922165231e+01 1.562586868634962212e+00
1.204152655004922323e+01 1.559990684878798550e+00
1.204053659310831215e+01 1.559855471823614836e+00
1.202217549087679060e+01 1.557371720933823811e+00
1.201914507729445880e+01 1.556952643121500168e+00
1.200282443170435798e+01 1.554743044129473173e+00
1.199775880275127093e+01 1.554049814419385500e+00
1.198347337253192535e+01 1.552155279863109527e+00
1.197615068353358936e+01 1.551146985717271054e+00
1.196412231335949627e+01 1.549525676993592338e+00
1.195468606305723114e+01 1.548244157015155942e+00
1.194477125418706365e+01 1.546918507941247967e+00
1.193339203782662494e+01 1.545341328313041496e+00
1.192542019501463102e+01 1.544252072988860913e+00
1.191233482258775034e+01 1.542438499610926828e+00
1.190606913584220017e+01 1.541587538369629140e+00
1.189152085910452605e+01 1.539535670908812381e+00
1.188671807666976932e+01 1.538874125721159780e+00
1.187049153765100051e+01 1.536632842206697491e+00
1.186736701749733669e+01 1.536203233946542124e+00
1.184964307485140722e+01 1.533730013504582823e+00
1.184801595832490584e+01 1.533508079160780246e+00
1.182897110576446309e+01 1.530827184802468155e+00
1.182866489915247499e+01 1.530785064376723126e+00
1.180931383998004236e+01 1.528114225898200562e+00
1.180795651535476054e+01 1.527924356100353487e+00
1.178996278080760973e+01 1.525425853426229938e+00
1.178712956886565344e+01 1.525021527398238819e+00
1.177061172163517710e+01 1.522723643613742794e+00
1.176632698424781864e+01 1.522118698696124151e+00
1.175126066246274803e+01 1.520017864957656117e+00
1.174560957816420093e+01 1.519215869994009260e+00
1.173190960329031540e+01 1.517302838491991102e+00
1.172490708882420485e+01 1.516313041291895036e+00
1.171255854411788455e+01 1.514617519459862560e+00
1.170389442698503046e+01 1.513410212589780146e+00
1.169320748494545370e+01 1.511913692478713322e+00
1.168333468249627316e+01 1.510507383887665478e+00
1.167385642577302107e+01 1.509190777728840249e+00
1.166268261000740480e+01 1.507604555185550810e+00
1.165450536660058845e+01 1.506464180322810265e+00
1.164196987641998149e+01 1.504701726483436142e+00
1.163515430742815937e+01 1.503748771507257720e+00
1.162140147802420387e+01 1.501798897781321473e+00
1.161580324825572674e+01 1.501022841990154122e+00
1.160075105046907673e+01 1.498896069079206805e+00
1.159645218908329412e+01 1.498298995615206630e+00
1.158012043089708598e+01 1.495993240377092359e+00
1.157710112991086504e+01 1.495571836814552080e+00
1.155951363799305831e+01 1.493090411674977691e+00
1.155775007073843241e+01 1.492843930944081077e+00
1.153899581081396697e+01 1.490187582972863023e+00
1.153839901156599979e+01 1.490104498037781111e+00
1.151904795239356893e+01 1.487396272546317011e+00
1.151825545688201657e+01 1.487284754270748355e+00
1.149969689322113808e+01 1.484706827403958096e+00
1.149740566242499362e+01 1.484381925568633687e+00
1.148034583404870546e+01 1.482000715304499172e+00
1.147665556527832997e+01 1.481479096866519019e+00
1.146099477487627283e+01 1.479293709262637702e+00
1.145590021707180028e+01 1.478576268164404350e+00
1.144164371570384198e+01 1.476581823570820573e+00
1.143522098400041287e+01 1.475673439462289682e+00
1.142229265653141113e+01 1.473864599213948301e+00
1.141465468615997736e+01 1.472770610760175014e+00
1.140294159735897850e+01 1.471128490290205981e+00
1.139405914285964272e+01 1.469867782058060346e+00
1.138359053818654765e+01 1.468386767635378565e+00
1.137355736203313583e+01 1.466964953355945678e+00
1.136423947901411680e+01 1.465667954642217108e+00
1.135291323531847141e+01 1.464062124653831010e+00
1.134488841984168417e+01 1.462938324294106529e+00
1.133230544443234855e+01 1.461159295951716341e+00
1.132553736066925154e+01 1.460208095032909270e+00
1.131176939313649932e+01 1.458256467249601673e+00
1.130618630149682247e+01 1.457478403200920702e+00
1.129132151339368662e+01 1.455353638547487005e+00
1.128683524232438984e+01 1.454717068107993727e+00
1.127089952575499510e+01 1.452450809845372337e+00
1.126748418315195721e+01 1.451970865595950455e+00
1.125049215755324106e+01 1.449547981143257669e+00
1.124813312397952636e+01 1.449211254576470820e+00
1.123022715598896326e+01 1.446645152441143001e+00
1.122878206480709551e+01 1.446441507204138333e+00
1.120996497260015623e+01 1.443742323739028333e+00
1.120943100563466288e+01 1.443666396075480751e+00
1.119007994646223203e+01 1.440883752207983148e+00
1.118977091131342938e+01 1.440839495036913664e+00
1.117072888728980118e+01 1.438138963318911223e+00
1.116931786862899756e+01 1.437936666334798996e+00
1.115137782811736855e+01 1.435389150834794236e+00
1.114891543952295372e+01 1.435033837632684328e+00
1.113202676894493592e+01 1.432589719483591040e+00
1.112889691957331628e+01 1.432131008930569660e+00
1.111267570977250685e+01 1.429785838982163160e+00
1.110882592371351052e+01 1.429228180228454992e+00
1.109332465060007422e+01 1.426973237935409200e+00
1.108889264079437531e+01 1.426325351526340324e+00
1.107397359142764159e+01 1.424166347167068025e+00
1.106889098941321947e+01 1.423422522824225656e+00
1.105462253225520897e+01 1.421348202502034086e+00
1.104896577712232464e+01 1.420519694122110987e+00
1.103527147308277989e+01 1.418507988999845981e+00
1.102921768754206866e+01 1.417616865419996319e+00
1.101592041391034726e+01 1.415673903650579657e+00
1.100940081098627132e+01 1.414714036717881651e+00
1.099656935473791464e+01 1.412823438953444866e+00
1.098977053667891290e+01 1.411811208015766983e+00
1.097721829556548556e+01 1.409932899950233409e+00
1.097036852336465884e+01 1.408908379313652315e+00
1.095786723639305293e+01 1.407037001211353555e+00
1.095097750685996729e+01 1.406005550611537647e+00
1.093851617722062031e+01 1.404140992917870090e+00
1.093165356975227631e+01 1.403102721909422979e+00
1.091916511804819123e+01 1.401214171864486380e+00
1.091241139010651295e+01 1.400199893207308310e+00
1.089981405887575860e+01 1.398292497331334872e+00
1.089325137476414795e+01 1.397297064505193642e+00
1.088046299970332598e+01 1.395348740594293258e+00
1.087418497562931385e+01 1.394394235803078974e+00
1.086111194053089690e+01 1.392388834790708074e+00
1.085528613949649390e+01 1.391491407100964306e+00
1.084176088135846427e+01 1.389404052904849696e+00
1.083644507671343860e+01 1.388588578398849638e+00
1.082240982218603165e+01 1.386411373893327692e+00
1.081769833193159869e+01 1.385685749696734970e+00
1.080305876301359902e+01 1.383427067377975161e+00
1.079887243930133423e+01 1.382782920994620302e+00
1.078370770384116817e+01 1.380454963469974983e+00
1.077995865545820742e+01 1.379880092292505411e+00
1.076435664466873732e+01 1.377437627847899693e+00
1.076140832517473633e+01 1.376977263590390965e+00
1.074500558549630469e+01 1.374398595021559144e+00
1.074291265698809994e+01 1.374074434888276297e+00
1.072565452632387384e+01 1.371383388939912962e+00
1.072428912672594059e+01 1.371171606186161629e+00
1.070630346715144299e+01 1.368381079997292415e+00
1.070558788161080166e+01 1.368268777484046961e+00
1.068740842288165283e+01 1.365365948781932293e+00
1.068695240797901036e+01 1.365293283747912811e+00
1.066898833741033492e+01 1.362463120079817624e+00
1.066760134880657951e+01 1.362242181519384809e+00
1.065049008679326903e+01 1.359560291377702956e+00
1.064825028963414688e+01 1.359205446207564449e+00
1.063227748430694142e+01 1.356657462675588288e+00
1.062889923046171603e+01 1.356109338941061671e+00
1.061410750566817285e+01 1.353754633973473620e+00
1.060954817128928340e+01 1.353019450224005160e+00
1.059596862095031256e+01 1.350851805271358952e+00
1.059019711211685255e+01 1.349922127483773160e+00
1.057776724418387282e+01 1.347948976569244284e+00
1.057084605294442170e+01 1.346840336368814839e+00
1.055957865187731315e+01 1.345046147867129616e+00
1.055149499377198907e+01 1.343740303131181424e+00
1.054146941522815695e+01 1.342143319165014947e+00
1.053214393459955822e+01 1.340648882974725620e+00
1.052326211931738342e+01 1.339240490462900279e+00
1.051279287542712382e+01 1.337563235712497356e+00
1.050509342120693290e+01 1.336337661760785611e+00
1.049344181625469474e+01 1.334440183514500333e+00
1.048725010517781087e+01 1.333434833058670943e+00
1.047409075708226212e+01 1.331281796202195000e+00
1.046944140229746267e+01 1.330532004356556275e+00
1.045473969790983304e+01 1.328112531453048195e+00
1.045173371374624161e+01 1.327629175654441607e+00
1.043538863873740041e+01 1.324984016072807247e+00
1.043377493566605985e+01 1.324726346952326939e+00
1.041603757956496601e+01 1.321835495230966551e+00
1.041596346757250124e+01 1.321823518250212492e+00
1.039810530241171627e+01 1.318920689548097602e+00
1.039668652039253693e+01 1.318685389760830384e+00
1.038019256593610962e+01 1.316017860845982934e+00
1.037733546122010608e+01 1.315553833680843887e+00
1.036225931473169481e+01 1.313115032143868266e+00
1.035798440204767346e+01 1.312402772466171097e+00
1.034461015362892056e+01 1.310212203441753598e+00
1.033863334287524260e+01 1.309229296642502316e+00
1.032642743790464301e+01 1.307309374739638930e+00
1.031928228370280998e+01 1.306154982438471279e+00
1.030857693930881425e+01 1.304406546037524262e+00
1.029993122453037913e+01 1.302973766956737833e+00
1.029073927687540291e+01 1.301503717335409593e+00
1.028058016535794650e+01 1.299852010672286395e+00
1.027292325304625820e+01 1.298600888633294925e+00
1.026122910618551565e+01 1.296636094519364235e+00
1.025549713271654895e+01 1.295698059931180257e+00
1.024187804701308480e+01 1.293443326870849397e+00
1.023788004478550384e+01 1.292795231229065589e+00
1.022252698784065217e+01 1.290262970983121482e+00
1.022024591125553172e+01 1.289892402526950921e+00
1.020317592866822132e+01 1.287054739680448812e+00
1.020277848840791535e+01 1.286989573824836253e+00
1.018529302948173765e+01 1.284086745122721585e+00
1.018382486949578869e+01 1.283839276126638396e+00
1.016769027991895413e+01 1.281183916420606916e+00
1.016447381032335784e+01 1.280638851728982619e+00
1.015026187453891460e+01 1.278281087718492248e+00
1.014512275115092521e+01 1.277409752572495671e+00
1.013275573284016851e+01 1.275378259016377580e+00
1.012577169197849436e+01 1.274194563038306249e+00
1.011551148056677540e+01 1.272475430314262912e+00
1.010642063280606351e+01 1.270901939882859821e+00
1.009847007551463705e+01 1.269572601612148466e+00
1.008706957363363088e+01 1.267629896060167294e+00
1.008134586964883894e+01 1.266669772910033798e+00
1.006771851446120003e+01 1.264303151414656545e+00
1.006457342060060434e+01 1.263766944207919130e+00
1.004836745528876918e+01 1.260923681048853995e+00
1.004801676158343859e+01 1.260864115505804461e+00
1.003104064104741866e+01 1.257961286803689571e+00
1.002901639611633655e+01 1.257600693017230764e+00
1.001421674489568581e+01 1.255058458101575125e+00
1.000966533694390570e+01 1.254253169465026518e+00
9.997425798662206375e+00 1.252155629399460457e+00
9.990314277771473073e+00 1.250890902974319596e+00
9.980857795452912740e+00 1.249252800697345789e+00
9.970963218599042222e+00 1.247496811233506531e+00
9.964318783674432467e+00 1.246349971995231121e+00
9.951612159426609594e+00 1.244062955300005102e+00
9.948088858646158883e+00 1.243447143293116453e+00
9.932261100254178743e+00 1.240596791690235623e+00
9.931958307003551312e+00 1.240544314591001784e+00
9.915481734143142489e+00 1.237641485888887116e+00
9.912910041081747892e+00 1.237169468732340460e+00
9.899321566382869975e+00 1.234738657186772448e+00
9.893558981909315264e+00 1.233666507511399502e+00
9.883448229795284590e+00 1.231835828484657780e+00
9.874207922736884413e+00 1.230096073173400084e+00
9.867841066594040811e+00 1.228932999782543112e+00
9.854856863564451785e+00 1.226458772813827869e+00
9.852508356867271999e+00 1.226030171080428444e+00
9.837148532640263454e+00 1.223127342378313775e+00
9.835505804392020934e+00 1.222809921169563108e+00
9.821603192215487610e+00 1.220224513676199107e+00
9.816154745219588307e+00 1.219150762378214736e+00
9.806489852424171261e+00 1.217321684974084439e+00
9.796803686047157456e+00 1.215400793995218276e+00
9.791648518663729206e+00 1.214418856271969771e+00
9.777452626874726604e+00 1.211637401373197864e+00
9.776811960142287816e+00 1.211516027569855103e+00
9.762002738228849452e+00 1.208613198867740435e+00
9.758101567702293977e+00 1.207804072587214117e+00
9.747754852452583663e+00 1.205710370165625767e+00
9.738750508529864902e+00 1.203782267914249360e+00
9.733903678418863947e+00 1.202807541463511098e+00
9.720120952697063998e+00 1.199904712761396430e+00
9.719399449357432275e+00 1.199747086403868401e+00
9.705981103805958909e+00 1.197001884059281762e+00
9.700048390184999647e+00 1.195733983397531563e+00
9.692255813504829121e+00 1.194099055357167094e+00
9.680697331012567020e+00 1.191526247813371464e+00
9.679133066610553726e+00 1.191196226655052426e+00
9.665865285537105223e+00 1.188293397952937758e+00
9.661346271840136168e+00 1.187251620838675858e+00
9.652744254665215351e+00 1.185390569250823312e+00
9.641995212667705317e+00 1.182928372983856669e+00
9.640044838209341549e+00 1.182487740548708643e+00
9.627715752699595342e+00 1.179584911846593753e+00
9.622644153495272690e+00 1.178315681094077361e+00
9.615714116902475794e+00 1.176682083144479085e+00
9.604108608245786272e+00 1.173779254442364417e+00
9.603293094322841839e+00 1.173564856951738955e+00
9.592219202497521024e+00 1.170876425740249749e+00
9.583942035150410987e+00 1.168758269649812442e+00
9.580742089312810350e+00 1.167973597038135081e+00
9.569646995391357436e+00 1.165070768336020413e+00
9.564590975977978360e+00 1.163650957172737144e+00
9.558984476459684743e+00 1.162167939633905744e+00
9.548673756448238237e+00 1.159265110931791076e+00
9.545239916805547509e+00 1.158227465333719453e+00
9.538694915460247614e+00 1.156362282229676408e+00
9.529133675578695062e+00 1.153459453527561740e+00
9.525888857633114881e+00 1.152400159060956053e+00
9.519910166480169522e+00 1.150556624825447072e+00
9.511331293926730268e+00 1.147653796123332404e+00
9.506537798460684030e+00 1.145822348990575890e+00
9.503513188742960693e+00 1.144750967421217958e+00
9.496444748582081985e+00 1.141848138719103289e+00
9.490239407487331746e+00 1.138945310016988621e+00
9.487186739288251403e+00 1.137102417020002365e+00
9.485354705921539065e+00 1.136042481314873953e+00
9.481819201622265325e+00 1.133139652612759285e+00
9.480006195960832827e+00 1.130236823910644617e+00
9.480456863714934457e+00 1.127333995208529949e+00
9.484408707770768387e+00 1.124431166506415281e+00
9.487186739288251403e+00 1.123431787638835555e+00
9.494143543870523061e+00 1.121528337804300612e+00
9.506537798460684030e+00 1.119446695913815404e+00
9.513106157973901134e+00 1.118625509102185944e+00
9.525888857633114881e+00 1.117439422931361115e+00
9.545239916805547509e+00 1.116356048662249689e+00
9.563858601386950653e+00 1.115722680400071276e+00
9.564590975977978360e+00 1.115700850031270841e+00
