1.246975009124232203e+00 1.117532881247622356e+01
1.245739575754871264e+00 1.117663669184087993e+01
1.241779126301981062e+00 1.118127566152023178e+01
1.236583243479729921e+00 1.119558535884944739e+01
1.231594593034520457e+00 1.122162503585161808e+01
1.231387360657478780e+00 1.122293756731964898e+01
1.226487924321420619e+00 1.126661337986236155e+01
1.226191477835227639e+00 1.126995496839050759e+01
1.223155595724767952e+00 1.131160172387309970e+01
1.220995595012976720e+00 1.134662174228192022e+01
1.220441831633566121e+00 1.135659006788384318e+01
1.219130675050300150e+00 1.140157841189458310e+01
1.217908616367930463e+00 1.144656675590532480e+01
1.217117079391076162e+00 1.149155509991606472e+01
1.216499893057156445e+00 1.153654344392680642e+01
1.216248330777397246e+00 1.158153178793754812e+01
1.216828653747871192e+00 1.162652013194828982e+01
1.217457815978553182e+00 1.167150847595902974e+01
1.218174129426458308e+00 1.171649681996976966e+01
1.219318234384239252e+00 1.176148516398051136e+01
1.220769800638847213e+00 1.180647350799125306e+01
1.220995595012976720e+00 1.181243197440344872e+01
1.222506972017796789e+00 1.185146185200199476e+01
1.223864585798531968e+00 1.189645019601273468e+01
1.225609458860380307e+00 1.194143854002347638e+01
1.226191477835227639e+00 1.195332542440228352e+01
1.227802073419491879e+00 1.198642688403421630e+01
1.229818134609369062e+00 1.203141522804495800e+01
1.231387360657478780e+00 1.205856010059747874e+01
1.232280298650453298e+00 1.207640357205569970e+01
1.234400952379803851e+00 1.212139191606643962e+01
1.236583243479729921e+00 1.215782836300410530e+01
1.237063362413522993e+00 1.216638026007717954e+01
1.239165139299819751e+00 1.221136860408792124e+01
1.241710712587340781e+00 1.225635694809866294e+01
1.241779126301981062e+00 1.225755264102688180e+01
1.244316042078576601e+00 1.230134529210940286e+01
1.246975009124232203e+00 1.232877310549382699e+01
1.248482836248061112e+00 1.234633363612014456e+01
1.252170891946483122e+00 1.238630623460884195e+01
1.252654111359179812e+00 1.239132198013088626e+01
1.256943299828414240e+00 1.243631032414162618e+01
1.257366774768734263e+00 1.244022545720086370e+01
1.261838263133495897e+00 1.248129866815236610e+01
1.262562657590985404e+00 1.248767279344331271e+01
1.266809631786486978e+00 1.252628701216310780e+01
1.267758540413236545e+00 1.253459969630747750e+01
1.271960551785128679e+00 1.257127535617384950e+01
1.272954423235487686e+00 1.258026531547884730e+01
1.276929400184075192e+00 1.261626370018458942e+01
1.278150306057738606e+00 1.262739675224504410e+01
1.281917763299216251e+00 1.266125204419532935e+01
1.283346188879989747e+00 1.267456462101576875e+01
1.286656994913400354e+00 1.270624038820607282e+01
1.288542071702240888e+00 1.272461009250677755e+01
1.291447844048664528e+00 1.275122873221681274e+01
1.293737954524492029e+00 1.277208362390639174e+01
1.296256485556543048e+00 1.279621707622755267e+01
1.298933837346743170e+00 1.282158002531750007e+01
1.300897334840605213e+00 1.284120542023829614e+01
1.304129720168994089e+00 1.287206935700477572e+01
1.305514973552345026e+00 1.288619376424903606e+01
1.309325602991245008e+00 1.292725134297659828e+01
1.309694719558878173e+00 1.293118210825977599e+01
1.313912956989671477e+00 1.297617045227051769e+01
1.314521485813496371e+00 1.298195804373518669e+01
1.318767038633237076e+00 1.302115879628125938e+01
1.319717368635747512e+00 1.302941655522610631e+01
1.323975201875741581e+00 1.306614714029199931e+01
1.324913251457998653e+00 1.307409843014566775e+01
1.329470573831740943e+00 1.311113548430274101e+01
1.330109134280249572e+00 1.311601119401954030e+01
1.335305017102500713e+00 1.315334386916144638e+01
1.335723100227375060e+00 1.315612382831348270e+01
1.340500899924751854e+00 1.318753331749250535e+01
1.342573360119525994e+00 1.320111217232422263e+01
1.345696782747002995e+00 1.322243842465100627e+01
1.349347632837237132e+00 1.324610051633496255e+01
1.350892665569254136e+00 1.325590709664856703e+01
1.356088548391505277e+00 1.329004426738567091e+01
1.356248196098880587e+00 1.329108886034570425e+01
1.361284431213756196e+00 1.332431723371748689e+01
1.362987639734220213e+00 1.333607720435644595e+01
1.366480314036007337e+00 1.336295072003795958e+01
1.368883564178814183e+00 1.338106554836718587e+01
1.371676196858258479e+00 1.340353109091353012e+01
1.374457691526582925e+00 1.342605389237792757e+01
1.376872079680509620e+00 1.344587712574024430e+01
1.379996163036048218e+00 1.347104223638866927e+01
1.382067962502760539e+00 1.348783338783775321e+01
1.385539094626025092e+00 1.351603058039940919e+01
1.387263845325011680e+00 1.353001110791288397e+01
1.391217856758766747e+00 1.356101892441015089e+01
1.392459728147262821e+00 1.357090230407746212e+01
1.396941932373782613e+00 1.360600726842089259e+01
1.397655610969513962e+00 1.361161063590233766e+01
1.402801800812066624e+00 1.365099561243163251e+01
1.402851493791765103e+00 1.365138018831290800e+01
1.408047376614016244e+00 1.368827128412378080e+01
1.409101448488188524e+00 1.369598395644237243e+01
1.413243259436267163e+00 1.372740820442987442e+01
1.414946292585110843e+00 1.374097230045311235e+01
1.418439142258518082e+00 1.377190761986047818e+01
1.420047115091019885e+00 1.378596064446385583e+01
1.423635025080769445e+00 1.381760066145157495e+01
1.425127279672465885e+00 1.383094898847459397e+01
1.428830907903020364e+00 1.386231520152001906e+01
1.430362987845824607e+00 1.387593733248533923e+01
1.434026790725271505e+00 1.391111204168082160e+01
1.435046593266719350e+00 1.392092567649607915e+01
1.439222673547522646e+00 1.396239370456925677e+01
1.439597345895545333e+00 1.396591402050681729e+01
1.444251717811546376e+00 1.401090236451755899e+01
1.444418556369773787e+00 1.401240034384918154e+01
1.449007246346256661e+00 1.405589070852830069e+01
1.449614439192024928e+00 1.406135593968312847e+01
1.454001325366456987e+00 1.410087905253904239e+01
1.454810322014276069e+00 1.410785425898690981e+01
1.459337187864947927e+00 1.414586739654978231e+01
1.460006204836526988e+00 1.415091718706629287e+01
1.465202087658778130e+00 1.418663011180144728e+01
1.465825148342714712e+00 1.419085574056052401e+01
1.470397970481029271e+00 1.421988564842734348e+01
1.473202087590836928e+00 1.423584408457126571e+01
1.475593853303280412e+00 1.424907865656285466e+01
1.480789736125531331e+00 1.427601463064267406e+01
1.481742081772674524e+00 1.428083242858200563e+01
1.485985618947782472e+00 1.430172274781187092e+01
1.491181501770033613e+00 1.432401367325660857e+01
1.491613683238204091e+00 1.432582077259274733e+01
1.496377384592284754e+00 1.434474683284587115e+01
1.501573267414535895e+00 1.436437591251220880e+01
1.503254961642193965e+00 1.437080911660348903e+01
1.506769150236787036e+00 1.438543015899318078e+01
1.511965033059037955e+00 1.440703804950328859e+01
1.514319156871829275e+00 1.441579746061422895e+01
1.517160915881289318e+00 1.442765165503028335e+01
1.522356798703540237e+00 1.444953727016700817e+01
1.524676238334067513e+00 1.446078580462496888e+01
1.527552681525791378e+00 1.447547881058394914e+01
1.532748564348042297e+00 1.449808286771427035e+01
1.534428417380434118e+00 1.450577414863570880e+01
1.537944447170293438e+00 1.452357141296801402e+01
1.543140329992544801e+00 1.454875641549072185e+01
1.543516781085551015e+00 1.455076249264645227e+01
1.548336212814795942e+00 1.457601591006384112e+01
1.551898626064902809e+00 1.459575083665719220e+01
1.553532095637046861e+00 1.460613737961560155e+01
1.558727978459297780e+00 1.463211255729614635e+01
1.560503745784164620e+00 1.464073918066793389e+01
1.563923861281548922e+00 1.465749169869543600e+01
1.569119744103800285e+00 1.467680373912886616e+01
1.571481041823427294e+00 1.468572752467867559e+01
1.574315626926051426e+00 1.469705533799425723e+01
1.579511509748302345e+00 1.471606489156235753e+01
1.583093702969982752e+00 1.473071586868941552e+01
1.584707392570553486e+00 1.473746179771609555e+01
1.589903275392804405e+00 1.475267324066037133e+01
1.595099158215055990e+00 1.476552009570110435e+01
1.598916679254909656e+00 1.477570421270015544e+01
1.600295041037306687e+00 1.477945207419623586e+01
1.605490923859557828e+00 1.479389767658333810e+01
1.610686806681808969e+00 1.481069774767047065e+01
1.613100539266942191e+00 1.482069255671089891e+01
1.615882689504059888e+00 1.483230568371462255e+01
1.621078572326311473e+00 1.485264894003257297e+01
1.623730380726683409e+00 1.486568090072163884e+01
1.626274455148562170e+00 1.487887106821986194e+01
1.631470337970813089e+00 1.489543877418521589e+01
1.635264936255697021e+00 1.491066924473237876e+01
1.636666220793064452e+00 1.491666940982005940e+01
1.641862103615315371e+00 1.492980586918851493e+01
1.647057986437566734e+00 1.494321153453677553e+01
1.652253869259817654e+00 1.494963417194194122e+01
1.657449752082068795e+00 1.494419504096811657e+01
1.662645634904319936e+00 1.493103898167636601e+01
1.667141738158580244e+00 1.491066924473237876e+01
1.667841517726570855e+00 1.490525539002254796e+01
1.671393587079922805e+00 1.486568090072163884e+01
1.673037400548822218e+00 1.483933167269083242e+01
1.674000872215558600e+00 1.482069255671089891e+01
1.675005565458198564e+00 1.477570421270015544e+01
1.675271212383749431e+00 1.473071586868941552e+01
1.674420196183373788e+00 1.468572752467867559e+01
1.673037400548821996e+00 1.464582668043261293e+01
1.672857833697092289e+00 1.464073918066793212e+01
1.671271293574299932e+00 1.459575083665719220e+01
1.670315817764763677e+00 1.455076249264645227e+01
1.669215734365053105e+00 1.450577414863571057e+01
1.668683212247787928e+00 1.446078580462496888e+01
1.668141985101210922e+00 1.441579746061422895e+01
1.667841517726570633e+00 1.437962520031508618e+01
1.667779936020541198e+00 1.437080911660348903e+01
1.667227675013767341e+00 1.432582077259274733e+01
1.666340137472845262e+00 1.428083242858200563e+01
1.665587707978267495e+00 1.423584408457126571e+01
1.664731244708678837e+00 1.419085574056052224e+01
1.663252218107662328e+00 1.414586739654978231e+01
1.662645634904319936e+00 1.413553767445443299e+01
1.660664227098244350e+00 1.410087905253904239e+01
1.657980811147525158e+00 1.405589070852830069e+01
1.657449752082068795e+00 1.404932489040321109e+01
1.654141161958256223e+00 1.401090236451755899e+01
1.652253869259817654e+00 1.399184147548831092e+01
1.649554928490049477e+00 1.396591402050681907e+01
1.647057986437566734e+00 1.394580457967401443e+01
1.644062285752159625e+00 1.392092567649607915e+01
1.641862103615315593e+00 1.390398339227862934e+01
1.638340240299938078e+00 1.387593733248533567e+01
1.636666220793064674e+00 1.386349318459477686e+01
1.632752499542273750e+00 1.383094898847459575e+01
1.631470337970813311e+00 1.381974748818239007e+01
1.627883459069439098e+00 1.378596064446385583e+01
1.626274455148562392e+00 1.376950839281115435e+01
1.623663473721762784e+00 1.374097230045311413e+01
1.621078572326311251e+00 1.371369250034303278e+01
1.619594002842677849e+00 1.369598395644237421e+01
1.616206985886176506e+00 1.365099561243163251e+01
1.615882689504059888e+00 1.364676770322083144e+01
1.612811362690477424e+00 1.360600726842089259e+01
1.610686806681808969e+00 1.357955998986518154e+01
1.609222954681173379e+00 1.356101892441015089e+01
1.605491746800909780e+00 1.351603058039940919e+01
1.605490923859557828e+00 1.351602176597325133e+01
1.601410722439059464e+00 1.347104223638866927e+01
1.600295041037306687e+00 1.345821462834549109e+01
1.597275973940598615e+00 1.342605389237792757e+01
1.595099158215055768e+00 1.340581331540355237e+01
1.592486870539341570e+00 1.338106554836718587e+01
1.589903275392804405e+00 1.335938547618378180e+01
1.587004057788563127e+00 1.333607720435644595e+01
1.584707392570553486e+00 1.331838898875631649e+01
1.581209077001994201e+00 1.329108886034570247e+01
1.579511509748302345e+00 1.327729177015933004e+01
1.576032869282333326e+00 1.324610051633496255e+01
1.574315626926051204e+00 1.323106512231634468e+01
1.571092734491902565e+00 1.320111217232422263e+01
1.569119744103800285e+00 1.318281656071596863e+01
1.566440937840569481e+00 1.315612382831348270e+01
1.563923861281548922e+00 1.312999124958316521e+01
1.562124855123861344e+00 1.311113548430273923e+01
1.558727978459298225e+00 1.307640801946648423e+01
1.557755888688231671e+00 1.306614714029199931e+01
1.553883059290012580e+00 1.302115879628125938e+01
1.553532095637046861e+00 1.301717439010530875e+01
1.550049815741299852e+00 1.297617045227051591e+01
1.548336212814795720e+00 1.295635233646964224e+01
1.546155218290965028e+00 1.293118210825977599e+01
1.543140329992544579e+00 1.289976339436125485e+01
1.541942069926490744e+00 1.288619376424903606e+01
1.538104881619344555e+00 1.284120542023829437e+01
1.537944447170293438e+00 1.283935884161736318e+01
1.534205467013054047e+00 1.279621707622755622e+01
1.532748564348042519e+00 1.278042500667870129e+01
1.529900776160563858e+00 1.275122873221681274e+01
1.527552681525791378e+00 1.272546096039373609e+01
1.525768263807708358e+00 1.270624038820607282e+01
1.522356798703540237e+00 1.267053740755962821e+01
1.521472959537661263e+00 1.266125204419533112e+01
1.517160915881289318e+00 1.262103740860541379e+01
1.516645654508685270e+00 1.261626370018458942e+01
1.511965033059037955e+00 1.257473760914752070e+01
1.511575138175011990e+00 1.257127535617384773e+01
1.506769150236787036e+00 1.253027883379130358e+01
1.506321858225461829e+00 1.252628701216310958e+01
1.501573267414535895e+00 1.248293037058102151e+01
1.501395435053635596e+00 1.248129866815236788e+01
1.496577010095996529e+00 1.243631032414162618e+01
1.496377384592284754e+00 1.243447817781489562e+01
1.491616247445832988e+00 1.239132198013088626e+01
1.491181501770033613e+00 1.238724065840260025e+01
1.486633993646083507e+00 1.234633363612014456e+01
1.485985618947782472e+00 1.234037932659920855e+01
1.481447353447800097e+00 1.230134529210940286e+01
1.480789736125531775e+00 1.229553939476918600e+01
1.475899151068012616e+00 1.225635694809866294e+01
1.475593853303280412e+00 1.225402688042961508e+01
1.470397970481029271e+00 1.221876040715705969e+01
1.469215268086475401e+00 1.221136860408792302e+01
1.465202087658778130e+00 1.218620173529388140e+01
1.461544645803157350e+00 1.216638026007717954e+01
1.460006204836526988e+00 1.215839042588738117e+01
1.454810322014276291e+00 1.213164972617458659e+01
1.453053729266547078e+00 1.212139191606643962e+01
1.449614439192024928e+00 1.210299738128415115e+01
1.444418556369773565e+00 1.207819153931267486e+01
1.444033626168646389e+00 1.207640357205569792e+01
1.439222673547522646e+00 1.205475868255864569e+01
1.434026790725271505e+00 1.203255494485301114e+01
1.433774374718365774e+00 1.203141522804495800e+01
1.428830907903020586e+00 1.200884451336418834e+01
1.424598813751491333e+00 1.198642688403421630e+01
1.423635025080769445e+00 1.198103017548416638e+01
1.418439142258518304e+00 1.195162855020426207e+01
1.416817175261921857e+00 1.194143854002347638e+01
1.413243259436267163e+00 1.191846300365399358e+01
1.409562439288396529e+00 1.189645019601273646e+01
1.408047376614016022e+00 1.188724750222006321e+01
1.402851493791765103e+00 1.185782345287227635e+01
1.401698816332072051e+00 1.185146185200199298e+01
1.397655610969513962e+00 1.182811585729074721e+01
1.393652012980862942e+00 1.180647350799125306e+01
1.392459728147262821e+00 1.179971017760720997e+01
1.387263845325011458e+00 1.177140224627403953e+01
1.385493102003945376e+00 1.176148516398051136e+01
1.382067962502760539e+00 1.174254365811226464e+01
1.376872079680509620e+00 1.171661779130874415e+01
1.376845378383295460e+00 1.171649681996976966e+01
1.371676196858258479e+00 1.169228339665384553e+01
1.366480314036007560e+00 1.167215657984990607e+01
1.366304996112111203e+00 1.167150847595902974e+01
1.361284431213756196e+00 1.165141919367128231e+01
1.356088548391505055e+00 1.163329417159378565e+01
1.354400966529154315e+00 1.162652013194828982e+01
1.350892665569254136e+00 1.161242499647310922e+01
1.345696782747002995e+00 1.159092242380836879e+01
1.343494789408899992e+00 1.158153178793754634e+01
1.340500899924751854e+00 1.156845453990230865e+01
1.335305017102500713e+00 1.154657650362332078e+01
1.333191302312767057e+00 1.153654344392680642e+01
1.330109134280249572e+00 1.152184389018838040e+01
1.324913251457998653e+00 1.149679377049212547e+01
1.323931412086811310e+00 1.149155509991606650e+01
1.319717368635747512e+00 1.146921409221760868e+01
1.314738107405168277e+00 1.144656675590532480e+01
1.314521485813496371e+00 1.144564531442843958e+01
1.309325602991245230e+00 1.142215660736165006e+01
1.304467511404162172e+00 1.140157841189458310e+01
1.304129720168994089e+00 1.140011338189175127e+01
1.298933837346743170e+00 1.137655816816676513e+01
1.293950407107637091e+00 1.135659006788384318e+01
1.293737954524492029e+00 1.135567738781403513e+01
1.288542071702240888e+00 1.133129211370386002e+01
1.285015825811344214e+00 1.131160172387310148e+01
1.283346188879989747e+00 1.130129004873416854e+01
1.278150306057738606e+00 1.127291060316434113e+01
1.276858323250670946e+00 1.126661337986236155e+01
1.272954423235487686e+00 1.124504398599612109e+01
1.268362252658627121e+00 1.122162503585161986e+01
1.267758540413236545e+00 1.121805787797758747e+01
1.262562657590985626e+00 1.119586914628589014e+01
1.257366774768734263e+00 1.118093960134494402e+01
1.252531430821041347e+00 1.117663669184087993e+01
1.252170891946483122e+00 1.117631992590115608e+01
1.246975009124232203e+00 1.117532881247622356e+01
