1.026122910618551565e+01 1.215913491948772407e+00
1.028058016535794650e+01 1.215184189324381103e+00
1.029993122453037913e+01 1.215037252325501971e+00
1.031928228370280998e+01 1.215121216976896790e+00
1.033863334287524260e+01 1.215429997993026756e+00
1.035798440204767346e+01 1.215895882245526805e+00
1.037733546122010608e+01 1.216446722072586750e+00
1.039668652039253693e+01 1.217069498828563301e+00
1.040396560050599817e+01 1.217321684974084439e+00
1.041603757956496779e+01 1.217734669787931434e+00
1.043538863873740041e+01 1.218473712313828505e+00
1.045473969790983126e+01 1.219278391491737779e+00
1.047409075708226034e+01 1.220138031879619334e+00
1.047585016439654382e+01 1.220224513676198885e+00
1.049344181625469474e+01 1.221049426040259345e+00
1.051279287542712382e+01 1.221940755203755558e+00
1.053214393459956000e+01 1.222805212654172635e+00
1.053898645778871668e+01 1.223127342378313775e+00
1.055149499377198907e+01 1.223712727943283785e+00
1.057084605294442170e+01 1.224644038965252202e+00
1.059019711211685255e+01 1.225657087532806333e+00
1.059737329827909313e+01 1.226030171080428444e+00
1.060954817128928340e+01 1.226635803644355427e+00
1.062889923046171603e+01 1.227661920582476363e+00
1.064825028963414688e+01 1.228694413532559260e+00
1.065262590683315480e+01 1.228932999782543112e+00
1.066760134880657951e+01 1.229744245320695484e+00
1.068695240797901036e+01 1.230837806439096127e+00
1.070369891169409371e+01 1.231835828484657780e+00
1.070630346715144299e+01 1.231984773064250138e+00
1.072565452632387384e+01 1.233082665640484521e+00
1.074500558549630469e+01 1.234273136992827258e+00
1.075261138877741196e+01 1.234738657186772226e+00
1.076435664466873732e+01 1.235445759741706562e+00
1.078370770384116994e+01 1.236641913116288904e+00
1.079924035795625770e+01 1.237641485888887116e+00
1.080305876301359902e+01 1.237876296765351825e+00
1.082240982218603165e+01 1.239131589647890497e+00
1.084176088135846427e+01 1.240431581509100267e+00
1.084341354864145401e+01 1.240544314591001784e+00
1.086111194053089513e+01 1.241719218846580208e+00
1.088046299970332598e+01 1.243059564789670057e+00
1.088584802824831854e+01 1.243447143293116453e+00
1.089981405887575860e+01 1.244419133852403769e+00
1.091916511804818946e+01 1.245849564028008283e+00
1.092574112064431624e+01 1.246349971995231121e+00
1.093851617722062031e+01 1.247294308196042145e+00
1.095786723639305293e+01 1.248799361643567085e+00
1.096357416493621351e+01 1.249252800697345789e+00
1.097721829556548556e+01 1.250310724748736391e+00
1.099656935473791464e+01 1.251866485510406246e+00
1.100002198396271069e+01 1.252155629399460457e+00
1.101592041391034726e+01 1.253441551849119318e+00
1.103527147308277989e+01 1.255055503621554047e+00
1.103530633737600830e+01 1.255058458101574903e+00
1.105462253225520897e+01 1.256671358905746771e+00
1.106931436833147586e+01 1.257961286803689793e+00
1.107397359142764159e+01 1.258359648984599621e+00
1.109332465060007422e+01 1.260035192922197567e+00
1.110251052897051238e+01 1.260864115505804461e+00
1.111267570977250507e+01 1.261770766298622615e+00
1.113202676894493592e+01 1.263549392414082151e+00
1.113432690742045139e+01 1.263766944207919130e+00
1.115137782811736855e+01 1.265370370505515929e+00
1.116479158204048616e+01 1.266669772910033798e+00
1.117072888728980118e+01 1.267229044418509698e+00
1.119007994646223203e+01 1.269087651934939887e+00
1.119492539237014839e+01 1.269572601612148466e+00
1.120943100563466288e+01 1.270986067171066880e+00
1.122439296778923179e+01 1.272475430314262912e+00
1.122878206480709551e+01 1.272902944481414389e+00
1.124813312397952636e+01 1.274841348578835909e+00
1.125345581726768351e+01 1.275378259016377580e+00
1.126748418315195721e+01 1.276768434492232096e+00
1.128232815131896416e+01 1.278281087718492248e+00
1.128683524232438984e+01 1.278735347226048313e+00
1.130618630149682247e+01 1.280699620506003056e+00
1.131076386232565056e+01 1.281183916420606916e+00
1.132553736066925154e+01 1.282746221771652095e+00
1.133787693669983554e+01 1.284086745122721585e+00
1.134488841984168417e+01 1.284839684918378078e+00
1.136423947901411680e+01 1.286976784954601216e+00
1.136435591955480362e+01 1.286989573824836253e+00
1.138359053818654765e+01 1.289060179792905991e+00
1.139117587689420219e+01 1.289892402526950921e+00
1.140294159735897850e+01 1.291190246423983945e+00
1.141717341426199539e+01 1.292795231229065589e+00
1.142229265653141113e+01 1.293363084998732981e+00
1.144164371570384198e+01 1.295533386889921035e+00
1.144312625742611722e+01 1.295698059931180479e+00
1.146099477487627283e+01 1.297688712029658964e+00
1.146903187574716654e+01 1.298600888633294925e+00
1.148034583404870546e+01 1.299861255832837958e+00
1.149477563125068080e+01 1.301503717335409593e+00
1.149969689322113808e+01 1.302065059360097310e+00
1.151904795239356893e+01 1.304282789856272329e+00
1.152013150721746904e+01 1.304406546037524262e+00
1.153839901156599979e+01 1.306486551764814319e+00
1.154551039361170339e+01 1.307309374739638930e+00
1.155775007073843241e+01 1.308729415325350365e+00
1.157059134870132766e+01 1.310212203441753598e+00
1.157710112991086326e+01 1.310963105587299449e+00
1.159519295646271786e+01 1.313115032143868266e+00
1.159645218908329412e+01 1.313263124636856904e+00
1.161580324825572674e+01 1.315552953169705219e+00
1.161973814378487901e+01 1.316017860845982934e+00
1.163515430742815937e+01 1.317854744991947546e+00
1.164388616086155537e+01 1.318920689548097602e+00
1.165450536660058845e+01 1.320218306813754516e+00
1.166767911170154370e+01 1.321823518250212270e+00
1.167385642577302107e+01 1.322578318743188319e+00
1.169128155231951638e+01 1.324726346952326939e+00
1.169320748494545370e+01 1.324965261570235420e+00
1.171255854411788455e+01 1.327416673240627176e+00
1.171425005221705362e+01 1.327629175654441607e+00
1.173190960329031363e+01 1.329844842646572767e+00
1.173736843769227534e+01 1.330532004356556275e+00
1.175126066246274803e+01 1.332315095182052378e+00
1.176006926726951640e+01 1.333434833058670943e+00
1.177061172163517888e+01 1.334789181764846511e+00
1.178238788824323002e+01 1.336337661760785611e+00
1.178996278080760973e+01 1.337323908328657218e+00
1.180424294895819237e+01 1.339240490462900279e+00
1.180931383998004236e+01 1.339924715471016325e+00
1.182551089294535274e+01 1.342143319165014947e+00
1.182866489915247499e+01 1.342579146525921807e+00
1.184659581872479173e+01 1.345046147867129616e+00
1.184801595832490584e+01 1.345240016568575614e+00
1.186736701749733669e+01 1.347906417559019410e+00
1.186767777661857259e+01 1.347948976569244284e+00
1.188671807666976932e+01 1.350605718880512063e+00
1.188842530472842185e+01 1.350851805271358952e+00
1.190606913584220017e+01 1.353450134644703873e+00
1.190812650320103039e+01 1.353754633973473620e+00
1.192542019501463102e+01 1.356284313516331608e+00
1.192799607417042651e+01 1.356657462675588288e+00
1.194477125418706365e+01 1.359098461805350322e+00
1.194785604818182811e+01 1.359560291377702956e+00
1.196412231335949627e+01 1.362009250172402153e+00
1.196714224726033393e+01 1.362463120079817624e+00
1.198347337253192713e+01 1.364939159777444289e+00
1.198626191927280793e+01 1.365365948781932293e+00
1.200282443170435798e+01 1.367946776556737243e+00
1.200491403540473456e+01 1.368268777484046961e+00
1.202217549087679060e+01 1.370940442097695389e+00
1.202362678552478670e+01 1.371171606186161629e+00
1.204145951753053723e+01 1.374074434888276297e+00
1.204152655004922146e+01 1.374085286487960023e+00
1.205932013838524597e+01 1.376977263590390965e+00
1.206087760922165231e+01 1.377233139072882695e+00
1.207703486073709342e+01 1.379880092292505633e+00
1.208022866839408493e+01 1.380402813760569503e+00
1.209465416379557645e+01 1.382782920994620302e+00
1.209957972756651579e+01 1.383617273703658501e+00
1.211177140966939270e+01 1.385685749696734970e+00
1.211893078673894664e+01 1.386882432110162933e+00
1.212917962673428285e+01 1.388588578398849638e+00
1.213828184591137926e+01 1.390122285550370318e+00
1.214631656551367733e+01 1.391491407100964306e+00
1.215763290508381189e+01 1.393417474658677602e+00
1.216333500014709834e+01 1.394394235803078974e+00
1.217698396425624452e+01 1.396811266735536794e+00
1.217967264647714742e+01 1.397297064505193642e+00
1.219577871262232449e+01 1.400199893207308310e+00
1.219633502342867359e+01 1.400300474052655897e+00
1.221196299293602650e+01 1.403102721909422979e+00
1.221568608260110622e+01 1.403773789288215390e+00
1.222820677234911813e+01 1.406005550611537647e+00
1.223503714177353707e+01 1.407223776411270721e+00
1.224435818354172412e+01 1.408908379313652315e+00
1.225438820094596792e+01 1.410729280008039987e+00
1.226043028124237289e+01 1.411811208015766983e+00
1.227373926011840055e+01 1.414257306479258069e+00
1.227621889372536756e+01 1.414714036717881651e+00
1.229213581072662365e+01 1.417616865419996319e+00
1.229309031929083318e+01 1.417790652219683256e+00
1.230802684036389927e+01 1.420519694122110987e+00
1.231244137846326225e+01 1.421357789065631261e+00
1.232330525887181594e+01 1.423422522824225656e+00
1.233179243763569488e+01 1.425008693591216957e+00
1.233900913451334347e+01 1.426325351526340324e+00
1.235114349680812751e+01 1.428606678983115996e+00
1.235442200335042529e+01 1.429228180228454992e+00
1.236980093136567227e+01 1.432131008930569660e+00
1.237049455598055836e+01 1.432261399748514519e+00
1.238544696882449969e+01 1.435033837632684328e+00
1.238984561515298921e+01 1.435853486032327542e+00
1.240094706943019176e+01 1.437936666334798996e+00
1.240919667432542184e+01 1.439508101989273481e+00
1.241630186557949145e+01 1.440839495036913664e+00
1.242854773349785269e+01 1.443155603066293979e+00
1.243161690661615992e+01 1.443742323739028333e+00
1.244675838271232671e+01 1.446645152441143001e+00
1.244789879267028354e+01 1.446867670083065827e+00
1.246184403210327396e+01 1.449547981143257669e+00
1.246724985184271617e+01 1.450596406616660117e+00
1.247679739010140310e+01 1.452450809845372337e+00
1.248660091101514880e+01 1.454376081914174668e+00
1.249160328211898374e+01 1.455353638547486783e+00
1.250595197018757965e+01 1.458167894655907570e+00
1.250640600419925086e+01 1.458256467249601673e+00
1.252087253960927882e+01 1.461159295951716341e+00
1.252530302936001050e+01 1.462033992350059375e+00
1.253578514973754920e+01 1.464062124653831010e+00
1.254465408853244313e+01 1.465812242354707751e+00
1.255048493112299113e+01 1.466964953355945678e+00
1.256400514770487398e+01 1.469714472074124201e+00
1.256477075194801607e+01 1.469867782058060346e+00
1.257923256191661032e+01 1.472770610760175014e+00
1.258335620687730483e+01 1.473605879056488765e+00
1.259368952084902915e+01 1.475673439462289682e+00
1.260270726604973746e+01 1.477522682715951774e+00
1.260790219033291493e+01 1.478576268164404350e+00
1.262201903019457383e+01 1.481479096866519019e+00
1.262205832522217008e+01 1.481487249195230671e+00
1.263609625338291664e+01 1.484381925568633687e+00
1.264140938439459916e+01 1.485496436933125608e+00
1.265018462606348493e+01 1.487284754270748355e+00
1.266076044356703179e+01 1.489528623709894140e+00
1.266390242927730725e+01 1.490187582972863023e+00
1.267758128896779368e+01 1.493090411674977691e+00
1.268011150273946441e+01 1.493629094803886392e+00
1.269142664126179199e+01 1.495993240377092359e+00
1.269946256191189526e+01 1.497693505737359043e+00
1.270530594269703606e+01 1.498896069079206805e+00
1.271881362108432789e+01 1.501798810621756797e+00
1.271881402625051827e+01 1.501798897781321251e+00
1.273240532873382236e+01 1.504701726483436142e+00
1.273816468025675874e+01 1.505970377669426874e+00
1.274581691913456893e+01 1.507604555185550810e+00
1.275751573942918959e+01 1.510194234126189361e+00
1.275894061611973562e+01 1.510507383887665478e+00
1.277208605192161173e+01 1.513410212589779924e+00
1.277686679860162045e+01 1.514504804120764714e+00
1.278489375080208568e+01 1.516313041291894814e+00
1.279621785777405130e+01 1.518951965078302546e+00
1.279738660449520182e+01 1.519215869994009482e+00
1.281028099916895613e+01 1.522118698696124373e+00
1.281556891694648570e+01 1.523346805354694800e+00
1.282295528021526643e+01 1.525021527398238819e+00
1.283491997611891655e+01 1.527829801605409932e+00
1.283532307790480331e+01 1.527924356100353487e+00
1.284756178456158260e+01 1.530827184802468377e+00
1.285427103529134740e+01 1.532489156669128771e+00
1.285943096390861129e+01 1.533730013504582823e+00
1.287115673660190218e+01 1.536632842206697491e+00
1.287362209446378003e+01 1.537258933294295415e+00
1.288280127152287058e+01 1.539535670908812159e+00
1.289297315363621088e+01 1.542041589168183346e+00
1.289461379099007843e+01 1.542438499610926828e+00
1.290575350575285896e+01 1.545341328313041496e+00
1.291232421280864173e+01 1.547071094572328054e+00
1.291691888327816606e+01 1.548244157015156164e+00
1.292791736287000504e+01 1.551146985717271054e+00
1.293167527198107436e+01 1.552184306909012435e+00
1.293852100812724792e+01 1.554049814419385278e+00
1.294885120738293871e+01 1.556952643121500168e+00
1.295102633115350699e+01 1.557593350506123908e+00
1.295897479672665220e+01 1.559855471823614836e+00
1.296870171107190650e+01 1.562758300525729505e+00
1.297037739032593606e+01 1.563272676200699207e+00
1.297847161883732525e+01 1.565661129227844395e+00
1.298786708089114939e+01 1.568563957929958841e+00
1.298972844949836869e+01 1.569157195583437803e+00
1.299702066700349690e+01 1.571466786632073509e+00
1.300567124355171700e+01 1.574369615334187955e+00
1.300907950867080132e+01 1.575577889807619814e+00
1.301411561219568469e+01 1.577272444036302845e+00
1.302216012644177390e+01 1.580175272738417291e+00
1.302843056784323217e+01 1.582676582266502985e+00
1.302944781324198331e+01 1.583078101440531960e+00
1.303600313603032035e+01 1.585980930142646628e+00
1.304184274448776293e+01 1.588883758844761296e+00
1.304708716783270894e+01 1.591786587546875964e+00
1.304778162701566302e+01 1.592320429701988616e+00
1.305094896951501404e+01 1.594689416248990632e+00
1.305258085617166586e+01 1.597592244951105300e+00
1.305144371045261664e+01 1.600495073653219968e+00
1.304778162701566302e+01 1.602697827021786203e+00
1.304609497005699836e+01 1.603397902355334637e+00
1.302918429195984196e+01 1.606300731057449305e+00
1.302843056784323217e+01 1.606376686385657671e+00
1.300907950867080132e+01 1.607379442717790319e+00
1.298972844949836869e+01 1.607647171206517012e+00
1.297037739032593606e+01 1.607441541078319158e+00
1.295102633115350699e+01 1.606879389846066708e+00
1.293541226867215777e+01 1.606300731057449305e+00
1.293167527198107436e+01 1.606168612416950525e+00
1.291232421280864173e+01 1.605265976844820308e+00
1.289297315363620910e+01 1.604268130725995833e+00
1.287694519412785965e+01 1.603397902355334637e+00
1.287362209446378003e+01 1.603219319687034350e+00
1.285427103529134740e+01 1.602038711226747125e+00
1.283491997611891655e+01 1.600659440205434603e+00
1.283256401546928593e+01 1.600495073653219968e+00
1.281556891694648570e+01 1.599356097614661909e+00
1.279621785777405485e+01 1.597980837246608887e+00
1.279081727900329923e+01 1.597592244951105300e+00
1.277686679860162045e+01 1.596615180178950322e+00
1.275751573942918959e+01 1.595080593674601310e+00
1.275268291322686309e+01 1.594689416248990632e+00
1.273816468025675874e+01 1.593519886624478410e+00
1.271881362108432612e+01 1.591899730106079547e+00
1.271751029139110400e+01 1.591786587546875964e+00
1.269946256191189349e+01 1.590289486403529740e+00
1.268286793806772295e+01 1.588883758844761296e+00
1.268011150273946441e+01 1.588658783624534054e+00
1.266076044356703179e+01 1.587020509324454043e+00
1.264906930459022405e+01 1.585980930142646628e+00
1.264140938439459916e+01 1.585313016672437181e+00
1.262205832522217008e+01 1.583530781717237046e+00
1.261727147470277721e+01 1.583078101440531960e+00
1.260270726604973746e+01 1.581738371442752644e+00
1.258613705368145474e+01 1.580175272738417291e+00
1.258335620687730483e+01 1.579918389697827052e+00
1.256400514770487398e+01 1.578064786167027833e+00
1.255624425706403180e+01 1.577272444036302623e+00
1.254465408853244313e+01 1.576129907816223419e+00
1.252722088508692799e+01 1.574369615334188177e+00
1.252530302936001050e+01 1.574178415882017124e+00
1.250595197018757965e+01 1.572194228992954468e+00
1.249904399236220875e+01 1.571466786632073731e+00
1.248660091101514880e+01 1.570200431206440150e+00
1.247092249986055457e+01 1.568563957929958841e+00
1.246724985184271617e+01 1.568180693399523262e+00
1.244789879267028354e+01 1.566082015839308950e+00
1.244409430716164877e+01 1.565661129227844173e+00
1.242854773349785269e+01 1.564019479779875876e+00
1.241685854447801418e+01 1.562758300525729505e+00
1.240919667432542184e+01 1.561951045326404275e+00
1.239004290187432211e+01 1.559855471823614836e+00
1.238984561515298921e+01 1.559834442082676631e+00
1.237049455598055658e+01 1.557731985734821301e+00
1.236364589847038253e+01 1.556952643121500390e+00
1.235114349680812751e+01 1.555559937755230937e+00
1.233768959092488693e+01 1.554049814419385722e+00
1.233179243763569488e+01 1.553400325410995375e+00
1.231244137846326225e+01 1.551194374054208680e+00
1.231203534711947967e+01 1.551146985717271054e+00
1.229309031929083496e+01 1.548989695151399282e+00
1.228663890473283260e+01 1.548244157015156164e+00
1.227373926011840055e+01 1.546792504128629675e+00
1.226110669727937541e+01 1.545341328313041718e+00
1.225438820094596792e+01 1.544571969012898727e+00
1.223640402293856866e+01 1.542438499610926828e+00
1.223503714177353707e+01 1.542279947177775723e+00
1.221568608260110622e+01 1.540006546896612427e+00
1.221173123584174114e+01 1.539535670908812159e+00
1.219633502342867359e+01 1.537743098013507836e+00
1.218708022265980340e+01 1.536632842206697713e+00
1.217698396425624274e+01 1.535453206413058602e+00
1.216263205090719168e+01 1.533730013504583045e+00
1.215763290508381189e+01 1.533139545131096071e+00
1.213852584610619090e+01 1.530827184802468155e+00
1.213828184591137926e+01 1.530798229364567886e+00
1.211893078673894664e+01 1.528500799870681437e+00
1.211424590276322100e+01 1.527924356100353487e+00
1.209957972756651756e+01 1.526139260012199461e+00
1.209059908103077419e+01 1.525021527398238819e+00
1.208022866839408493e+01 1.523768512048474078e+00
1.206668058427531953e+01 1.522118698696123928e+00
1.206087760922165231e+01 1.521422383993351612e+00
1.204302959985872512e+01 1.519215869994009482e+00
1.204152655004922146e+01 1.519032501469109953e+00
1.202217549087679060e+01 1.516655812215499388e+00
1.201945368624693522e+01 1.516313041291894814e+00
1.200282443170435798e+01 1.514253056273188625e+00
1.199607370645177262e+01 1.513410212589780146e+00
1.198347337253192535e+01 1.511846439949469989e+00
1.197297271761879145e+01 1.510507383887665478e+00
1.196412231335949627e+01 1.509408872742485475e+00
1.194989143527343600e+01 1.507604555185550588e+00
1.194477125418706365e+01 1.506958679147545999e+00
1.192724231349820130e+01 1.504701726483436142e+00
1.192542019501463102e+01 1.504473042984460829e+00
1.190606913584220017e+01 1.502035968361910889e+00
1.190423928601693149e+01 1.501798897781321251e+00
1.188671807666976754e+01 1.499562156836433235e+00
1.188152944308533598e+01 1.498896069079206805e+00
1.186736701749733669e+01 1.497116846398233392e+00
1.185863315691037556e+01 1.495993240377092359e+00
1.184801595832490584e+01 1.494635157943084103e+00
1.183606302795558918e+01 1.493090411674977691e+00
1.182866489915247499e+01 1.492145603078025573e+00
1.181364369582453122e+01 1.490187582972863023e+00
1.180931383998004236e+01 1.489630140399734515e+00
1.179135787112845968e+01 1.487284754270748355e+00
1.178996278080760973e+01 1.487106440732427481e+00
1.177061172163517888e+01 1.484630139495380696e+00
1.176869598384700666e+01 1.484381925568633687e+00
1.175126066246274803e+01 1.482127447520997787e+00
1.174635495613734193e+01 1.481479096866519019e+00
1.173190960329031540e+01 1.479621892380971193e+00
1.172394466832302840e+01 1.478576268164404350e+00
1.171255854411788278e+01 1.477070792479101558e+00
1.170210318052306242e+01 1.475673439462289682e+00
1.169320748494545370e+01 1.474503631983828278e+00
1.168028656502501583e+01 1.472770610760175014e+00
1.167385642577302107e+01 1.471920137511517401e+00
1.165839089566654252e+01 1.469867782058060346e+00
1.165450536660058845e+01 1.469352098756519620e+00
1.163684318505203841e+01 1.466964953355945678e+00
1.163515430742815937e+01 1.466742250514679435e+00
1.161580324825572674e+01 1.464152184075938390e+00
1.161513617652483887e+01 1.464062124653830788e+00
1.159645218908329234e+01 1.461558300283827716e+00
1.159351662541362771e+01 1.461159295951716341e+00
1.157710112991086504e+01 1.458942765091256311e+00
1.157206263607196739e+01 1.458256467249601895e+00
1.155775007073843241e+01 1.456332884480493473e+00
1.155052380976086113e+01 1.455353638547487005e+00
1.153839901156599979e+01 1.453721524083387173e+00
1.152911851895472672e+01 1.452450809845372337e+00
1.151904795239356893e+01 1.451079490536528294e+00
1.150781329582308565e+01 1.449547981143257669e+00
1.149969689322113808e+01 1.448448704510509444e+00
1.148662612274620187e+01 1.446645152441143001e+00
1.148034583404870546e+01 1.445780781205184384e+00
1.146564808458039941e+01 1.443742323739028333e+00
1.146099477487627283e+01 1.443097316300887556e+00
1.144476912672593727e+01 1.440839495036913664e+00
1.144164371570384198e+01 1.440410048774868335e+00
1.142391007940009295e+01 1.437936666334798996e+00
1.142229265653141113e+01 1.437710945823513775e+00
1.140308663997537764e+01 1.435033837632684328e+00
1.140294159735897850e+01 1.435013804411946037e+00
1.138359053818654765e+01 1.432307602270904257e+00
1.138232156274225915e+01 1.432131008930569660e+00
1.136423947901411680e+01 1.429635297243217584e+00
1.136132172772306959e+01 1.429228180228454992e+00
1.134488841984168417e+01 1.426924322029577752e+00
1.134067518601448654e+01 1.426325351526340324e+00
1.132553736066925154e+01 1.424186129387064348e+00
1.132015337460504512e+01 1.423422522824225656e+00
1.130618630149682247e+01 1.421445946841905839e+00
1.129967544212428088e+01 1.420519694122110987e+00
1.128683524232438984e+01 1.418686908347010167e+00
1.127941366215094909e+01 1.417616865419996319e+00
1.126748418315195721e+01 1.415912578506714148e+00
1.125911222583661342e+01 1.414714036717881651e+00
1.124813312397952636e+01 1.413145366938107994e+00
1.123878138368634083e+01 1.411811208015766983e+00
1.122878206480709551e+01 1.410379490619241061e+00
1.121868497201645454e+01 1.408908379313652315e+00
1.120943100563466288e+01 1.407560832607775758e+00
1.119867746481948600e+01 1.406005550611537647e+00
1.119007994646223203e+01 1.404759201549273584e+00
1.117870634851080247e+01 1.403102721909422979e+00
1.117072888728980118e+01 1.401932408238719674e+00
1.115898282183642287e+01 1.400199893207308310e+00
1.115137782811736855e+01 1.399076325327438308e+00
1.113938453984014387e+01 1.397297064505193642e+00
1.113202676894493592e+01 1.396201532119767830e+00
1.111991018577460011e+01 1.394394235803078974e+00
1.111267570977250507e+01 1.393315450833028102e+00
1.110034009758130225e+01 1.391491407100964306e+00
1.109332465060007422e+01 1.390453326738485096e+00
1.108092160551172611e+01 1.388588578398849638e+00
1.107397359142764159e+01 1.387534438050288532e+00
1.106186022604896024e+01 1.385685749696734970e+00
1.105462253225521074e+01 1.384576972806017547e+00
1.104273072071512374e+01 1.382782920994620302e+00
1.103527147308277989e+01 1.381647632688136174e+00
1.102370248285798304e+01 1.379880092292505633e+00
1.101592041391034726e+01 1.378683702854082815e+00
1.100480899743327967e+01 1.376977263590390965e+00
1.099656935473791464e+01 1.375703781835418305e+00
1.098602054865268762e+01 1.374074434888276297e+00
1.097721829556548556e+01 1.372705392642895816e+00
1.096729950771925388e+01 1.371171606186161629e+00
1.095786723639305293e+01 1.369692478238985878e+00
1.094881383712522549e+01 1.368268777484046961e+00
1.093851617722062031e+01 1.366647397455516000e+00
1.093030038364603485e+01 1.365365948781932293e+00
1.091916511804818946e+01 1.363608844783632978e+00
1.091188381323599543e+01 1.362463120079817624e+00
1.089981405887575860e+01 1.360545911706260602e+00
1.089355165849914897e+01 1.359560291377702956e+00
1.088046299970332598e+01 1.357486621115855385e+00
1.087523706710476468e+01 1.356657462675588288e+00
1.086111194053089513e+01 1.354377143893757962e+00
1.085721331281229496e+01 1.353754633973473620e+00
1.084176088135846427e+01 1.351281450829875608e+00
1.083904106480682650e+01 1.350851805271358952e+00
1.082240982218603165e+01 1.348208887847269777e+00
1.082079124286279104e+01 1.347948976569244284e+00
1.080307428643536838e+01 1.345046147867129616e+00
1.080305876301359902e+01 1.345043592626378848e+00
1.078524674856211973e+01 1.342143319165014947e+00
1.078370770384116817e+01 1.341888988831029472e+00
1.076744127278557173e+01 1.339240490462900279e+00
1.076435664466873732e+01 1.338730559737994374e+00
1.074984439448462226e+01 1.336337661760785611e+00
1.074500558549630469e+01 1.335525386464862851e+00
1.073223820137131312e+01 1.333434833058670943e+00
1.072565452632387384e+01 1.332353739272004400e+00
1.071458109900540734e+01 1.330532004356556275e+00
1.070630346715144299e+01 1.329137689443739223e+00
1.069728269444036783e+01 1.327629175654441607e+00
1.068695240797901036e+01 1.325878782666324307e+00
1.068008825359359193e+01 1.324726346952326939e+00
1.066760134880657951e+01 1.322579732888438997e+00
1.066307948096377878e+01 1.321823518250212270e+00
1.064825028963414866e+01 1.319306046375378960e+00
1.064598680785734786e+01 1.318920689548097602e+00
1.062917149052487353e+01 1.316017860845982934e+00
1.062889923046171603e+01 1.315969570777522524e+00
1.061250202339335935e+01 1.313115032143868266e+00
1.060954817128928340e+01 1.312592981646415025e+00
1.059577211930909257e+01 1.310212203441753598e+00
1.059019711211685255e+01 1.309234072007380512e+00
1.057913227512148069e+01 1.307309374739638930e+00
1.057084605294442170e+01 1.305832733179156158e+00
1.056277235097670442e+01 1.304406546037524262e+00
1.055149499377198907e+01 1.302365904694831045e+00
1.054659790102177119e+01 1.301503717335409593e+00
1.053214393459956000e+01 1.298905826532943841e+00
1.053041362555643801e+01 1.298600888633294925e+00
1.051439434524148453e+01 1.295698059931180257e+00
1.051279287542712559e+01 1.295401423206537173e+00
1.049845215762373130e+01 1.292795231229065589e+00
1.049344181625469474e+01 1.291858976038667395e+00
1.048278224230998923e+01 1.289892402526950921e+00
1.047409075708226212e+01 1.288273120311184350e+00
1.046715767550300313e+01 1.286989573824836253e+00
1.045473969790983304e+01 1.284621060076418075e+00
1.045187732828046023e+01 1.284086745122721585e+00
1.043690823882651131e+01 1.281183916420606916e+00
1.043538863873740041e+01 1.280879527438778753e+00
1.042208014942756655e+01 1.278281087718492248e+00
1.041603757956496779e+01 1.277089087403528112e+00
1.040723043437840545e+01 1.275378259016377580e+00
1.039668652039253693e+01 1.273234827521706025e+00
1.039280238872529338e+01 1.272475430314262912e+00
1.037861292972821659e+01 1.269572601612148466e+00
1.037733546122010608e+01 1.269303952702491411e+00
1.036460817194767614e+01 1.266669772910033798e+00
1.035798440204767346e+01 1.265247048781136918e+00
1.035097780093689934e+01 1.263766944207919130e+00
1.033863334287524260e+01 1.261065096344694991e+00
1.033767117021634618e+01 1.260864115505804461e+00
1.032441491458949301e+01 1.257961286803689793e+00
1.031928228370280998e+01 1.256782427404265601e+00
1.031184932390642928e+01 1.255058458101575125e+00
1.029993122453038090e+01 1.252221892523095681e+00
1.029963471686324539e+01 1.252155629399460457e+00
1.028763601823122897e+01 1.249252800697345789e+00
1.028058016535794650e+01 1.247449049905318130e+00
1.027625616369296324e+01 1.246349971995231121e+00
1.026567166144368315e+01 1.243447143293116453e+00
1.026122910618551565e+01 1.242102832852126193e+00
1.025589366793015422e+01 1.240544314591001562e+00
1.024671549268367521e+01 1.237641485888887116e+00
1.024187804701308480e+01 1.235912175288771397e+00
1.023847688101670883e+01 1.234738657186772226e+00
1.023123008243132759e+01 1.231835828484657780e+00
1.022583177049829928e+01 1.228932999782543112e+00
1.022252795233593226e+01 1.226030171080428444e+00
1.022252698784065217e+01 1.226022992724185690e+00
1.022212963527682383e+01 1.223127342378313775e+00
1.022252698784065217e+01 1.222826877757932085e+00
1.022754920479701823e+01 1.220224513676199107e+00
1.024187804701308480e+01 1.217357282845410671e+00
1.024218076379968245e+01 1.217321684974084439e+00
1.026122910618551565e+01 1.215913491948772407e+00
