1.117077938567954787e+00 1.022365730660734862e+01
1.114733150145609031e+00 1.023188146761531847e+01
1.111882055745703646e+00 1.024915937736806626e+01
1.109119015402927566e+00 1.027686981162606017e+01
1.106686172923452505e+00 1.030411049188250772e+01
1.105257071471734243e+00 1.032185815563680009e+01
1.101490290101201364e+00 1.036319881169489321e+01
1.100969115083964445e+00 1.036684649964754179e+01
1.096294407278950223e+00 1.039674291138480733e+01
1.093992723699890979e+00 1.041183484365828349e+01
1.091098524456699526e+00 1.042555121855396294e+01
1.085902641634448162e+00 1.044209170675495457e+01
1.080706758812197021e+00 1.044924815364396586e+01
1.075510875989945880e+00 1.045275926278216971e+01
1.073164470281240179e+00 1.045682318766902341e+01
1.070314993167694739e+00 1.046216179715131389e+01
1.065119110345443820e+00 1.049382377485683548e+01
1.064215054471885580e+00 1.050181153167976511e+01
1.062606472087501475e+00 1.054679987569050503e+01
1.062692142782073246e+00 1.059178821970124673e+01
1.063322701496450584e+00 1.063677656371198665e+01
1.064211027092537565e+00 1.068176490772272835e+01
1.064851358983402996e+00 1.072675325173347005e+01
1.065119110345443820e+00 1.074093372306570515e+01
1.065740142668856638e+00 1.077174159574420997e+01
1.066671320735965711e+00 1.081672993975495167e+01
1.067955422773004148e+00 1.086171828376569160e+01
1.069811943213974548e+00 1.090670662777643329e+01
1.070314993167694739e+00 1.091641805658683495e+01
1.072286164412270093e+00 1.095169497178717322e+01
1.074003284765330690e+00 1.099668331579791491e+01
1.075448946163813702e+00 1.104167165980865661e+01
1.075510875989945880e+00 1.104337354981841202e+01
1.077203585058366553e+00 1.108666000381939654e+01
1.079004808662914261e+00 1.113164834783013823e+01
1.080706758812197021e+00 1.116309353190922771e+01
1.081416547612089607e+00 1.117663669184087993e+01
1.084399665290010306e+00 1.122162503585161986e+01
1.085902641634448162e+00 1.124391191872165408e+01
1.087413695244997092e+00 1.126661337986236155e+01
1.090591700980243273e+00 1.131160172387310148e+01
1.091098524456699304e+00 1.131843814619432642e+01
1.093903871590026222e+00 1.135659006788384318e+01
1.096294407278950001e+00 1.138977993420699519e+01
1.097166547832656214e+00 1.140157841189458310e+01
1.100665664867326088e+00 1.144656675590532480e+01
1.101490290101201364e+00 1.145582216672125853e+01
1.104310905154606726e+00 1.149155509991606650e+01
1.106686172923452505e+00 1.152416634817689989e+01
1.107543264823687368e+00 1.153654344392680642e+01
1.111282565005048184e+00 1.158153178793754812e+01
1.111882055745703646e+00 1.158862498054610413e+01
1.115025994989956359e+00 1.162652013194828982e+01
1.117077938567954787e+00 1.165603612347985951e+01
1.118208756007441185e+00 1.167150847595902974e+01
1.121972681438281327e+00 1.171649681996976966e+01
1.122273821390205706e+00 1.172033475952707526e+01
1.125477829192069734e+00 1.176148516398051136e+01
1.127469704212456847e+00 1.179094978227880297e+01
1.128486115642701515e+00 1.180647350799125306e+01
1.131819956163945040e+00 1.185146185200199298e+01
1.132665587034707988e+00 1.186369788700820038e+01
1.134653749382807275e+00 1.189645019601273468e+01
1.137068609425830212e+00 1.194143854002347638e+01
1.137861469856959129e+00 1.195710143079535115e+01
1.139225945333542045e+00 1.198642688403421630e+01
1.141347584139623672e+00 1.203141522804495800e+01
1.143057352679210270e+00 1.207564127964244527e+01
1.143085387860445223e+00 1.207640357205569792e+01
1.145215561396955462e+00 1.212139191606643962e+01
1.147533908704047478e+00 1.216638026007717954e+01
1.148253235501461189e+00 1.218038090656897943e+01
1.149640131089894046e+00 1.221136860408792302e+01
1.151774681148520774e+00 1.225635694809866294e+01
1.153449118323712330e+00 1.229313816998999087e+01
1.153786024630648166e+00 1.230134529210940286e+01
1.155398220474677551e+00 1.234633363612014456e+01
1.156795917839793297e+00 1.239132198013088626e+01
1.158196663122552428e+00 1.243631032414162618e+01
1.158645001145963471e+00 1.245010705799197304e+01
1.159766191637642052e+00 1.248129866815236610e+01
1.162089870612180276e+00 1.252628701216310780e+01
1.163840883968214612e+00 1.255873755048012974e+01
1.164617388550241994e+00 1.257127535617384950e+01
1.167427821758876938e+00 1.261626370018458942e+01
1.169036766790465753e+00 1.263747808378341553e+01
1.170795221043450240e+00 1.266125204419532935e+01
1.174232649612716450e+00 1.270184632894811472e+01
1.174654920328733976e+00 1.270624038820607282e+01
1.179428532434968036e+00 1.275069903108055236e+01
1.179487999709865731e+00 1.275122873221681274e+01
1.184624415257218955e+00 1.279534094719512360e+01
1.184738219961582795e+00 1.279621707622755444e+01
1.189820298079470096e+00 1.283363520313613648e+01
1.191038131375704356e+00 1.284120542023829437e+01
1.195016180901721459e+00 1.286468014121151349e+01
1.198867563332870478e+00 1.288619376424903606e+01
1.200212063723972156e+00 1.289298284356122259e+01
1.205407946546223297e+00 1.291842505236310856e+01
1.208240535061882337e+00 1.293118210825977599e+01
1.210603829368474438e+00 1.294213724297284962e+01
1.215799712190725579e+00 1.296347981830565921e+01
1.219317326929079126e+00 1.297617045227051946e+01
1.220995595012976720e+00 1.298295221673244448e+01
1.226191477835227639e+00 1.300548386291382208e+01
1.229756354829216081e+00 1.302115879628125938e+01
1.231387360657478780e+00 1.302801284925021363e+01
1.236583243479729921e+00 1.305020049246897784e+01
1.239364774098216548e+00 1.306614714029199931e+01
1.241779126301981062e+00 1.308165425503480961e+01
1.245731166893472075e+00 1.311113548430274101e+01
1.246975009124232203e+00 1.312042616880162527e+01
1.252170891946483122e+00 1.315599304780076118e+01
1.252189595906533226e+00 1.315612382831348093e+01
1.257366774768734263e+00 1.319353050443551467e+01
1.258315485380325782e+00 1.320111217232422263e+01
1.262562657590985404e+00 1.323496141634578649e+01
1.263855758328834344e+00 1.324610051633496255e+01
1.267758540413236545e+00 1.327732094051310519e+01
1.269567634246715704e+00 1.329108886034570425e+01
1.272954423235487686e+00 1.331719791272350228e+01
1.275334867625560697e+00 1.333607720435644595e+01
1.278150306057738606e+00 1.335691155670206953e+01
1.281421608266265499e+00 1.338106554836718587e+01
1.283346188879989747e+00 1.339504617412289988e+01
1.287161012292154849e+00 1.342605389237792757e+01
1.288542071702240888e+00 1.343790491552474720e+01
1.292308393133047906e+00 1.347104223638866927e+01
1.293737954524492029e+00 1.348610577190944682e+01
1.296357808369219988e+00 1.351603058039940919e+01
1.298933837346743170e+00 1.355005878571224720e+01
1.299738195978907163e+00 1.356101892441015089e+01
1.302319751582347251e+00 1.360600726842089259e+01
1.304129720168994089e+00 1.364516893756408678e+01
1.304407961360910528e+00 1.365099561243163073e+01
1.306700346255526224e+00 1.369598395644237243e+01
1.308518015210784924e+00 1.374097230045311413e+01
1.309325602991245230e+00 1.375996012910762012e+01
1.310493379372167588e+00 1.378596064446385583e+01
1.312978407766173472e+00 1.383094898847459575e+01
1.314521485813496371e+00 1.386066949964373407e+01
1.315537909324941745e+00 1.387593733248533745e+01
1.318950246176680441e+00 1.392092567649607915e+01
1.319717368635747512e+00 1.392937246515993799e+01
1.322950533574475784e+00 1.396591402050681907e+01
1.324913251457998653e+00 1.398848707839531613e+01
1.327103771303628665e+00 1.401090236451755899e+01
1.330109134280249572e+00 1.403997140307115643e+01
1.331739728581482485e+00 1.405589070852830069e+01
1.335305017102500713e+00 1.409164375272850123e+01
1.336228884284624163e+00 1.410087905253904239e+01
1.340415095009141355e+00 1.414586739654978231e+01
1.340500899924751854e+00 1.414687594658908232e+01
1.344665197506372589e+00 1.419085574056052224e+01
1.345696782747002995e+00 1.420287753091293936e+01
1.348556533570278493e+00 1.423584408457126571e+01
1.350892665569254136e+00 1.425940990228155592e+01
1.353311815232640658e+00 1.428083242858200563e+01
1.356088548391505055e+00 1.430259539511295586e+01
1.359314906719859328e+00 1.432582077259274733e+01
1.361284431213756196e+00 1.433692935610178054e+01
1.366480314036007337e+00 1.436698429032739632e+01
1.367160271539917593e+00 1.437080911660348903e+01
1.371676196858258479e+00 1.439399246989184000e+01
1.376872079680509620e+00 1.441577398159156864e+01
1.376881962007866500e+00 1.441579746061422895e+01
1.382067962502760317e+00 1.442784551962684070e+01
1.387263845325011680e+00 1.443986208656252401e+01
1.392459728147262821e+00 1.445880734408364354e+01
1.392927297159638478e+00 1.446078580462496888e+01
1.397655610969513962e+00 1.447977510860999573e+01
1.402851493791765103e+00 1.450280191901588189e+01
1.403526416290477474e+00 1.450577414863571057e+01
1.408047376614016022e+00 1.452637705686225189e+01
1.413243259436267163e+00 1.455040818489881183e+01
1.413315171737042686e+00 1.455076249264645227e+01
1.418439142258518082e+00 1.457677919097830355e+01
1.421861453028463895e+00 1.459575083665719220e+01
1.423635025080769445e+00 1.460604525424199807e+01
1.428830907903020586e+00 1.463504519462225595e+01
1.429742625815711321e+00 1.464073918066793389e+01
1.434026790725271727e+00 1.466979935618932984e+01
1.436339536691244589e+00 1.468572752467867559e+01
1.439222673547522646e+00 1.470961007799264664e+01
1.441838252884717786e+00 1.473071586868941552e+01
1.444418556369773787e+00 1.475184939811065732e+01
1.447906024624989962e+00 1.477570421270015544e+01
1.449614439192024928e+00 1.478712949488645378e+01
1.454810322014276291e+00 1.481836617252809241e+01
1.455275375151528827e+00 1.482069255671089891e+01
1.460006204836526766e+00 1.484400569866463648e+01
1.464355533600650405e+00 1.486568090072163884e+01
1.465202087658778130e+00 1.487017738594286520e+01
1.470397970481029493e+00 1.489739021223143212e+01
1.473341936828117316e+00 1.491066924473237876e+01
1.475593853303280412e+00 1.492021419449598341e+01
1.480789736125531775e+00 1.494623864898626842e+01
1.483101181513178490e+00 1.495565758874312046e+01
1.485985618947782472e+00 1.496737205057441855e+01
1.491181501770033613e+00 1.498843346879241878e+01
1.494322513037843692e+00 1.500064593275386216e+01
1.496377384592284754e+00 1.500857744686602402e+01
1.501573267414535895e+00 1.503525533646584833e+01
1.503487559029677456e+00 1.504563427676460208e+01
1.506769150236787036e+00 1.506234805517697239e+01
1.511643564239774751e+00 1.509062262077534378e+01
1.511965033059037955e+00 1.509258238952478592e+01
1.517160915881289096e+00 1.512350519899247736e+01
1.519182365190581141e+00 1.513561096478608547e+01
1.522356798703540237e+00 1.515525594494437556e+01
1.526135666702231886e+00 1.518059930879682540e+01
1.527552681525791378e+00 1.519049909190204772e+01
1.532748564348042519e+00 1.522456967592051491e+01
1.532892689214341519e+00 1.522558765280756354e+01
1.537944447170293438e+00 1.526331605613645515e+01
1.538923021194442242e+00 1.527057599681830702e+01
1.543140329992544801e+00 1.530190770183181570e+01
1.545070662606703227e+00 1.531556434082904872e+01
1.548336212814795720e+00 1.533872745423326123e+01
1.551521852739423224e+00 1.536055268483978864e+01
1.553532095637046861e+00 1.537535855539344354e+01
1.557461880037717128e+00 1.540554102885053034e+01
1.558727978459298003e+00 1.541483290787442328e+01
1.563708388222903256e+00 1.545052937286127204e+01
1.563923861281548922e+00 1.545214487752341448e+01
1.569119744103800285e+00 1.549298141144088881e+01
1.569455794124907211e+00 1.549551771687201196e+01
1.574315626926051204e+00 1.553102560887690231e+01
1.575695686798654904e+00 1.554050606088275188e+01
1.579511509748302345e+00 1.556578505939322454e+01
1.582626828373454586e+00 1.558549440489349536e+01
1.584707392570553486e+00 1.559936241358832554e+01
1.589903275392804405e+00 1.562476421599477483e+01
1.591021266944450119e+00 1.563048274890423528e+01
1.595099158215055768e+00 1.565163085742282512e+01
1.599813144619908867e+00 1.567547109291497520e+01
1.600295041037306687e+00 1.567782784002669416e+01
1.605490923859557828e+00 1.570191585982101934e+01
1.609458288446891983e+00 1.572045943692571690e+01
1.610686806681809191e+00 1.572630662387886069e+01
1.615882689504059888e+00 1.574680124612936893e+01
1.620901065608741476e+00 1.576544778093645860e+01
1.621078572326311251e+00 1.576609140226357653e+01
1.626274455148562170e+00 1.578380315222910113e+01
1.631470337970813311e+00 1.579858208077687109e+01
1.636666220793064452e+00 1.580975566153544776e+01
1.636966289692909360e+00 1.581043612494719852e+01
1.641862103615315371e+00 1.582115818929176854e+01
1.647057986437566734e+00 1.583031405587713714e+01
1.652253869259817654e+00 1.583791553013911724e+01
1.657449752082068795e+00 1.584329197629047670e+01
1.662645634904319936e+00 1.584480995453662189e+01
1.667841517726571077e+00 1.584485215013673276e+01
1.673037400548822218e+00 1.584177352325336585e+01
1.678233283371073359e+00 1.583502169347055677e+01
1.683429166193324278e+00 1.583062507361549720e+01
1.688625049015575419e+00 1.582784020200885422e+01
1.693820931837826338e+00 1.582745120289729712e+01
1.699016814660077479e+00 1.582843743799998393e+01
1.704212697482328620e+00 1.583252051598010013e+01
1.709408580304579761e+00 1.583862675229818784e+01
1.714604463126830902e+00 1.584706933421515984e+01
1.719731616232170079e+00 1.585542446895794022e+01
1.719800345949081821e+00 1.585554738843901035e+01
1.724996228771333184e+00 1.586775091139993066e+01
1.730192111593584325e+00 1.588003878863839091e+01
1.735387994415835022e+00 1.589105215423312956e+01
1.739129367528017944e+00 1.590041281296868192e+01
1.740583877238086163e+00 1.590446412598421944e+01
1.745779760060337304e+00 1.591967184932367019e+01
1.750975642882588890e+00 1.594041978073599886e+01
1.752353873501164561e+00 1.594540115697942184e+01
1.756171525704839809e+00 1.596021717111856297e+01
1.761367408527090728e+00 1.597960667509229182e+01
1.764456133716193698e+00 1.599038950099016176e+01
1.766563291349341869e+00 1.599977528410246741e+01
1.771759174171592566e+00 1.601945051147004762e+01
1.776330348234246514e+00 1.603537784500090524e+01
1.776955056993844151e+00 1.603774713333041291e+01
1.782150939816095070e+00 1.605541102147962107e+01
1.787346822638346211e+00 1.607035289518107746e+01
1.791294288843626070e+00 1.608036618901164516e+01
1.792542705460597352e+00 1.608252359051038027e+01
1.797738588282848493e+00 1.608524549511878377e+01
1.799735488564936592e+00 1.608036618901164516e+01
1.802934471105099856e+00 1.606748834924749048e+01
1.806615503504149567e+00 1.603537784500090524e+01
1.808130353927350553e+00 1.601363892868137739e+01
1.809486028860065376e+00 1.599038950099016176e+01
1.811225552026358709e+00 1.594540115697942184e+01
1.813044501746090997e+00 1.590041281296868370e+01
1.813326236749601694e+00 1.589367625242659443e+01
1.814732113022925475e+00 1.585542446895794200e+01
1.816661920891612825e+00 1.581043612494719852e+01
1.818400874456336691e+00 1.576544778093645860e+01
1.818522119571852835e+00 1.576273603340385243e+01
1.820253904026099434e+00 1.572045943692571512e+01
1.821392489478118382e+00 1.567547109291497520e+01
1.822349802628838500e+00 1.563048274890423528e+01
1.823452647878440525e+00 1.558549440489349536e+01
1.823718002394103754e+00 1.557570388679694773e+01
1.824603753717193966e+00 1.554050606088275188e+01
1.825451560531882400e+00 1.549551771687201196e+01
1.825065364816564895e+00 1.545052937286127204e+01
1.824343878897011662e+00 1.540554102885052856e+01
1.823718002394103754e+00 1.538282977031989596e+01
1.823086871618017302e+00 1.536055268483978864e+01
1.821232535327262259e+00 1.531556434082904872e+01
1.818844585127776137e+00 1.527057599681830702e+01
1.818522119571852835e+00 1.526494040068541835e+01
1.816424006191281304e+00 1.522558765280756532e+01
1.813725053380700780e+00 1.518059930879682540e+01
1.813326236749601694e+00 1.517441750921864596e+01
1.810714316325822137e+00 1.513561096478608547e+01
1.808130353927350553e+00 1.509919538379354620e+01
1.807524992805306541e+00 1.509062262077534200e+01
1.804264882460635100e+00 1.504563427676460208e+01
1.802934471105099634e+00 1.502813784845685063e+01
1.800874298534945073e+00 1.500064593275386216e+01
1.797738588282848271e+00 1.496102527304332241e+01
1.797343599453196550e+00 1.495565758874312046e+01
1.794331835569508815e+00 1.491066924473237876e+01
1.792542705460597352e+00 1.488250052751158314e+01
1.791445340062731262e+00 1.486568090072163884e+01
1.788722754824566774e+00 1.482069255671089891e+01
1.787346822638346211e+00 1.479398634104344623e+01
1.786413192244662884e+00 1.477570421270015544e+01
1.784154690350218342e+00 1.473071586868941552e+01
1.782302735220465006e+00 1.468572752467867559e+01
1.782150939816095070e+00 1.468219205842425978e+01
1.780447967731549230e+00 1.464073918066793567e+01
1.778456614825456805e+00 1.459575083665719220e+01
1.776955056993843929e+00 1.456216040173027082e+01
1.776464679653847911e+00 1.455076249264645227e+01
1.774241207766542150e+00 1.450577414863571057e+01
1.771759174171592788e+00 1.446252997667900608e+01
1.771662270681675144e+00 1.446078580462496888e+01
1.768780653501693667e+00 1.441579746061422895e+01
1.766563291349341869e+00 1.438336305843461460e+01
1.765694890021036301e+00 1.437080911660348903e+01
1.762186888542561780e+00 1.432582077259274733e+01
1.761367408527090728e+00 1.431654607847897509e+01
1.758202019577998154e+00 1.428083242858200563e+01
1.756171525704839587e+00 1.426017379623981185e+01
1.753791980204203682e+00 1.423584408457126571e+01
1.750975642882588890e+00 1.420763324969443531e+01
1.749408244728891448e+00 1.419085574056052579e+01
1.745779760060337527e+00 1.415207458994760081e+01
1.745172969855986800e+00 1.414586739654978231e+01
1.740583877238086163e+00 1.410241549537952288e+01
1.740428795087132663e+00 1.410087905253904239e+01
1.735672085360991712e+00 1.405589070852830069e+01
1.735387994415835244e+00 1.405340649358141469e+01
1.730616981331744020e+00 1.401090236451755899e+01
1.730192111593584325e+00 1.400681284182799935e+01
1.725774668052017624e+00 1.396591402050681907e+01
1.724996228771333184e+00 1.395819421858718457e+01
1.721834692366780661e+00 1.392092567649607915e+01
1.719800345949081599e+00 1.389335769366239504e+01
1.718561025127416819e+00 1.387593733248533745e+01
1.715301535134197142e+00 1.383094898847459575e+01
1.714604463126831124e+00 1.382098263483717027e+01
1.712155207466283580e+00 1.378596064446385583e+01
1.709408580304579761e+00 1.374846867100802150e+01
1.708837243310366460e+00 1.374097230045311413e+01
1.705680505775733602e+00 1.369598395644237243e+01
1.704212697482328620e+00 1.367709104809288334e+01
1.701950946360542005e+00 1.365099561243163251e+01
1.699016814660077479e+00 1.361626401220313554e+01
1.698015100193990046e+00 1.360600726842089436e+01
1.693820931837826338e+00 1.356266709590559927e+01
1.693653070695033902e+00 1.356101892441015089e+01
1.689210384666651965e+00 1.351603058039940919e+01
1.688625049015575419e+00 1.351045825336724171e+01
1.684731702547297871e+00 1.347104223638866927e+01
1.683429166193324278e+00 1.345595770919212875e+01
1.681221067296743588e+00 1.342605389237792934e+01
1.678332762540615253e+00 1.338106554836718587e+01
1.678233283371073137e+00 1.337959017401735373e+01
1.675410508612540816e+00 1.333607720435644595e+01
1.673037400548822218e+00 1.329590968765391423e+01
1.672740528074693422e+00 1.329108886034570602e+01
1.669846606284679735e+00 1.324610051633496255e+01
1.667841517726570855e+00 1.321442415455335961e+01
1.666904388322191455e+00 1.320111217232422263e+01
1.662838578995821770e+00 1.315612382831348270e+01
1.662645634904319936e+00 1.315444986287894125e+01
1.657449752082068795e+00 1.311462394408325416e+01
1.656942088092847376e+00 1.311113548430274278e+01
1.652253869259817431e+00 1.308439803546168889e+01
1.648592369873063790e+00 1.306614714029199931e+01
1.647057986437566734e+00 1.305908662584138114e+01
1.641862103615315371e+00 1.303771118751649460e+01
1.638042942068977492e+00 1.302115879628125938e+01
1.636666220793064452e+00 1.301575881015487290e+01
1.631470337970813311e+00 1.299809728703671752e+01
1.626274455148562170e+00 1.298154891481237172e+01
1.624686176625706358e+00 1.297617045227051769e+01
1.621078572326311251e+00 1.296432128441294829e+01
1.615882689504059888e+00 1.294324805354633412e+01
1.613503751244849349e+00 1.293118210825977599e+01
1.610686806681808747e+00 1.291475999023031029e+01
1.606109395638550152e+00 1.288619376424903606e+01
1.605490923859557828e+00 1.288238407355565940e+01
1.600295041037306465e+00 1.284286492767500221e+01
1.600088785959552284e+00 1.284120542023829259e+01
1.595099158215055768e+00 1.280029638824460569e+01
1.594639903447553131e+00 1.279621707622755444e+01
1.590277632325705071e+00 1.275122873221681274e+01
1.589903275392804405e+00 1.274653512455142135e+01
1.586334819190932999e+00 1.270624038820607282e+01
1.584707392570553486e+00 1.268905369540352268e+01
1.582361179341155610e+00 1.266125204419533112e+01
1.579511509748302345e+00 1.262901748722762818e+01
1.578335727654244680e+00 1.261626370018458765e+01
1.574315626926051204e+00 1.257340685552893689e+01
1.574113824243531079e+00 1.257127535617384950e+01
1.569173710004564626e+00 1.252628701216310780e+01
1.569119744103800285e+00 1.252581407509049427e+01
1.563923861281548922e+00 1.248249304843260532e+01
1.563773911048846887e+00 1.248129866815236610e+01
1.558727978459298003e+00 1.244165937145879930e+01
1.558035874067949411e+00 1.243631032414162618e+01
1.553532095637046861e+00 1.240453838961368049e+01
1.551727946915003820e+00 1.239132198013088626e+01
1.548336212814795720e+00 1.236806235204499238e+01
1.545065741768879786e+00 1.234633363612014456e+01
1.543140329992544801e+00 1.233268048384170790e+01
1.538986494443445707e+00 1.230134529210940286e+01
1.537944447170293216e+00 1.229364545725115576e+01
1.533376265943029226e+00 1.225635694809866294e+01
1.532748564348042297e+00 1.225157924089590544e+01
1.528070752047561154e+00 1.221136860408792124e+01
1.527552681525791378e+00 1.220596166312067332e+01
1.524011030077444984e+00 1.216638026007717954e+01
1.522356798703540237e+00 1.214566369865263695e+01
1.520466783120680621e+00 1.212139191606643962e+01
1.517173401324615201e+00 1.207640357205569792e+01
1.517160915881289318e+00 1.207622150647328496e+01
1.513756659530610893e+00 1.203141522804495800e+01
1.511965033059037955e+00 1.200675504294586560e+01
1.510336472522278317e+00 1.198642688403421808e+01
1.506894824961768631e+00 1.194143854002347638e+01
1.506769150236787036e+00 1.194004800812226463e+01
1.501980898913110041e+00 1.189645019601273468e+01
1.501573267414535895e+00 1.189317615251442106e+01
1.496377384592284754e+00 1.185238907735648617e+01
1.496245304540387178e+00 1.185146185200199298e+01
1.491181501770033613e+00 1.182016200011069174e+01
1.488705898250789028e+00 1.180647350799125306e+01
1.485985618947782472e+00 1.179139894056236137e+01
1.480789736125531553e+00 1.176519116235102658e+01
1.479972059935740880e+00 1.176148516398051136e+01
1.475593853303280412e+00 1.174383272938875677e+01
1.470397970481029271e+00 1.172293092320347796e+01
1.468825552403254298e+00 1.171649681996976966e+01
1.465202087658778130e+00 1.170284102544112770e+01
1.460006204836526988e+00 1.168411046708847678e+01
1.456781315711560554e+00 1.167150847595902974e+01
1.454810322014276069e+00 1.166308670850718343e+01
1.449614439192024928e+00 1.163595920760411140e+01
1.447747816167461732e+00 1.162652013194828982e+01
1.444418556369773787e+00 1.160807616524150809e+01
1.439960202632874386e+00 1.158153178793754989e+01
1.439222673547522646e+00 1.157691931338639613e+01
1.434026790725271727e+00 1.154345340981406309e+01
1.433010928732352918e+00 1.153654344392680642e+01
1.428830907903020586e+00 1.150916421965288094e+01
1.426281219941472500e+00 1.149155509991606650e+01
1.423635025080769445e+00 1.147210132737977517e+01
1.420123520526113792e+00 1.144656675590532480e+01
1.418439142258518304e+00 1.143416562793933267e+01
1.413924701646126936e+00 1.140157841189458310e+01
1.413243259436267163e+00 1.139668391760146804e+01
1.408047376614016022e+00 1.135843289524752109e+01
1.407778211244415711e+00 1.135659006788384318e+01
1.402851493791765103e+00 1.132236421322620856e+01
1.401077175355046389e+00 1.131160172387310325e+01
1.397655610969513962e+00 1.129037765685364647e+01
1.393897471570818780e+00 1.126661337986236155e+01
1.392459728147262821e+00 1.125723089301417623e+01
1.387263845325011458e+00 1.122536313958088527e+01
1.386646780854004390e+00 1.122162503585162163e+01
1.382067962502760539e+00 1.119620428751336227e+01
1.378206579326371140e+00 1.117663669184087993e+01
1.376872079680509842e+00 1.116986932789722253e+01
1.371676196858258479e+00 1.114507876448965895e+01
1.369227590228233371e+00 1.113164834783013823e+01
1.366480314036007337e+00 1.111586455298961518e+01
1.361593053682775167e+00 1.108666000381939654e+01
1.361284431213756196e+00 1.108486001036642143e+01
1.356088548391505055e+00 1.104951822374622594e+01
1.355004196486201629e+00 1.104167165980865661e+01
1.350892665569254358e+00 1.101144469660073177e+01
1.348878146267416867e+00 1.099668331579791669e+01
1.345696782747002995e+00 1.097274539444048891e+01
1.342804762097108195e+00 1.095169497178717322e+01
1.340500899924751854e+00 1.093132160040961232e+01
1.337725857133563512e+00 1.090670662777643329e+01
1.335305017102500713e+00 1.088383881438980083e+01
1.332888767222725201e+00 1.086171828376568982e+01
1.330109134280249572e+00 1.083705990515783313e+01
1.327977027513981056e+00 1.081672993975495167e+01
1.324913251457998875e+00 1.078829887764844209e+01
1.322942697832796721e+00 1.077174159574420997e+01
1.319717368635747512e+00 1.074555784984590012e+01
1.317156028924589162e+00 1.072675325173347005e+01
1.314521485813496371e+00 1.070821767844543615e+01
1.310291040467404855e+00 1.068176490772272835e+01
1.309325602991245230e+00 1.067638644985430396e+01
1.304129720168994089e+00 1.064832422229790865e+01
1.301482332998323610e+00 1.063677656371198665e+01
1.298933837346743170e+00 1.062565639316382260e+01
1.293737954524492029e+00 1.060812526346860984e+01
1.288542071702241110e+00 1.059324471126029010e+01
1.287938733373642730e+00 1.059178821970124673e+01
1.283346188879989747e+00 1.058115061247035982e+01
1.278150306057738606e+00 1.056967594635043994e+01
1.272954423235487686e+00 1.055905391805674043e+01
1.267846398949168840e+00 1.054679987569050503e+01
1.267758540413236545e+00 1.054658468344640454e+01
1.262562657590985404e+00 1.053034613291257315e+01
1.257366774768734263e+00 1.051029498779011817e+01
1.254035181602661364e+00 1.050181153167976511e+01
1.252170891946483122e+00 1.049705016776723276e+01
1.246975009124232203e+00 1.048078369608073146e+01
1.241779126301981062e+00 1.046372605491049868e+01
1.239635840909662612e+00 1.045682318766902341e+01
1.236583243479729921e+00 1.044767777162561551e+01
1.231387360657478780e+00 1.043150451650377519e+01
1.226191477835227639e+00 1.041588053559695837e+01
1.224802092195601544e+00 1.041183484365828349e+01
1.220995595012976720e+00 1.040130311128728735e+01
1.215799712190725579e+00 1.038767221789308515e+01
1.210603829368474438e+00 1.038129460950643868e+01
1.205407946546223297e+00 1.037722038956795778e+01
1.200212063723972156e+00 1.037013441913693335e+01
1.197565967065992165e+00 1.036684649964754179e+01
1.195016180901721237e+00 1.036388024548574016e+01
1.189820298079470096e+00 1.035682395227239994e+01
1.184624415257218955e+00 1.034765961789981503e+01
1.179428532434967813e+00 1.033672239814146820e+01
1.174232649612716672e+00 1.032445570475452001e+01
1.173077507412145337e+00 1.032185815563680009e+01
1.169036766790465753e+00 1.031231579408333587e+01
1.163840883968214612e+00 1.030061025254826035e+01
1.158645001145963693e+00 1.028251976067938855e+01
1.157149708791022080e+00 1.027686981162606017e+01
1.153449118323712330e+00 1.026235319045837002e+01
1.148253235501460967e+00 1.024684919313949294e+01
1.144135167754713134e+00 1.023188146761531847e+01
1.143057352679210270e+00 1.022847374269253962e+01
1.137861469856959129e+00 1.021367387017481931e+01
1.132665587034707988e+00 1.020621546687792147e+01
1.127469704212456847e+00 1.020269913886146185e+01
1.122273821390205706e+00 1.021114866237328300e+01
1.117077938567954787e+00 1.022365730660734862e+01
