1.464608138583029984e+01 1.264347831923036347e+00
1.466647936703537880e+01 1.263902571565296729e+00
1.468687734824046132e+01 1.263480845102877392e+00
1.470727532944554028e+01 1.263164847301610383e+00
1.472767331065061924e+01 1.262845038032850642e+00
1.474807129185569998e+01 1.262594105652644405e+00
1.476846927306078072e+01 1.262384967614598397e+00
1.478886725426585969e+01 1.262233933330921820e+00
1.480926523547094042e+01 1.262140854931805389e+00
1.482966321667602116e+01 1.262137603320345747e+00
1.485006119788110013e+01 1.262199987653505495e+00
1.487045917908618087e+01 1.262324862091875444e+00
1.489085716029126161e+01 1.262531879930276268e+00
1.491125514149634057e+01 1.262793642962253271e+00
1.493165312270141953e+01 1.263129195583877262e+00
1.495205110390650205e+01 1.263547645437383515e+00
1.497244908511158101e+01 1.264036827652496697e+00
1.498860791488301025e+01 1.264486926915532994e+00
1.499284706631666175e+01 1.264603806306437539e+00
1.501324504752174072e+01 1.265250942435724335e+00
1.503364302872682146e+01 1.265964360947512635e+00
1.505404100993190042e+01 1.266773054905345308e+00
1.507443899113698116e+01 1.267669862780488321e+00
1.507479528983542316e+01 1.267686641603270159e+00
1.509483697234206190e+01 1.268600116596546368e+00
1.511523495354714086e+01 1.269630831861368492e+00
1.513563293475222160e+01 1.270763762799146823e+00
1.513769643658147501e+01 1.270886356291007102e+00
1.515603091595730234e+01 1.272004350965211250e+00
1.517642889716238130e+01 1.273361777076511547e+00
1.518622150880727162e+01 1.274086070978744267e+00
1.519682687836746204e+01 1.274865300783565525e+00
1.521722485957254101e+01 1.276422342233304974e+00
1.522764433495210312e+01 1.277285785666481210e+00
1.523762284077762175e+01 1.278122266889466729e+00
1.525802082198270426e+01 1.279976230477635868e+00
1.526332020057696859e+01 1.280485500354218376e+00
1.527841880318778145e+01 1.281841471210628747e+00
1.529750745810775570e+01 1.283685215041955319e+00
1.529881678439286219e+01 1.283818203629836674e+00
1.531921476559794115e+01 1.286043985295816983e+00
1.532647599839291530e+01 1.286884929729692484e+00
1.533961274680302189e+01 1.288417193146486284e+00
1.535290580818059425e+01 1.290084644417429427e+00
1.536001072800810263e+01 1.290981087247009551e+00
1.537730957172090207e+01 1.293284359105166592e+00
1.538040870921318160e+01 1.293691093191580377e+00
1.540035318365406170e+01 1.296484073792903535e+00
1.540080669041826233e+01 1.296549021292813242e+00
1.542120467162334485e+01 1.299639998982113021e+00
1.542147767408564896e+01 1.299683788480640700e+00
1.543960027812306635e+01 1.302883503168377644e+00
1.544160265282842204e+01 1.303223284637786694e+00
1.545752365274323381e+01 1.306083217856114809e+00
1.546200063403350278e+01 1.306851861879616994e+00
1.547545112495058106e+01 1.309282932543851974e+00
1.548239861523857996e+01 1.310615061250577806e+00
1.549165824328614960e+01 1.312482647231588917e+00
1.550279659644366248e+01 1.314660152646909053e+00
1.550774796348712314e+01 1.315682361919325860e+00
1.552253028654870448e+01 1.318882076607063025e+00
1.552319457764874322e+01 1.319031566347845352e+00
1.553618058475282204e+01 1.322081791294800190e+00
1.554359255885382218e+01 1.323814774537173333e+00
1.554958215639571506e+01 1.325281505982537134e+00
1.556198454200197645e+01 1.328481220670274077e+00
1.556399054005890292e+01 1.328993102085325173e+00
1.557414869701447202e+01 1.331680935358011464e+00
1.558438852126398366e+01 1.334488811559784160e+00
1.558576040933512097e+01 1.334880650045748407e+00
1.559662867713945644e+01 1.338080364733485350e+00
1.560478650246906263e+01 1.340547393094282835e+00
1.560712168503373221e+01 1.341280079421222515e+00
1.561728724306454730e+01 1.344479794108959458e+00
1.562518448367414337e+01 1.347104150143832113e+00
1.562686527149951132e+01 1.347679508796696624e+00
1.563647238177072119e+01 1.350879223484433567e+00
1.564497677679272769e+01 1.354078938172170510e+00
1.564558246487922233e+01 1.354299756772086472e+00
1.565351057058251527e+01 1.357278652859907897e+00
1.566211214091252124e+01 1.360478367547644840e+00
1.566598044608430129e+01 1.361932874059731624e+00
1.567051086038829233e+01 1.363678082235381783e+00
1.567815706576374168e+01 1.366877796923118726e+00
1.568613183772689190e+01 1.370077511610855892e+00
1.568637842728938381e+01 1.370181420326146204e+00
1.569358327898186189e+01 1.373277226298593057e+00
1.570086624821731291e+01 1.376476940986330000e+00
1.570677640849446455e+01 1.379064020859401385e+00
1.570814856291599426e+01 1.379676655674066943e+00
1.571478999850987179e+01 1.382876370361804108e+00
1.572132015266381444e+01 1.386076085049541273e+00
1.572717438969954351e+01 1.389036640656011068e+00
1.572764269909861490e+01 1.389275799737278216e+00
1.573404326496291716e+01 1.392475514425015160e+00
1.574035972133181005e+01 1.395675229112752325e+00
1.574618460504223627e+01 1.398874943800489490e+00
1.574757237090462070e+01 1.399625638532549621e+00
1.575207615058991806e+01 1.402074658488226433e+00
1.575766183738445569e+01 1.405274373175963376e+00
1.576340327611362468e+01 1.408474087863700541e+00
1.576797035210970321e+01 1.411047685292373011e+00
1.576907671233003683e+01 1.411673802551437706e+00
1.577419362333945685e+01 1.414873517239174650e+00
1.577933684824436256e+01 1.418073231926911593e+00
1.578454222128876161e+01 1.421272946614648758e+00
1.578836833331478218e+01 1.423642282227565170e+00
1.578971092886692951e+01 1.424472661302386145e+00
1.579451948147626084e+01 1.427672375990122866e+00
1.579936890793411663e+01 1.430872090677859809e+00
1.580428607163912424e+01 1.434071805365597196e+00
1.580876631451986292e+01 1.437169751931791417e+00
1.580891470381081021e+01 1.437271520053334140e+00
1.581374932091988939e+01 1.440471234741071083e+00
1.581835309044994275e+01 1.443670949428808026e+00
1.582289785025291629e+01 1.446870664116545191e+00
1.582733718578003668e+01 1.450070378804282356e+00
1.582916429572494366e+01 1.451435860661149047e+00
1.583165016260820579e+01 1.453270093492019299e+00
1.583561531206047590e+01 1.456469808179756242e+00
1.583972068472771610e+01 1.459669522867493408e+00
1.584396447087958038e+01 1.462869237555230573e+00
1.584764750316920612e+01 1.466068952242967516e+00
1.584956227693002440e+01 1.467634786934996161e+00
1.585158562750604538e+01 1.469268666930704459e+00
1.585535187246637179e+01 1.472468381618441402e+00
1.585941527515131355e+01 1.475668096306178789e+00
1.586348969902672223e+01 1.478867810993915732e+00
1.586708412082931474e+01 1.482067525681652675e+00
1.586996025813510514e+01 1.484480165291844678e+00
1.587092475205204245e+01 1.485267240369389841e+00
1.587471285259395515e+01 1.488466955057127006e+00
1.587814207572013459e+01 1.491666669744863949e+00
1.588176788401900197e+01 1.494866384432600892e+00
1.588532885304192988e+01 1.498066099120338279e+00
1.588846504447507968e+01 1.501265813808075222e+00
1.589035823934018232e+01 1.503080197198443546e+00
1.589184345959275646e+01 1.504465528495812165e+00
1.589511997252357745e+01 1.507665243183549109e+00
1.589836568990250143e+01 1.510864957871286496e+00
1.590145222972125616e+01 1.514064672559023439e+00
1.590460728193451878e+01 1.517264387246760382e+00
1.590736179620414603e+01 1.520464101934497769e+00
1.591021103409083182e+01 1.523663816622234712e+00
1.591075622054526306e+01 1.524276377866246257e+00
1.591314041336563356e+01 1.526863531309971656e+00
1.591595615526132512e+01 1.530063245997708599e+00
1.591897966598962100e+01 1.533262960685445764e+00
1.592221465571928896e+01 1.536462675373182929e+00
1.592497419594335462e+01 1.539662390060919872e+00
1.592795530402355197e+01 1.542862104748656815e+00
1.593065916207252819e+01 1.546061819436393980e+00
1.593115420175034558e+01 1.546690885657632020e+00
1.593325932967757907e+01 1.549261534124131146e+00
1.593593877405382386e+01 1.552461248811868089e+00
1.593862267412135481e+01 1.555660963499605032e+00
1.594102014964852287e+01 1.558860678187341975e+00
1.594347512218750218e+01 1.562060392875079362e+00
1.594595104646570505e+01 1.565260107562816305e+00
1.594846950305277744e+01 1.568459822250553248e+00
1.595075580056451692e+01 1.571659536938290413e+00
1.595155218295542454e+01 1.572783328570394934e+00
1.595308839989695393e+01 1.574859251626027579e+00
1.595558613211179733e+01 1.578058966313764300e+00
1.595778836574374893e+01 1.581258681001501465e+00
1.596003311800274993e+01 1.584458395689238852e+00
1.596230289997937746e+01 1.587658110376975795e+00
1.596413217609418567e+01 1.590857825064712738e+00
1.596624979227840235e+01 1.594057539752449681e+00
1.596847932739071396e+01 1.597257254440186847e+00
1.597046206103374288e+01 1.600456969127924012e+00
1.597195016416050173e+01 1.602852040048718507e+00
1.597247454249820109e+01 1.603656683815661177e+00
1.597405557793435094e+01 1.606856398503397898e+00
1.597597842955539704e+01 1.610056113191135063e+00
1.597764490646094870e+01 1.613255827878872006e+00
1.597953455037210446e+01 1.616455542566609171e+00
1.598113710228010831e+01 1.619655257254346115e+00
1.598295828563995791e+01 1.622854971942083280e+00
1.598465110702897718e+01 1.626054686629820445e+00
1.598637651874908450e+01 1.629254401317557388e+00
1.598792252730459396e+01 1.632454116005294331e+00
1.598939473027289715e+01 1.635653830693031496e+00
1.599108431432714106e+01 1.638853545380768661e+00
1.599234814536558424e+01 1.641494560817619242e+00
1.599263029309838302e+01 1.642053260068505605e+00
1.599420296923338292e+01 1.645252974756242548e+00
1.599581754442820980e+01 1.648452689443979491e+00
1.599731653748528082e+01 1.651652404131716656e+00
1.599877592779556323e+01 1.654852118819453821e+00
1.600009956728053950e+01 1.658051833507190764e+00
1.600160596651100775e+01 1.661251548194927929e+00
1.600295103322865486e+01 1.664451262882665095e+00
1.600434353746593530e+01 1.667650977570402038e+00
1.600555352921190178e+01 1.670850692258138981e+00
1.600694910991425246e+01 1.674050406945876146e+00
1.600834435040848902e+01 1.677250121633613311e+00
1.600976285617832318e+01 1.680449836321350254e+00
1.601097252921532998e+01 1.683649551009087197e+00
1.601231896903800944e+01 1.686849265696824363e+00
1.601274612657066498e+01 1.688033219175273825e+00
1.601351980852946610e+01 1.690048980384561528e+00
1.601478365052236086e+01 1.693248695072298471e+00
1.601603534645701998e+01 1.696448409760035414e+00
1.601702964493536996e+01 1.699648124447772579e+00
1.601837602172695796e+01 1.702847839135509744e+00
1.601947817565374521e+01 1.706047553823246687e+00
1.602067126776005779e+01 1.709247268510983631e+00
1.602177903285173244e+01 1.712446983198720796e+00
1.602302249758728792e+01 1.715646697886457961e+00
1.602415375629289684e+01 1.718846412574194904e+00
1.602541967391663391e+01 1.722046127261931847e+00
1.602658996460705509e+01 1.725245841949669234e+00
1.602796243128773312e+01 1.728445556637406177e+00
1.602908430718670729e+01 1.731645271325143121e+00
1.603019201567827423e+01 1.734844986012880064e+00
1.603141716195851174e+01 1.738044700700617229e+00
1.603265186205868531e+01 1.741244415388354394e+00
1.603314410777574395e+01 1.742437434226105974e+00
1.603402767594741363e+01 1.744444130076091337e+00
1.603526251946071923e+01 1.747643844763828280e+00
1.603642314916092459e+01 1.750843559451565667e+00
1.603762837048870438e+01 1.754043274139302611e+00
1.603896122848590267e+01 1.757242988827039554e+00
1.604005204985245214e+01 1.760442703514776497e+00
1.604150976040770260e+01 1.763642418202513440e+00
1.604283811244430424e+01 1.766842132890250827e+00
1.604435416619433852e+01 1.770041847577987770e+00
1.604578969336956717e+01 1.773241562265724713e+00
1.604720903856394898e+01 1.776441276953462101e+00
1.604833444506242657e+01 1.779640991641199044e+00
1.604971430881255756e+01 1.782840706328935987e+00
1.605088081007289702e+01 1.786040421016673152e+00
1.605221304313778674e+01 1.789240135704410317e+00
1.605354208898082646e+01 1.792338558238616875e+00
1.605358875540466457e+01 1.792439850392147260e+00
1.605474249035877676e+01 1.795639565079884203e+00
1.605599991117906100e+01 1.798839279767621147e+00
1.605722575076327274e+01 1.802038994455358534e+00
1.605830511188779397e+01 1.805238709143095477e+00
1.605910809452195309e+01 1.808438423830832198e+00
1.605999156077196233e+01 1.811638138518569585e+00
1.606079303123897617e+01 1.814837853206306750e+00
1.606185474700509985e+01 1.818037567894043693e+00
1.606285624957301650e+01 1.821237282581780637e+00
1.606375697557354698e+01 1.824436997269517802e+00
1.606469801279233778e+01 1.827636711957254745e+00
1.606558572721460010e+01 1.830836426644991910e+00
1.606634977495286876e+01 1.834036141332728853e+00
1.606680550794326834e+01 1.837235856020466018e+00
1.606746501059177490e+01 1.840435570708203183e+00
1.606795206702170020e+01 1.843635285395940127e+00
1.606852001346590342e+01 1.846835000083677070e+00
1.606899120777617540e+01 1.850034714771414235e+00
1.606936767406434896e+01 1.853234429459151178e+00
1.606951845354340236e+01 1.856434144146888343e+00
1.606971855565005569e+01 1.859633858834625286e+00
1.606975003515413647e+01 1.862833573522362451e+00
1.607013035387771538e+01 1.866033288210099172e+00
1.607025824597254982e+01 1.869233002897836560e+00
1.607042826047025486e+01 1.872432717585573503e+00
1.607084897937468781e+01 1.875632432273310668e+00
1.607100532821557692e+01 1.878832146961047611e+00
1.607120179100569501e+01 1.882031861648784776e+00
1.607137624081446603e+01 1.885231576336521719e+00
1.607117315455477424e+01 1.888431291024258885e+00
1.607129932532972205e+01 1.891631005711995828e+00
1.607158467920536182e+01 1.894830720399732993e+00
1.607179539651664868e+01 1.898030435087469936e+00
1.607170437239825489e+01 1.901230149775207101e+00
1.607203071867174415e+01 1.904429864462944044e+00
1.607239115456271605e+01 1.907629579150681209e+00
1.607251034692352931e+01 1.910829293838418153e+00
1.607270976280435804e+01 1.914029008526155096e+00
1.607300840723147672e+01 1.917228723213892483e+00
1.607344506569447518e+01 1.920428437901629426e+00
1.607387728467582377e+01 1.923628152589366591e+00
1.607394007018590543e+01 1.924040863665461787e+00
1.607439843723882333e+01 1.926827867277103534e+00
1.607494078057473885e+01 1.930027581964840699e+00
1.607546753736545142e+01 1.933227296652577643e+00
1.607637273867580419e+01 1.936427011340314808e+00
1.607727956082062803e+01 1.939626726028051973e+00
1.607824473952207711e+01 1.942826440715788916e+00
1.607934219405416698e+01 1.946026155403525859e+00
1.608048188494377939e+01 1.949225870091263024e+00
1.608161892230941703e+01 1.952425584779000189e+00
1.608281669184557927e+01 1.955625299466736911e+00
1.608391782841634665e+01 1.958825014154474076e+00
1.608536244381219760e+01 1.962024728842211019e+00
1.608670840649667610e+01 1.965224443529948184e+00
1.608799522449157138e+01 1.968424158217685349e+00
1.608912690220506647e+01 1.971623872905422292e+00
1.609045335363232709e+01 1.974823587593159457e+00
1.609184595318014388e+01 1.978023302280896401e+00
1.609335177299079334e+01 1.981223016968633566e+00
1.609433805139098439e+01 1.984421053292780179e+00
1.609433861210324324e+01 1.984422731656370287e+00
1.609578696215134386e+01 1.987622446344107674e+00
1.609723723196841050e+01 1.990822161031844839e+00
1.609842683402782626e+01 1.994021875719581782e+00
1.609944111489794949e+01 1.997221590407318725e+00
1.610062988468889955e+01 2.000421305095056113e+00
1.610183509629243659e+01 2.003621019782793056e+00
1.610295132960969866e+01 2.006820734470529999e+00
1.610388969860274244e+01 2.010020449158266942e+00
1.610468967867427281e+01 2.013220163846003885e+00
1.610551433705192181e+01 2.016419878533740828e+00
1.610647300983315233e+01 2.019619593221478215e+00
1.610689060307672449e+01 2.022819307909215159e+00
1.610760767697681928e+01 2.026019022596952546e+00
1.610815721994032401e+01 2.029218737284689489e+00
1.610867687647269619e+01 2.032418451972426432e+00
1.610891208758218696e+01 2.035618166660163375e+00
1.610900352742812203e+01 2.038817881347900318e+00
1.610875814093052227e+01 2.042017596035637261e+00
1.610851832936879902e+01 2.045217310723374649e+00
1.610811977088011204e+01 2.048417025411111592e+00
1.610758081344065573e+01 2.051616740098848979e+00
1.610705633060616293e+01 2.054816454786585922e+00
1.610640329000946736e+01 2.058016169474322865e+00
1.610543082230671175e+01 2.061215884162059808e+00
1.610419054251185500e+01 2.064415598849796751e+00
1.610266389428321787e+01 2.067615313537533694e+00
1.610096943124013436e+01 2.070815028225271082e+00
1.609908755726945628e+01 2.074014742913008025e+00
1.609683720416991903e+01 2.077214457600745412e+00
1.609433805139098439e+01 2.080266118624045202e+00
1.609422137101885397e+01 2.080414172288482355e+00
1.609124058112406530e+01 2.083613886976219298e+00
1.608846182721400453e+01 2.086813601663956241e+00
1.608502318531119357e+01 2.090013316351693184e+00
1.608113564513413962e+01 2.093213031039430128e+00
1.607679157790984092e+01 2.096412745727167515e+00
1.607394007018590543e+01 2.098496422358987701e+00
1.607244403391424825e+01 2.099612460414904458e+00
1.606771248247282813e+01 2.102812175102641845e+00
1.606201232035664361e+01 2.106011889790378788e+00
1.605612229186075979e+01 2.109211604478115731e+00
1.605354208898082646e+01 2.110508424798009930e+00
1.604971335278242606e+01 2.112411319165852674e+00
1.604284655472690702e+01 2.115611033853589618e+00
1.603494190082792059e+01 2.118810748541326561e+00
1.603314410777574395e+01 2.119495193019172774e+00
1.602635072080069989e+01 2.122010463229063948e+00
1.601709468615906218e+01 2.125210177916800891e+00
1.601274612657066143e+01 2.126622004688538681e+00
1.600697585062346917e+01 2.128409892604538278e+00
1.599569326850873452e+01 2.131609607292275221e+00
1.599234814536558602e+01 2.132497657962052262e+00
1.598304307301404670e+01 2.134809321980012164e+00
1.597195016416050350e+01 2.137228065098714325e+00
1.596804274839170823e+01 2.138009036667749108e+00
1.595155218295542454e+01 2.141106484660850739e+00
1.595094597676788517e+01 2.141208751355486051e+00
1.593166413210684951e+01 2.144408466043222994e+00
1.593115420175034380e+01 2.144486886541658865e+00
1.591075622054526306e+01 2.147256906920091080e+00
1.590772169780814593e+01 2.147608180730960381e+00
1.589035823934018410e+01 2.149415844918291629e+00
1.587409445712852474e+01 2.150807895418696880e+00
1.586996025813510336e+01 2.151171223947591304e+00
1.584956227693002617e+01 2.152646909433877376e+00
1.582916429572494366e+01 2.153781395395894638e+00
1.582372816161265305e+01 2.154007610106434711e+00
1.580876631451986114e+01 2.154636012921087751e+00
1.578836833331478218e+01 2.155218655460067190e+00
1.576797035210970321e+01 2.155544899163611916e+00
1.574757237090462247e+01 2.155647620691769184e+00
1.572717438969954529e+01 2.155532592649800350e+00
1.570677640849446277e+01 2.155215463603259440e+00
1.568637842728938381e+01 2.154710606858115440e+00
1.566598044608430307e+01 2.154027657288275943e+00
1.566550573990156892e+01 2.154007610106434711e+00
1.564558246487922233e+01 2.153218642464171495e+00
1.562518448367414337e+01 2.152251748687114219e+00
1.560478650246906085e+01 2.151128635017073520e+00
1.559966695235981149e+01 2.150807895418696880e+00
1.558438852126398366e+01 2.149915670344664242e+00
1.556399054005890292e+01 2.148577420328833476e+00
1.555069126319465411e+01 2.147608180730960381e+00
1.554359255885382218e+01 2.147094009814076720e+00
1.552319457764874322e+01 2.145479077333850348e+00
1.551077525882689656e+01 2.144408466043222994e+00
1.550279659644366248e+01 2.143739491557204779e+00
1.548239861523858174e+01 2.141898556221312866e+00
1.547524509785870706e+01 2.141208751355486051e+00
1.546200063403350100e+01 2.140007345648343939e+00
1.544160265282842204e+01 2.138017224435217578e+00
1.544152271629286055e+01 2.138009036667749108e+00
1.542120467162334307e+01 2.135970969108661688e+00
1.541032611838423882e+01 2.134809321980012164e+00
1.540080669041826056e+01 2.133803232598801891e+00
1.538120362026161914e+01 2.131609607292275221e+00
1.538040870921318160e+01 2.131523487244737058e+00
1.536001072800810263e+01 2.129224760731547761e+00
1.535310295393176183e+01 2.128409892604538278e+00
1.533961274680302189e+01 2.126839980943588060e+00
1.532623827244572468e+01 2.125210177916800891e+00
1.531921476559794115e+01 2.124358010118804430e+00
1.530065209463177922e+01 2.122010463229063948e+00
1.529881678439286219e+01 2.121795005489409469e+00
1.527841880318778323e+01 2.119323830339284509e+00
1.527432325326434182e+01 2.118810748541326561e+00
1.525802082198270426e+01 2.116733356453069703e+00
1.524950373756490407e+01 2.115611033853589618e+00
1.523762284077762175e+01 2.114089205597262211e+00
1.522493424446897947e+01 2.112411319165852674e+00
1.521722485957254101e+01 2.111411458276755138e+00
1.520076327624764545e+01 2.109211604478115731e+00
1.519682687836746204e+01 2.108689902309882847e+00
1.517717347264079386e+01 2.106011889790378788e+00
1.517642889716238130e+01 2.105912476418190682e+00
1.515603091595730234e+01 2.103135857852401536e+00
1.515370360427207608e+01 2.102812175102641845e+00
1.513563293475222160e+01 2.100293818294374670e+00
1.513084706393318868e+01 2.099612460414904458e+00
1.511523495354714086e+01 2.097492725044248996e+00
1.510745426707650907e+01 2.096412745727167515e+00
1.509483697234206367e+01 2.094670175882936913e+00
1.508450235317341637e+01 2.093213031039430128e+00
1.507443899113698116e+01 2.091828489854437478e+00
1.506151373198020238e+01 2.090013316351693184e+00
1.505404100993190042e+01 2.088959451964480518e+00
1.503910025251644633e+01 2.086813601663956241e+00
1.503364302872682146e+01 2.086027388742833111e+00
1.501714821285577806e+01 2.083613886976219298e+00
1.501324504752174249e+01 2.083054936390121625e+00
1.499508486152499742e+01 2.080414172288482355e+00
1.499284706631666175e+01 2.080098056472767798e+00
1.497277487022743259e+01 2.077214457600745412e+00
1.497244908511158101e+01 2.077166685156456083e+00
1.495205110390650027e+01 2.074143348148354438e+00
1.495119307382356766e+01 2.074014742913008025e+00
1.493165312270141953e+01 2.071111443423430565e+00
1.492968196035600137e+01 2.070815028225271082e+00
1.491125514149634057e+01 2.068118923900149841e+00
1.490785700381627166e+01 2.067615313537533694e+00
1.489085716029126161e+01 2.065103579168531933e+00
1.488625525735994870e+01 2.064415598849796751e+00
1.487045917908618087e+01 2.062059929028716265e+00
1.486486039597805942e+01 2.061215884162059808e+00
1.485006119788110190e+01 2.059034511581923521e+00
1.484322946327710291e+01 2.058016169474322865e+00
1.482966321667602116e+01 2.055957720966066660e+00
1.482221078550197113e+01 2.054816454786585922e+00
1.480926523547094220e+01 2.052883167385211038e+00
1.480089562571592054e+01 2.051616740098848979e+00
1.478886725426585969e+01 2.049817766459342661e+00
1.477958302892578679e+01 2.048417025411111592e+00
1.476846927306078072e+01 2.046740400799769599e+00
1.475848568219117141e+01 2.045217310723374649e+00
1.474807129185569998e+01 2.043661010073488882e+00
1.473713679638028395e+01 2.042017596035637261e+00
1.472767331065061924e+01 2.040610293427537414e+00
1.471572379329141889e+01 2.038817881347900318e+00
1.470727532944554028e+01 2.037556126341334206e+00
1.469446376771547413e+01 2.035618166660163375e+00
1.468687734824046132e+01 2.034456193963967152e+00
1.467359768651270358e+01 2.032418451972426432e+00
1.466647936703537880e+01 2.031330094805527064e+00
1.465278216751807427e+01 2.029218737284689489e+00
1.464608138583029984e+01 2.028191961274852240e+00
1.463200904289161031e+01 2.026019022596952546e+00
1.462568340462522087e+01 2.025051607854701619e+00
1.461120146515694707e+01 2.022819307909215159e+00
1.460528542342014191e+01 2.021922552544030971e+00
1.459021658574972946e+01 2.019619593221478215e+00
1.458488744221505939e+01 2.018799903909851423e+00
1.456951394926464260e+01 2.016419878533740828e+00
1.456448946100998043e+01 2.015656751279563785e+00
1.454855966522237409e+01 2.013220163846003885e+00
1.454409147980489969e+01 2.012525466771776905e+00
1.452810386412399346e+01 2.010020449158266942e+00
1.452369349859981895e+01 2.009329284556381712e+00
1.450774837155703167e+01 2.006820734470529999e+00
1.450329551739473999e+01 2.006123587623425131e+00
1.448742030843818718e+01 2.003621019782793056e+00
1.448289753618965925e+01 2.002930453805879196e+00
1.446654106201076573e+01 2.000421305095056113e+00
1.446249955498457851e+01 1.999777020254998927e+00
1.444656174714205221e+01 1.997221590407318725e+00
1.444210157377949955e+01 1.996537325778584560e+00
1.442574319300513608e+01 1.994021875719581782e+00
1.442170359257442058e+01 1.993403873871533394e+00
1.440494330961949743e+01 1.990822161031844617e+00
1.440130561136933807e+01 1.990263552124398316e+00
1.438420488165660416e+01 1.987622446344107674e+00
1.438090763016425910e+01 1.987110102305460257e+00
1.436374138650782051e+01 1.984422731656370509e+00
1.436050964895918014e+01 1.983911356891122191e+00
1.434355055973152382e+01 1.981223016968633566e+00
1.434011166775409762e+01 1.980678340198489318e+00
1.432350769475693752e+01 1.978023302280896623e+00
1.431971368654901866e+01 1.977423313524789172e+00
1.430326362227068415e+01 1.974823587593159457e+00
1.429931570534393970e+01 1.974202266216038781e+00
1.428299189387779222e+01 1.971623872905422292e+00
1.427891772413885718e+01 1.970979314889776957e+00
1.426279919534601603e+01 1.968424158217685349e+00
1.425851974293377822e+01 1.967746243695742026e+00
1.424265387224019719e+01 1.965224443529948184e+00
1.423812176172869925e+01 1.964507901852501126e+00
1.422247431185887123e+01 1.962024728842211463e+00
1.421772378052361852e+01 1.961290921768017004e+00
1.420182742981354806e+01 1.958825014154474076e+00
1.419732579931853778e+01 1.958109846656683750e+00
1.418173820627935200e+01 1.955625299466737133e+00
1.417692781811345881e+01 1.954863258810641824e+00
1.416161040472094967e+01 1.952425584778999967e+00
1.415652983690837807e+01 1.951619579323204734e+00
1.414146261063381971e+01 1.949225870091263246e+00
1.413613185570329733e+01 1.948397391150610503e+00
1.412091825991491767e+01 1.946026155403525859e+00
1.411573387449821837e+01 1.945201830409516663e+00
1.410085182129430770e+01 1.942826440715788916e+00
1.409533589329313941e+01 1.941951796338087011e+00
1.408071119949768324e+01 1.939626726028051751e+00
1.407493791208805689e+01 1.938695521428698942e+00
1.406090045695726864e+01 1.936427011340314586e+00
1.405453993088297793e+01 1.935408531719614356e+00
1.404092165237115708e+01 1.933227296652577643e+00
1.403414194967789896e+01 1.932149464921582016e+00
1.402081841900200310e+01 1.930027581964840699e+00
1.401374396847281822e+01 1.928905945118215115e+00
1.400067308723305359e+01 1.926827867277103534e+00
1.399334598726773748e+01 1.925643769949168638e+00
1.398091762134663973e+01 1.923628152589366813e+00
1.397294800606265852e+01 1.922336137277635526e+00
1.396114938357603918e+01 1.920428437901629426e+00
1.395255002485757778e+01 1.919031306520149638e+00
1.394146168613767145e+01 1.917228723213892483e+00
1.393215204365249704e+01 1.915759630583905970e+00
1.392118872619839465e+01 1.914029008526155318e+00
1.391175406244741808e+01 1.912517554963430122e+00
1.390122783592904199e+01 1.910829293838418153e+00
1.389135608124233734e+01 1.909263527000094385e+00
1.388109005141729213e+01 1.907629579150681209e+00
1.387095810003725660e+01 1.906002790597229435e+00
1.386115396602869509e+01 1.904429864462944266e+00
1.385056011883217764e+01 1.902711587235458301e+00
1.384141926499582098e+01 1.901230149775207323e+00
1.383016213762709867e+01 1.899433657348307491e+00
1.382138896985010135e+01 1.898030435087469936e+00
1.380976415642201616e+01 1.896131790813873508e+00
1.380177741570833660e+01 1.894830720399732993e+00
1.378936617521693897e+01 1.892828375106571759e+00
1.378193089634999069e+01 1.891631005711995828e+00
1.376896819401185645e+01 1.889564122205530605e+00
1.376188238451995893e+01 1.888431291024258885e+00
1.374857021280677571e+01 1.886286643034583932e+00
1.374202610548263692e+01 1.885231576336521719e+00
1.372817223160169675e+01 1.883005161779554903e+00
1.372210392242238441e+01 1.882031861648784776e+00
1.370777425039661779e+01 1.879695081052956240e+00
1.370246897054352431e+01 1.878832146961047611e+00
1.368737626919153705e+01 1.876367026319216480e+00
1.368288774376592265e+01 1.875632432273310668e+00
1.366697828798645631e+01 1.873041869722523067e+00
1.366322431499416723e+01 1.872432717585573281e+00
1.364658030678137735e+01 1.869708900219034131e+00
1.364367009221160565e+01 1.869233002897836560e+00
1.362618232557629661e+01 1.866408030945015950e+00
1.362385886746739061e+01 1.866033288210099395e+00
1.360578434437121764e+01 1.863030922560322988e+00
1.360459352773112762e+01 1.862833573522362451e+00
1.358541554382885153e+01 1.859633858834625286e+00
1.358538636316613690e+01 1.859629125004251149e+00
1.356564415537386381e+01 1.856434144146888343e+00
1.356498838196105616e+01 1.856326349843697932e+00
1.354613325412887548e+01 1.853234429459151178e+00
1.354459040075597542e+01 1.852976762331586258e+00
1.352693297504368175e+01 1.850034714771414235e+00
1.352419241955089646e+01 1.849572680876576669e+00
1.350787449671492269e+01 1.846835000083677070e+00
1.350379443834581750e+01 1.846155835810568968e+00
1.348855945482352681e+01 1.843635285395940127e+00
1.348339645714073498e+01 1.842765953473749718e+00
1.346948709142491651e+01 1.840435570708202961e+00
1.346299847593565602e+01 1.839356558115667228e+00
1.345019414375766686e+01 1.837235856020466240e+00
1.344260049473057705e+01 1.835958284257682926e+00
1.343111446043196189e+01 1.834036141332728853e+00
1.342220251352549631e+01 1.832528231352453130e+00
1.341216139611836766e+01 1.830836426644991910e+00
1.340180453232041557e+01 1.829101531137967473e+00
1.339301807454148019e+01 1.827636711957254967e+00
1.338140655111533661e+01 1.825652012986547224e+00
1.337423773919452330e+01 1.824436997269518024e+00
1.336100856991025410e+01 1.822211638398988587e+00
1.335518137303829000e+01 1.821237282581780637e+00
1.334061058870517513e+01 1.818779202075841539e+00
1.333619036369440458e+01 1.818037567894043693e+00
1.332021260750009795e+01 1.815315534385221419e+00
1.331738678201075921e+01 1.814837853206306750e+00
1.329981462629501543e+01 1.811840219053218126e+00
1.329862563874745440e+01 1.811638138518569585e+00
1.328004010172813132e+01 1.808438423830832420e+00
1.327941664508993469e+01 1.808331190329678817e+00
1.326126568856815346e+01 1.805238709143095477e+00
1.325901866388485573e+01 1.804840409628614806e+00
1.324303718280486386e+01 1.802038994455358534e+00
1.323862068267977676e+01 1.801271184991828589e+00
1.322452926367618886e+01 1.798839279767621147e+00
1.321822270147469425e+01 1.797746900383210500e+00
1.320591574904331544e+01 1.795639565079884203e+00
1.319782472026961528e+01 1.794227329942110094e+00
1.318749697707264623e+01 1.792439850392147260e+00
1.317742673906453632e+01 1.790663206923852613e+00
1.316930498980467590e+01 1.789240135704410317e+00
1.315702875785945380e+01 1.787056304690304742e+00
1.315123828923798932e+01 1.786040421016672930e+00
1.313663077665437484e+01 1.783497853651823339e+00
1.313282250928711292e+01 1.782840706328935987e+00
1.311623279544929588e+01 1.779885429819289433e+00
1.311484393794886927e+01 1.779640991641199044e+00
1.309688133686293732e+01 1.776441276953462101e+00
1.309583481424421514e+01 1.776255978111103806e+00
1.307860951052958498e+01 1.773241562265724713e+00
1.307543683303913440e+01 1.772676065864163597e+00
1.306049287701021022e+01 1.770041847577987770e+00
1.305503885183405544e+01 1.769079678341206385e+00
1.304221303915579888e+01 1.766842132890250827e+00
1.303464087062897470e+01 1.765470612685790197e+00
1.302440848988841893e+01 1.763642418202513662e+00
1.301424288942389396e+01 1.761800310828009586e+00
1.300664694179995351e+01 1.760442703514776497e+00
1.299384490821881499e+01 1.758140905935655862e+00
1.298878899261305619e+01 1.757242988827039332e+00
1.297344692701373603e+01 1.754483787485202173e+00
1.297095887032823569e+01 1.754043274139302611e+00
1.295304894580865351e+01 1.750856390547228081e+00
1.295297604480174414e+01 1.750843559451565445e+00
1.293466811565317798e+01 1.747643844763828280e+00
1.293265096460357455e+01 1.747280676694692669e+00
1.291665639469264804e+01 1.744444130076091337e+00
1.291225298339849559e+01 1.743640687596103467e+00
1.289894229383490121e+01 1.741244415388354394e+00
1.289185500219341485e+01 1.739976795581051228e+00
1.288091293948855132e+01 1.738044700700617229e+00
1.287145702098833411e+01 1.736312005011519943e+00
1.286332442268123621e+01 1.734844986012880064e+00
1.285105903978325514e+01 1.732607859318317178e+00
1.284570121720017610e+01 1.731645271325143121e+00
1.283066105857817440e+01 1.728967555111997179e+00
1.282769061374778552e+01 1.728445556637406177e+00
1.281026307737309544e+01 1.725271444354577133e+00
1.281011992532027932e+01 1.725245841949669012e+00
1.279226383005226353e+01 1.722046127261931847e+00
1.278986509616801470e+01 1.721602684689938156e+00
1.277475413171500662e+01 1.718846412574194904e+00
1.276946711496293574e+01 1.717873980304381432e+00
1.275716910097978385e+01 1.715646697886457961e+00
1.274906913375785322e+01 1.714144408235974915e+00
1.273977024893201460e+01 1.712446983198720574e+00
1.272867115255277426e+01 1.710372013283995241e+00
1.272253365989447715e+01 1.709247268510983409e+00
1.270827317134769174e+01 1.706612185873711773e+00
1.270517652724870494e+01 1.706047553823246687e+00
1.268787519014261100e+01 1.702860236088631574e+00
1.268780676632091975e+01 1.702847839135509744e+00
1.267034823463509419e+01 1.699648124447772579e+00
1.266747720893753382e+01 1.699106670311038680e+00
1.265309491912895368e+01 1.696448409760035414e+00
1.264707922773245485e+01 1.695323656369961407e+00
1.263581432214610700e+01 1.693248695072298471e+00
1.262668124652737234e+01 1.691508803433821484e+00
1.261884369455711763e+01 1.690048980384561528e+00
1.260628326532229337e+01 1.687690430203150571e+00
1.260174595637903572e+01 1.686849265696824141e+00
1.258588528411721619e+01 1.683845478916155214e+00
1.258483114108527090e+01 1.683649551009087197e+00
1.256751620395571400e+01 1.680449836321350254e+00
1.256548730291213367e+01 1.680063076692141610e+00
1.255043003986529015e+01 1.677250121633613311e+00
1.254508932170705293e+01 1.676242058021895742e+00
1.253325874752293601e+01 1.674050406945876146e+00
1.252469134050197397e+01 1.672429090071523294e+00
1.251620843552420581e+01 1.670850692258138981e+00
1.250429335929689323e+01 1.668551634410163631e+00
1.249953619849279285e+01 1.667650977570402038e+00
1.248389537809181249e+01 1.664599956640923084e+00
1.248311722794678147e+01 1.664451262882665095e+00
1.246647099518882484e+01 1.661251548194927929e+00
1.246349739688673353e+01 1.660665446517859856e+00
1.244999301486701526e+01 1.658051833507190764e+00
1.244309941568165279e+01 1.656691338811358216e+00
1.243357749447881844e+01 1.654852118819453821e+00
1.242270143447657205e+01 1.652658562286829280e+00
1.241759174303254554e+01 1.651652404131717100e+00
1.240230345327149308e+01 1.648594390937128784e+00
1.240158071865475975e+01 1.648452689443979713e+00
1.238558361792945206e+01 1.645252974756242548e+00
1.238190547206641412e+01 1.644511279402333992e+00
1.236945773245666302e+01 1.642053260068505605e+00
1.236150749086133160e+01 1.640408956641594029e+00
1.235379397809695234e+01 1.638853545380768661e+00
1.234110950965625264e+01 1.636200256717954327e+00
1.233843750414117579e+01 1.635653830693031496e+00
1.232274733195994720e+01 1.632454116005294331e+00
1.232071152845117368e+01 1.632015538263065446e+00
1.230757079491132799e+01 1.629254401317557388e+00
1.230031354724609294e+01 1.627735391543851939e+00
1.229212349675743710e+01 1.626054686629820445e+00
1.227991556604101220e+01 1.623476120257149713e+00
1.227689324176142094e+01 1.622854971942083502e+00
1.226194699142749300e+01 1.619655257254346115e+00
1.225951758483593323e+01 1.619113871583104158e+00
1.224724833546273928e+01 1.616455542566609171e+00
1.223911960363085072e+01 1.614654337256840488e+00
1.223263147729862155e+01 1.613255827878872006e+00
1.221872162242576998e+01 1.610129433888678019e+00
1.221838696954222669e+01 1.610056113191135063e+00
1.220367372164616349e+01 1.606856398503397898e+00
1.219832364122069279e+01 1.605624192479004453e+00
1.218948762813589326e+01 1.603656683815660955e+00
1.217792566001561205e+01 1.600952477058142920e+00
1.217574706629273074e+01 1.600456969127924012e+00
1.216186637828812245e+01 1.597257254440186847e+00
1.215752767881053131e+01 1.596231895184131444e+00
1.214804886147630292e+01 1.594057539752449681e+00
1.213712969760545235e+01 1.591440540924949243e+00
1.213462860109277663e+01 1.590857825064712738e+00
1.212136150938167667e+01 1.587658110376975795e+00
1.211673171640037339e+01 1.586539901259580221e+00
1.210780599114773182e+01 1.584458395689238852e+00
1.209633373519529087e+01 1.581651958288597504e+00
1.209467559241296719e+01 1.581258681001501465e+00
1.208181062654373150e+01 1.578058966313764522e+00
1.207593575399021191e+01 1.576566566542508818e+00
1.206896384458981686e+01 1.574859251626027579e+00
1.205607435559517526e+01 1.571659536938290413e+00
1.205553777278513294e+01 1.571519800734937133e+00
1.204340535888788111e+01 1.568459822250553248e+00
1.203513979158005220e+01 1.566318222422875994e+00
1.203090497795020042e+01 1.565260107562816527e+00
1.201873211659421514e+01 1.562060392875079362e+00
1.201474181037497146e+01 1.561005557132415733e+00
1.200633731816146721e+01 1.558860678187342197e+00
1.199458262809817910e+01 1.555660963499605032e+00
1.199434382916989250e+01 1.555594075459478587e+00
1.198275048387739972e+01 1.552461248811868089e+00
1.197394584796481354e+01 1.550051179130548018e+00
1.197095373351346126e+01 1.549261534124131146e+00
1.195930378464788824e+01 1.546061819436393980e+00
1.195354786675973102e+01 1.544356780352684311e+00
1.194828898999825384e+01 1.542862104748656815e+00
1.193737975362854087e+01 1.539662390060919872e+00
1.193314988555465206e+01 1.538389578547352698e+00
1.192650321166224359e+01 1.536462675373182929e+00
1.191586419494195326e+01 1.533262960685445764e+00
1.191275190434957132e+01 1.532277749320603677e+00
1.190543589305478811e+01 1.530063245997708599e+00
1.189537363706186390e+01 1.526863531309971656e+00
1.189235392314449058e+01 1.525880826949379987e+00
1.188523701354902862e+01 1.523663816622234712e+00
1.187527223525740183e+01 1.520464101934497547e+00
1.187195594193941162e+01 1.519323482428248884e+00
1.186570971037707878e+01 1.517264387246760382e+00
1.185616413516639156e+01 1.514064672559023439e+00
1.185155796073432910e+01 1.512420545817519724e+00
1.184702541623849648e+01 1.510864957871286718e+00
1.183809918885477686e+01 1.507665243183549331e+00
1.183115997952925014e+01 1.505031709529403017e+00
1.182959685231555547e+01 1.504465528495812388e+00
1.182116515495154729e+01 1.501265813808075222e+00
1.181317709327603893e+01 1.498066099120338057e+00
1.181076199832417117e+01 1.497064122973391642e+00
1.180519281225103612e+01 1.494866384432600892e+00
1.179733177469280569e+01 1.491666669744863949e+00
1.179036401711909221e+01 1.488624522366145619e+00
1.178998409260743863e+01 1.488466955057127006e+00
1.178294121190238819e+01 1.485267240369389841e+00
1.177639949329781466e+01 1.482067525681652675e+00
1.176996603591400969e+01 1.479068071797072115e+00
1.176951667697724169e+01 1.478867810993915510e+00
1.176315545201043555e+01 1.475668096306178789e+00
1.175788825012211092e+01 1.472468381618441624e+00
1.175282610235871594e+01 1.469268666930704459e+00
1.174956805470893073e+01 1.467293487541121433e+00
1.174744968765086206e+01 1.466068952242967516e+00
1.174323255498346441e+01 1.462869237555230573e+00
1.173982070624890994e+01 1.459669522867493408e+00
1.173681255497191955e+01 1.456469808179756242e+00
1.173463866548515888e+01 1.453270093492019299e+00
1.173288608883128425e+01 1.450070378804282356e+00
1.173205006396517547e+01 1.446870664116545191e+00
1.173214066699661196e+01 1.443670949428808026e+00
1.173327872585393195e+01 1.440471234741071083e+00
1.173526715468899795e+01 1.437271520053334140e+00
1.173891182530050870e+01 1.434071805365596974e+00
1.174375534936851295e+01 1.430872090677859587e+00
1.174956805470893073e+01 1.427697527013829459e+00
1.174961721431149897e+01 1.427672375990122866e+00
1.175719569795425556e+01 1.424472661302385923e+00
1.176782610660043460e+01 1.421272946614648758e+00
1.176996603591400969e+01 1.420666719718323368e+00
1.177983197998598897e+01 1.418073231926911593e+00
1.179036401711909221e+01 1.415962257806525404e+00
1.179637849188408438e+01 1.414873517239174650e+00
1.181076199832417117e+01 1.412471203683547838e+00
1.181608095201935349e+01 1.411673802551437706e+00
1.183115997952925014e+01 1.409758464750813012e+00
1.184255413661352563e+01 1.408474087863700319e+00
1.185155796073433088e+01 1.407530999570368868e+00
1.187195594193941162e+01 1.405653161045433919e+00
1.187661772838531782e+01 1.405274373175963376e+00
1.189235392314449058e+01 1.404062862037498416e+00
1.191275190434956954e+01 1.402717303090891265e+00
1.192383535318110255e+01 1.402074658488226433e+00
1.193314988555465206e+01 1.401548476933127230e+00
1.195354786675973102e+01 1.400520639069456674e+00
1.197394584796481354e+01 1.399638654205844990e+00
1.199434382916989250e+01 1.398886971916259103e+00
1.199472761619469097e+01 1.398874943800489490e+00
1.201474181037497146e+01 1.398262706944953582e+00
1.203513979158005220e+01 1.397713472821957570e+00
1.205553777278513294e+01 1.397240559161046392e+00
1.207593575399021191e+01 1.396861927128765224e+00
1.209633373519529087e+01 1.396553454588254750e+00
1.211673171640037339e+01 1.396313303602785938e+00
1.213712969760545235e+01 1.396089251146890309e+00
1.215752767881053131e+01 1.395916019598755886e+00
1.217792566001561205e+01 1.395771307077353418e+00
1.219832364122069279e+01 1.395676270499554450e+00
1.219860594478884863e+01 1.395675229112752325e+00
1.221872162242577176e+01 1.395600274692000209e+00
1.223911960363085250e+01 1.395571692702645139e+00
1.225951758483593323e+01 1.395530283139593708e+00
1.227991556604101220e+01 1.395479683155802730e+00
1.230031354724609471e+01 1.395440921042468529e+00
1.232071152845117368e+01 1.395402644311075191e+00
1.234110950965625264e+01 1.395355578488793213e+00
1.236150749086133160e+01 1.395302743093593145e+00
1.238190547206641412e+01 1.395202892952800644e+00
1.240230345327149308e+01 1.395082176748236424e+00
1.242270143447657382e+01 1.394932199965621678e+00
1.244309941568165456e+01 1.394744114293704929e+00
1.246349739688673353e+01 1.394518849081841871e+00
1.248389537809181249e+01 1.394273905246847800e+00
1.250429335929689323e+01 1.393950819850538814e+00
1.252469134050197397e+01 1.393565385313863869e+00
1.254508932170705293e+01 1.393116262960864216e+00
1.256548730291213367e+01 1.392617699659639552e+00
1.257071086402566173e+01 1.392475514425015160e+00
1.258588528411721441e+01 1.392036628012071731e+00
1.260628326532229337e+01 1.391392193804926958e+00
1.262668124652737234e+01 1.390655395815150630e+00
1.264707922773245485e+01 1.389892137341365519e+00
1.266256068959961922e+01 1.389275799737278216e+00
1.266747720893753382e+01 1.389078597240328339e+00
1.268787519014261278e+01 1.388202439664124377e+00
1.270827317134769352e+01 1.387294397501667165e+00
1.272867115255277426e+01 1.386346154562119182e+00
1.273428411956517436e+01 1.386076085049541273e+00
1.274906913375785322e+01 1.385173802398098841e+00
1.276946711496293396e+01 1.383892228544495451e+00
1.278541245710696472e+01 1.382876370361804108e+00
1.278986509616801470e+01 1.382638636446932523e+00
1.281026307737309367e+01 1.381543213007485171e+00
1.283066105857817440e+01 1.380433135727391125e+00
1.284422496577221473e+01 1.379676655674066943e+00
1.285105903978325514e+01 1.379276184697249663e+00
1.287145702098833411e+01 1.378068959894468648e+00
1.289185500219341485e+01 1.376876548139534417e+00
1.289838356257457619e+01 1.376476940986330000e+00
1.291225298339849559e+01 1.375594804496766521e+00
1.293265096460357455e+01 1.374321795920815159e+00
1.294938288361192669e+01 1.373277226298593057e+00
1.295304894580865351e+01 1.373047476864236005e+00
1.297344692701373603e+01 1.371769458256105079e+00
1.299384490821881499e+01 1.370494448672314292e+00
1.300053247621173469e+01 1.370077511610855892e+00
1.301424288942389396e+01 1.369217983348558709e+00
1.303464087062897470e+01 1.367907377139874869e+00
1.305102509735317540e+01 1.366877796923118726e+00
1.305503885183405544e+01 1.366621036015017943e+00
1.307543683303913440e+01 1.365282719335859651e+00
1.309583481424421691e+01 1.363925256745593728e+00
1.309945119679308156e+01 1.363678082235381783e+00
1.311623279544929588e+01 1.362470489501697024e+00
1.313663077665437484e+01 1.361005724045773579e+00
1.314380427490087655e+01 1.360478367547644840e+00
1.315702875785945736e+01 1.359530134342059604e+00
1.317742673906453632e+01 1.358066964517704589e+00
1.318841025718847959e+01 1.357278652859907897e+00
1.319782472026961528e+01 1.356546877075559099e+00
1.321822270147469425e+01 1.354936895304980737e+00
1.322885742566832334e+01 1.354078938172170510e+00
1.323862068267977676e+01 1.353253293933529333e+00
1.325901866388485573e+01 1.351524484667771642e+00
1.326651099551016344e+01 1.350879223484433567e+00
1.327941664508993469e+01 1.349572690233036276e+00
1.329926407470524019e+01 1.347679508796696624e+00
1.329981462629501543e+01 1.347632501751090839e+00
1.332021260750009617e+01 1.345769694270732675e+00
1.333439899450541333e+01 1.344479794108959458e+00
1.334061058870517513e+01 1.343871400001865668e+00
1.336100856991025587e+01 1.341874543358081873e+00
1.336717379241069636e+01 1.341280079421222293e+00
1.338140655111533661e+01 1.339861303892734057e+00
1.339925844237979113e+01 1.338080364733485350e+00
1.340180453232041735e+01 1.337844748143799167e+00
1.342220251352549631e+01 1.335971547737070386e+00
1.343438436643059397e+01 1.334880650045748407e+00
1.344260049473057705e+01 1.334022634838707200e+00
1.346299847593565602e+01 1.331961524009739328e+00
1.346579598403970124e+01 1.331680935358011242e+00
1.348339645714073498e+01 1.330093581257466795e+00
1.350202165892774175e+01 1.328481220670273855e+00
1.350379443834581750e+01 1.328310805588313048e+00
1.352419241955089646e+01 1.326400660296822576e+00
1.353665524009022647e+01 1.325281505982537134e+00
1.354459040075597542e+01 1.324571715206326772e+00
1.356498838196105616e+01 1.322822392769611444e+00
1.357385816303582438e+01 1.322081791294800190e+00
1.358538636316613690e+01 1.321150057858906823e+00
1.360578434437121587e+01 1.319631840755222330e+00
1.361577448923878819e+01 1.318882076607063025e+00
1.362618232557629661e+01 1.318108788519568142e+00
1.364658030678137735e+01 1.316651834036966173e+00
1.366056224900032845e+01 1.315682361919325860e+00
1.366697828798645631e+01 1.315216653926704282e+00
1.368737626919153527e+01 1.313748678321444929e+00
1.370572710326639232e+01 1.312482647231589139e+00
1.370777425039661779e+01 1.312348895807629701e+00
1.372817223160169675e+01 1.311016297569206346e+00
1.374857021280677749e+01 1.309736184308750273e+00
1.375582278533862812e+01 1.309282932543851974e+00
1.376896819401185823e+01 1.308261752679363843e+00
1.378936617521693719e+01 1.306721014008042747e+00
1.379801353131929176e+01 1.306083217856114809e+00
1.380976415642201616e+01 1.305292463503870071e+00
1.383016213762709867e+01 1.303928147715998742e+00
1.384566871785201947e+01 1.302883503168377644e+00
1.385056011883217764e+01 1.302556725567018292e+00
1.387095810003725660e+01 1.301223460609282956e+00
1.389135608124233734e+01 1.299979721222426443e+00
1.389617159039167937e+01 1.299683788480640700e+00
1.391175406244741808e+01 1.298743751072757302e+00
1.393215204365249704e+01 1.297476649269628357e+00
1.394831007065354456e+01 1.296484073792903535e+00
1.395255002485757778e+01 1.296214869524384916e+00
1.397294800606265852e+01 1.294938271195174684e+00
1.399334598726773748e+01 1.293679316815333546e+00
1.399983745420393078e+01 1.293284359105166592e+00
1.401374396847282000e+01 1.292421666976783623e+00
1.403414194967789896e+01 1.291152074980672859e+00
1.405250917238346098e+01 1.290084644417429427e+00
1.405453993088297793e+01 1.289964516123706328e+00
1.407493791208805511e+01 1.288758735983429826e+00
1.409533589329313941e+01 1.287565837920377820e+00
1.410717163083588588e+01 1.286884929729692484e+00
1.411573387449821659e+01 1.286383277261466507e+00
1.413613185570329733e+01 1.285209139860985061e+00
1.415652983690837807e+01 1.284089743779904813e+00
1.416402162423146649e+01 1.283685215041955319e+00
1.417692781811345881e+01 1.282999439523812679e+00
1.419732579931853778e+01 1.281922892794359781e+00
1.421772378052361852e+01 1.280907086619591961e+00
1.422620695524352996e+01 1.280485500354218376e+00
1.423812176172869925e+01 1.279865803550559678e+00
1.425851974293377822e+01 1.278843426977519071e+00
1.427891772413885896e+01 1.277853239355675186e+00
1.429095230086784341e+01 1.277285785666481210e+00
1.429931570534393970e+01 1.276901963268988194e+00
1.431971368654901866e+01 1.276024035451776673e+00
1.434011166775409762e+01 1.275121425888141147e+00
1.436050964895918014e+01 1.274241245611184681e+00
1.436420281373683139e+01 1.274086070978744267e+00
1.438090763016425910e+01 1.273369109432655133e+00
1.440130561136933807e+01 1.272520439494492228e+00
1.442170359257441703e+01 1.271742740944429517e+00
1.444210157377949955e+01 1.270975557248131160e+00
1.444449599171773890e+01 1.270886356291007102e+00
1.446249955498457851e+01 1.270171902387793761e+00
1.448289753618965925e+01 1.269364727279933325e+00
1.450329551739473999e+01 1.268629430192333096e+00
1.452369349859981895e+01 1.267909378162906942e+00
1.453046021890372685e+01 1.267686641603270159e+00
1.454409147980489969e+01 1.267221344282756013e+00
1.456448946100998043e+01 1.266556330351053195e+00
1.458488744221505939e+01 1.265953710871051907e+00
1.460528542342013836e+01 1.265376265666522393e+00
1.462568340462522087e+01 1.264830877198165782e+00
1.464032128132167010e+01 1.264486926915532994e+00
1.464608138583029984e+01 1.264347831923036347e+00
