1.413613185570329733e+01 1.510612714959644665e+00
1.415652983690837630e+01 1.510261430074085975e+00
1.417692781811345881e+01 1.509921539519516243e+00
1.419732579931853778e+01 1.509622739946630432e+00
1.421772378052361852e+01 1.509355447827656516e+00
1.423812176172869925e+01 1.509118337634946183e+00
1.425851974293377822e+01 1.508910309086919144e+00
1.427891772413885896e+01 1.508726583570241697e+00
1.429931570534393970e+01 1.508563568900492369e+00
1.431971368654901866e+01 1.508440409928914594e+00
1.434011166775409762e+01 1.508349181981037512e+00
1.436050964895918014e+01 1.508274147652181707e+00
1.438090763016425910e+01 1.508253192650966801e+00
1.440130561136933807e+01 1.508236391996142567e+00
1.442170359257441703e+01 1.508283965900656165e+00
1.444210157377949955e+01 1.508387339094166668e+00
1.446249955498457851e+01 1.508499817317036529e+00
1.448289753618965925e+01 1.508664040263667072e+00
1.450329551739473999e+01 1.508878681820838175e+00
1.452369349859981895e+01 1.509132850355602962e+00
1.454409147980489792e+01 1.509393184394206777e+00
1.456448946100998043e+01 1.509741343436369787e+00
1.458488744221505939e+01 1.510109331989827552e+00
1.460528542342014013e+01 1.510545439137640278e+00
1.461889983704233131e+01 1.510864957871286496e+00
1.462568340462522087e+01 1.511024758147164304e+00
1.464608138583029984e+01 1.511589323380951866e+00
1.466647936703537880e+01 1.512240088305412344e+00
1.468687734824046132e+01 1.512973954813071620e+00
1.470727532944554028e+01 1.513785269059245042e+00
1.471377685172257799e+01 1.514064672559023439e+00
1.472767331065061924e+01 1.514653060871552936e+00
1.474807129185569998e+01 1.515626997034214885e+00
1.476846927306078072e+01 1.516692595202036253e+00
1.477814054880751904e+01 1.517264387246760382e+00
1.478886725426585969e+01 1.517953754333972505e+00
1.480926523547094042e+01 1.519410945339763952e+00
1.482254618333633900e+01 1.520464101934497547e+00
1.482966321667602116e+01 1.520996225550093950e+00
1.485006119788110013e+01 1.522643409957086025e+00
1.486137971719908890e+01 1.523663816622234712e+00
1.487045917908618087e+01 1.524446851131242786e+00
1.489085716029126161e+01 1.526323302697221163e+00
1.489628671811500205e+01 1.526863531309971656e+00
1.491125514149634057e+01 1.528589944907806197e+00
1.492303131300194430e+01 1.530063245997708599e+00
1.493165312270141953e+01 1.531067710963674111e+00
1.494927497215225998e+01 1.533262960685445764e+00
1.495205110390650027e+01 1.533612796739133088e+00
1.497244908511157924e+01 1.536356194440254841e+00
1.497319798200059182e+01 1.536462675373182929e+00
1.499284706631665998e+01 1.539155515497707016e+00
1.499627743679643643e+01 1.539662390060919872e+00
1.501324504752174072e+01 1.542220171252106420e+00
1.501730166473249461e+01 1.542862104748656593e+00
1.503364302872682146e+01 1.545586617093947179e+00
1.503633182416066205e+01 1.546061819436393758e+00
1.505404100993190042e+01 1.549039323705545979e+00
1.505528813443364911e+01 1.549261534124131368e+00
1.507128723795168312e+01 1.552461248811868089e+00
1.507443899113698116e+01 1.553072537739903280e+00
1.508720197578127120e+01 1.555660963499605032e+00
1.509483697234206190e+01 1.557164376138675976e+00
1.510303051600479485e+01 1.558860678187342197e+00
1.511523495354714086e+01 1.561882455275481751e+00
1.511591736654844098e+01 1.562060392875079362e+00
1.513028704104172562e+01 1.565260107562816305e+00
1.513563293475222160e+01 1.566472753717876198e+00
1.514391424465812186e+01 1.568459822250553248e+00
1.515603091595730234e+01 1.571647346443390658e+00
1.515607555424552721e+01 1.571659536938290413e+00
1.516826087562414749e+01 1.574859251626027579e+00
1.517642889716237953e+01 1.576968774269154938e+00
1.518051142679764176e+01 1.578058966313764744e+00
1.519127994903000456e+01 1.581258681001501465e+00
1.519682687836746204e+01 1.582818586931624250e+00
1.520245649951172240e+01 1.584458395689238630e+00
1.521260346543563635e+01 1.587658110376975795e+00
1.521722485957254101e+01 1.589198072062153688e+00
1.522200168310701152e+01 1.590857825064712738e+00
1.523160699196929180e+01 1.594057539752449681e+00
1.523762284077762352e+01 1.595840817336536155e+00
1.524224347953543912e+01 1.597257254440186847e+00
1.525139098180296671e+01 1.600456969127924012e+00
1.525802082198270249e+01 1.602835239114653865e+00
1.526023036760053131e+01 1.603656683815660955e+00
1.526822912989759118e+01 1.606856398503397898e+00
1.527793806321962577e+01 1.610056113191135063e+00
1.527841880318778145e+01 1.610235261657960049e+00
1.528623062541795896e+01 1.613255827878872228e+00
1.529401568728732563e+01 1.616455542566609171e+00
1.529881678439286219e+01 1.618317526521494631e+00
1.530217555428864351e+01 1.619655257254346115e+00
1.531078152858804842e+01 1.622854971942083280e+00
1.531907136989072526e+01 1.626054686629820445e+00
1.531921476559794115e+01 1.626110015902238137e+00
1.532711383155313456e+01 1.629254401317557388e+00
1.533496802214429700e+01 1.632454116005294331e+00
1.533961274680302367e+01 1.634283382990485478e+00
1.534298799310332306e+01 1.635653830693031718e+00
1.535048010541495778e+01 1.638853545380768661e+00
1.535794062796990289e+01 1.642053260068505605e+00
1.536001072800810263e+01 1.643025308517206851e+00
1.536462974633414014e+01 1.645252974756242548e+00
1.537193944130949319e+01 1.648452689443979713e+00
1.537889335401469282e+01 1.651652404131716878e+00
1.538040870921318160e+01 1.652345961003624852e+00
1.538573377837067824e+01 1.654852118819453821e+00
1.539188211464302469e+01 1.658051833507190764e+00
1.539847868294038769e+01 1.661251548194927929e+00
1.540080669041826056e+01 1.662370480557564978e+00
1.540502238188207329e+01 1.664451262882665095e+00
1.541193081384313324e+01 1.667650977570402038e+00
1.541827285273581438e+01 1.670850692258138981e+00
1.542120467162334307e+01 1.672295378672393973e+00
1.542467665573405000e+01 1.674050406945876368e+00
1.543084469358826460e+01 1.677250121633613311e+00
1.543699402913977359e+01 1.680449836321350254e+00
1.544160265282842204e+01 1.683044698548221030e+00
1.544265211879718969e+01 1.683649551009087197e+00
1.544821587679622965e+01 1.686849265696824141e+00
1.545370924576062777e+01 1.690048980384561528e+00
1.545904913844775486e+01 1.693248695072298471e+00
1.546200063403350100e+01 1.695175564807840818e+00
1.546390295942068960e+01 1.696448409760035414e+00
1.546880443040501341e+01 1.699648124447772579e+00
1.547374661022756293e+01 1.702847839135509744e+00
1.547845233955102273e+01 1.706047553823246687e+00
1.548239861523858174e+01 1.708518964931013295e+00
1.548353812438715948e+01 1.709247268510983631e+00
1.548753572532631573e+01 1.712446983198720796e+00
1.549207402718645810e+01 1.715646697886457961e+00
1.549651564778551815e+01 1.718846412574194904e+00
1.550071679000321723e+01 1.722046127261931847e+00
1.550279659644366248e+01 1.723744097366184391e+00
1.550459338765412198e+01 1.725245841949668790e+00
1.550852666026183257e+01 1.728445556637406177e+00
1.551231838677365005e+01 1.731645271325143121e+00
1.551570695147407442e+01 1.734844986012880064e+00
1.551920545158636600e+01 1.738044700700617229e+00
1.552255014104244424e+01 1.741244415388354394e+00
1.552319457764874322e+01 1.741830642203504365e+00
1.552601607953176455e+01 1.744444130076091559e+00
1.552878420994122877e+01 1.747643844763828502e+00
1.553124906608646327e+01 1.750843559451565445e+00
1.553390628913863125e+01 1.754043274139302611e+00
1.553676272398390523e+01 1.757242988827039554e+00
1.553886773534283350e+01 1.760442703514776497e+00
1.554145678627370941e+01 1.763642418202513662e+00
1.554359255885382218e+01 1.766427989148176447e+00
1.554390464546604811e+01 1.766842132890251049e+00
1.554625541618530171e+01 1.770041847577987770e+00
1.554805573486525283e+01 1.773241562265724713e+00
1.555055538390693570e+01 1.776441276953462101e+00
1.555221580536160353e+01 1.779640991641199044e+00
1.555377247089285930e+01 1.782840706328935987e+00
1.555551395183989882e+01 1.786040421016673152e+00
1.555748081252205495e+01 1.789240135704410317e+00
1.555888048811439006e+01 1.792439850392147260e+00
1.556002957944013332e+01 1.795639565079884203e+00
1.556117184918391239e+01 1.798839279767621369e+00
1.556223070162696409e+01 1.802038994455358534e+00
1.556323302851635937e+01 1.805238709143095477e+00
1.556392667922524709e+01 1.808438423830832420e+00
1.556399054005890292e+01 1.808718799281102019e+00
1.556464793374849265e+01 1.811638138518569585e+00
1.556589700431221246e+01 1.814837853206306750e+00
1.556660521576823264e+01 1.818037567894043693e+00
1.556776399069669381e+01 1.821237282581780637e+00
1.556892788636130476e+01 1.824436997269517580e+00
1.557060274202654426e+01 1.827636711957254523e+00
1.557211740654704002e+01 1.830836426644991910e+00
1.557314493680888035e+01 1.834036141332728853e+00
1.557459622396383736e+01 1.837235856020466018e+00
1.557598754850050327e+01 1.840435570708202961e+00
1.557816113326469321e+01 1.843635285395940127e+00
1.558013835499832744e+01 1.846835000083677070e+00
1.558208347001103533e+01 1.850034714771414235e+00
1.558359419679354652e+01 1.853234429459151178e+00
1.558438852126398366e+01 1.854878791385790482e+00
1.558513536146013578e+01 1.856434144146888343e+00
1.558684057666634182e+01 1.859633858834625286e+00
1.558842857021690165e+01 1.862833573522362673e+00
1.559081275143568490e+01 1.866033288210099395e+00
1.559316397356677264e+01 1.869233002897836560e+00
1.559578730318861162e+01 1.872432717585573503e+00
1.559846565669787211e+01 1.875632432273310446e+00
1.560069826966275031e+01 1.878832146961047833e+00
1.560342673045341932e+01 1.882031861648784776e+00
1.560478650246906440e+01 1.883656579373594653e+00
1.560610006693997676e+01 1.885231576336521719e+00
1.560855028505351250e+01 1.888431291024258885e+00
1.561107630112002909e+01 1.891631005711996050e+00
1.561392026532152499e+01 1.894830720399732993e+00
1.561682884920580072e+01 1.898030435087469936e+00
1.561941726980944978e+01 1.901230149775207323e+00
1.562282731351447751e+01 1.904429864462944044e+00
1.562518448367414337e+01 1.906810398730799161e+00
1.562599917165489849e+01 1.907629579150681209e+00
1.562902951854548839e+01 1.910829293838418153e+00
1.563177934370751387e+01 1.914029008526155318e+00
1.563465838408018094e+01 1.917228723213892483e+00
1.563768951581062261e+01 1.920428437901629426e+00
1.564041210111668079e+01 1.923628152589366591e+00
1.564326974139343562e+01 1.926827867277103312e+00
1.564558246487922233e+01 1.929407245806044058e+00
1.564614248585896483e+01 1.930027581964840921e+00
1.564884145634115775e+01 1.933227296652577643e+00
1.565151022400000613e+01 1.936427011340314586e+00
1.565434581957986282e+01 1.939626726028051529e+00
1.565711240592560927e+01 1.942826440715788916e+00
1.565972270009400091e+01 1.946026155403525859e+00
1.566224388756619845e+01 1.949225870091263246e+00
1.566460271511157742e+01 1.952425584778999967e+00
1.566598044608430484e+01 1.954384910699515920e+00
1.566685959385283411e+01 1.955625299466737133e+00
1.566922840021283037e+01 1.958825014154474076e+00
1.567155254145233556e+01 1.962024728842211019e+00
1.567350922974678795e+01 1.965224443529948406e+00
1.567509634973654009e+01 1.968424158217685349e+00
1.567658605244284153e+01 1.971623872905422292e+00
1.567770027773989838e+01 1.974823587593159457e+00
1.567856432809311329e+01 1.978023302280896401e+00
1.567945211806383732e+01 1.981223016968633566e+00
1.567959071490298584e+01 1.984422731656370509e+00
1.567968454090278740e+01 1.987622446344107452e+00
1.567949262723240089e+01 1.990822161031844617e+00
1.567874159264550116e+01 1.994021875719581782e+00
1.567735744504807727e+01 1.997221590407318725e+00
1.567577015999975032e+01 2.000421305095056113e+00
1.567371893022436780e+01 2.003621019782793056e+00
1.567079026559607513e+01 2.006820734470529999e+00
1.566762235385040647e+01 2.010020449158266942e+00
1.566598044608430307e+01 2.011281545549606253e+00
1.566328174570618792e+01 2.013220163846003885e+00
1.565835014708339301e+01 2.016419878533740828e+00
1.565238103176481310e+01 2.019619593221478215e+00
1.564558246487922233e+01 2.022512149188752772e+00
1.564478634259160827e+01 2.022819307909215159e+00
1.563622524183441520e+01 2.026019022596952546e+00
1.562587392359130867e+01 2.029218737284689489e+00
1.562518448367414514e+01 2.029408602096819170e+00
1.561263712597546416e+01 2.032418451972426432e+00
1.560478650246906263e+01 2.034095414676126534e+00
1.559626046693012924e+01 2.035618166660163375e+00
1.558438852126398366e+01 2.037423238367614520e+00
1.557290708255365885e+01 2.038817881347900318e+00
1.556399054005890292e+01 2.039795466070981611e+00
1.554359255885382218e+01 2.041505846344638719e+00
1.553503092815401132e+01 2.042017596035637261e+00
1.552319457764874322e+01 2.042653521342637113e+00
1.550279659644366248e+01 2.043364921295129477e+00
1.548239861523858174e+01 2.043716341878403675e+00
1.546200063403350455e+01 2.043762044327425365e+00
1.544160265282842204e+01 2.043543246909141686e+00
1.542120467162334307e+01 2.043091474252577200e+00
1.540080669041826233e+01 2.042430755999341763e+00
1.539100514381917861e+01 2.042017596035637261e+00
1.538040870921318160e+01 2.041573285572563901e+00
1.536001072800810263e+01 2.040541598137669332e+00
1.533961274680302367e+01 2.039363986599728396e+00
1.533126612841949665e+01 2.038817881347900318e+00
1.531921476559794115e+01 2.038049458411453685e+00
1.529881678439286219e+01 2.036609640605559157e+00
1.528590519734209963e+01 2.035618166660163375e+00
1.527841880318778145e+01 2.035041669323653934e+00
1.525802082198270249e+01 2.033352702315685878e+00
1.524747782594529610e+01 2.032418451972426432e+00
1.523762284077762175e+01 2.031579909537168493e+00
1.521722485957254101e+01 2.029735738177333104e+00
1.521180521992029000e+01 2.029218737284689489e+00
1.519682687836746204e+01 2.027813548064819393e+00
1.517858724690469252e+01 2.026019022596952546e+00
1.517642889716238130e+01 2.025812033109515298e+00
1.515603091595730234e+01 2.023761249778520899e+00
1.514702747094794510e+01 2.022819307909215159e+00
1.513563293475222338e+01 2.021660416285637307e+00
1.511631873845830398e+01 2.019619593221478215e+00
1.511523495354714086e+01 2.019507017259967618e+00
1.509483697234206190e+01 2.017305542570578147e+00
1.508689952912143539e+01 2.016419878533740828e+00
1.507443899113697938e+01 2.015061172540070444e+00
1.505805304532100664e+01 2.013220163846003885e+00
1.505404100993190042e+01 2.012772161514482239e+00
1.503364302872682323e+01 2.010420421184522244e+00
1.503026893147057663e+01 2.010020449158266942e+00
1.501324504752174072e+01 2.008022289051813125e+00
1.500328175633305960e+01 2.006820734470529999e+00
1.499284706631666353e+01 2.005592086226019255e+00
1.497654855163193233e+01 2.003621019782793056e+00
1.497244908511158101e+01 2.003135130361205718e+00
1.495205110390650027e+01 2.000662408999311470e+00
1.495010598671959912e+01 2.000421305095056113e+00
1.493165312270141953e+01 1.998107890123478558e+00
1.492474165635557526e+01 1.997221590407318725e+00
1.491125514149634057e+01 1.995543041408537110e+00
1.489928060056307579e+01 1.994021875719581782e+00
1.489085716029126161e+01 1.992967069638418742e+00
1.487408128795063966e+01 1.990822161031844617e+00
1.487045917908617909e+01 1.990367426494808800e+00
1.485006119788110013e+01 1.987757285381266836e+00
1.484902519970685475e+01 1.987622446344107674e+00
1.482966321667602116e+01 1.985105929503413025e+00
1.482449674087931513e+01 1.984422731656370509e+00
1.480926523547094042e+01 1.982419410342498578e+00
1.480036710636465358e+01 1.981223016968633788e+00
1.478886725426585969e+01 1.979702107462925298e+00
1.477636810689612545e+01 1.978023302280896401e+00
1.476846927306078072e+01 1.976967357786320711e+00
1.475274072326356745e+01 1.974823587593159457e+00
1.474807129185569998e+01 1.974197321565558605e+00
1.472910768896125511e+01 1.971623872905422292e+00
1.472767331065061924e+01 1.971430493783501214e+00
1.470727532944554028e+01 1.968644541348971932e+00
1.470568598824432271e+01 1.968424158217685571e+00
1.468687734824046309e+01 1.965851725712365106e+00
1.468234225268459525e+01 1.965224443529948184e+00
1.466647936703537880e+01 1.963041794381430449e+00
1.465919121754910392e+01 1.962024728842211463e+00
1.464608138583029984e+01 1.960239503091936175e+00
1.463583535497412313e+01 1.958825014154474076e+00
1.462568340462522087e+01 1.957429341773469389e+00
1.461275103522064178e+01 1.955625299466737133e+00
1.460528542342013836e+01 1.954592684227762334e+00
1.458982247292306766e+01 1.952425584778999967e+00
1.458488744221505939e+01 1.951736170976783091e+00
1.456710699184530533e+01 1.949225870091263024e+00
1.456448946100998043e+01 1.948865873796952197e+00
1.454409464102282890e+01 1.946026155403525859e+00
1.454409147980489969e+01 1.946025711703154526e+00
1.452369349859981895e+01 1.943135276169128733e+00
1.452153811309801412e+01 1.942826440715788916e+00
1.450329551739473999e+01 1.940235821101090830e+00
1.449905501398187369e+01 1.939626726028051751e+00
1.448289753618965925e+01 1.937309849098127534e+00
1.447680188675412793e+01 1.936427011340314808e+00
1.446249955498457851e+01 1.934361758160538125e+00
1.445472826751152340e+01 1.933227296652577643e+00
1.444210157377949955e+01 1.931414924266989130e+00
1.443251687490053214e+01 1.930027581964840699e+00
1.442170359257441881e+01 1.928486615895909306e+00
1.441019272775655224e+01 1.926827867277103756e+00
1.440130561136933807e+01 1.925535852317370900e+00
1.438832009906351139e+01 1.923628152589366591e+00
1.438090763016425910e+01 1.922541853640807430e+00
1.436662770334546124e+01 1.920428437901629426e+00
1.436050964895918014e+01 1.919529733812479044e+00
1.434495549952416837e+01 1.917228723213892483e+00
1.434011166775409762e+01 1.916529180077335193e+00
1.432302712359359376e+01 1.914029008526155318e+00
1.431971368654901866e+01 1.913541181218122222e+00
1.430138124919157683e+01 1.910829293838418153e+00
1.429931570534393970e+01 1.910526089283292928e+00
1.427973817464961392e+01 1.907629579150681209e+00
1.427891772413885896e+01 1.907508836948090591e+00
1.425851974293377822e+01 1.904490569805717515e+00
1.425811218446686190e+01 1.904429864462944044e+00
1.423812176172869925e+01 1.901439079731388038e+00
1.423673536489254055e+01 1.901230149775207101e+00
1.421772378052362029e+01 1.898400515849646863e+00
1.421525479914289924e+01 1.898030435087469936e+00
1.419732579931853778e+01 1.895327831981603151e+00
1.419404939015164402e+01 1.894830720399732993e+00
1.417692781811345881e+01 1.892278083114386167e+00
1.417262923340599912e+01 1.891631005711995828e+00
1.415652983690837985e+01 1.889232567865877455e+00
1.415118080554164237e+01 1.888431291024258885e+00
1.413613185570329733e+01 1.886171036388320399e+00
1.412990347448514505e+01 1.885231576336521719e+00
1.411573387449821837e+01 1.883116297478818701e+00
1.410853255768402903e+01 1.882031861648784776e+00
1.409533589329313941e+01 1.880023625910181018e+00
1.408755458271721572e+01 1.878832146961047389e+00
1.407493791208805689e+01 1.876907732910731319e+00
1.406662266192904553e+01 1.875632432273310446e+00
1.405453993088297793e+01 1.873823307864323606e+00
1.404531641618363658e+01 1.872432717585573503e+00
1.403414194967789896e+01 1.870721074974370790e+00
1.402447393415872234e+01 1.869233002897836560e+00
1.401374396847282000e+01 1.867609396663412191e+00
1.400339461608404434e+01 1.866033288210099395e+00
1.399334598726773748e+01 1.864466427838050500e+00
1.398292893357562861e+01 1.862833573522362451e+00
1.397294800606265852e+01 1.861282722586823368e+00
1.396238588009224912e+01 1.859633858834625286e+00
1.395255002485757778e+01 1.858129563564144826e+00
1.394153975042596194e+01 1.856434144146888343e+00
1.393215204365249704e+01 1.854978295031434854e+00
1.392094749479959859e+01 1.853234429459151400e+00
1.391175406244741808e+01 1.851797009831870566e+00
1.390053456354537076e+01 1.850034714771414235e+00
1.389135608124233734e+01 1.848577791905532841e+00
1.388044846852979930e+01 1.846835000083677070e+00
1.387095810003725660e+01 1.845338160074496026e+00
1.386019082565543314e+01 1.843635285395940127e+00
1.385056011883217764e+01 1.842095143711026228e+00
1.384021576102192697e+01 1.840435570708202961e+00
1.383016213762709867e+01 1.838842355466558942e+00
1.382007599625600136e+01 1.837235856020466240e+00
1.380976415642201616e+01 1.835576929180120942e+00
1.380021102255436638e+01 1.834036141332728853e+00
1.378936617521693719e+01 1.832278828891963585e+00
1.378047957570070103e+01 1.830836426644991910e+00
1.376896819401185823e+01 1.828979316417722600e+00
1.376068725511584745e+01 1.827636711957254745e+00
1.374857021280677571e+01 1.825647147750459887e+00
1.374120530635843984e+01 1.824436997269517802e+00
1.372817223160169675e+01 1.822319999185339157e+00
1.372151875429276657e+01 1.821237282581780637e+00
1.370777425039661779e+01 1.818985517465234292e+00
1.370199074350534829e+01 1.818037567894043693e+00
1.368737626919153705e+01 1.815638557088285143e+00
1.368251115687946040e+01 1.814837853206306750e+00
1.366697828798645631e+01 1.812270048177298865e+00
1.366315411882619024e+01 1.811638138518569585e+00
1.364658030678137912e+01 1.808854195679166166e+00
1.364410754254344837e+01 1.808438423830832420e+00
1.362618232557629661e+01 1.805423217982925932e+00
1.362508530536427998e+01 1.805238709143095477e+00
1.360646664149373031e+01 1.802038994455358534e+00
1.360578434437121587e+01 1.801922350180903409e+00
1.358774258817976843e+01 1.798839279767621369e+00
1.358538636316613690e+01 1.798434284839280028e+00
1.356908092547866573e+01 1.795639565079884203e+00
1.356498838196105616e+01 1.794939085467322393e+00
1.355036395778333969e+01 1.792439850392147260e+00
1.354459040075597542e+01 1.791424148623224966e+00
1.353214476292358626e+01 1.789240135704410317e+00
1.352419241955089646e+01 1.787841181513347255e+00
1.351393548286333690e+01 1.786040421016673152e+00
1.350379443834581750e+01 1.784273730949669234e+00
1.349551934131707398e+01 1.782840706328935987e+00
1.348339645714073498e+01 1.780687359244658374e+00
1.347748415277219536e+01 1.779640991641199044e+00
1.346299847593565602e+01 1.777049963326733595e+00
1.345957786505396925e+01 1.776441276953462101e+00
1.344260049473057705e+01 1.773389222001593657e+00
1.344177570800743560e+01 1.773241562265724491e+00
1.342382020791357000e+01 1.770041847577987770e+00
1.342220251352549631e+01 1.769748528863077652e+00
1.340608242513915727e+01 1.766842132890250827e+00
1.340180453232041557e+01 1.766053158017041547e+00
1.338867373243331826e+01 1.763642418202513662e+00
1.338140655111533661e+01 1.762302069179377595e+00
1.337123302710783257e+01 1.760442703514776497e+00
1.336100856991025587e+01 1.758559127750433770e+00
1.335382651490419192e+01 1.757242988827039554e+00
1.334061058870517513e+01 1.754800904343988277e+00
1.333647633015531753e+01 1.754043274139302611e+00
1.332021260750009617e+01 1.751022644597036049e+00
1.331924057839437125e+01 1.750843559451565445e+00
1.330203967319931735e+01 1.747643844763828280e+00
1.329981462629501543e+01 1.747227745741969152e+00
1.328483508593952500e+01 1.744444130076091337e+00
1.327941664508993469e+01 1.743420935528268156e+00
1.326778297094334924e+01 1.741244415388354394e+00
1.325901866388485573e+01 1.739590297013865694e+00
1.325074063243161682e+01 1.738044700700617007e+00
1.323862068267977676e+01 1.735756223634794093e+00
1.323376532492494562e+01 1.734844986012880064e+00
1.321822270147469425e+01 1.731890362409095996e+00
1.321691778165250675e+01 1.731645271325143121e+00
1.320003099081045406e+01 1.728445556637406177e+00
1.319782472026961528e+01 1.728019737934110678e+00
1.318333467263747139e+01 1.725245841949669234e+00
1.317742673906453632e+01 1.724100176948244023e+00
1.316675792445674631e+01 1.722046127261931847e+00
1.315702875785945558e+01 1.720130627558009717e+00
1.315040853669505871e+01 1.718846412574194904e+00
1.313663077665437484e+01 1.716134071638043768e+00
1.313413224935929335e+01 1.715646697886457961e+00
1.311799682179186810e+01 1.712446983198721018e+00
1.311623279544929588e+01 1.712090233242560267e+00
1.310199698238688448e+01 1.709247268510983631e+00
1.309583481424421514e+01 1.708020195585040701e+00
1.308582327662618283e+01 1.706047553823246687e+00
1.307543683303913440e+01 1.703972788320677667e+00
1.306973715541497683e+01 1.702847839135509744e+00
1.305503885183405721e+01 1.699878919313753567e+00
1.305388241594655163e+01 1.699648124447772579e+00
1.303815882796652303e+01 1.696448409760035414e+00
1.303464087062897470e+01 1.695732057942719750e+00
1.302229492308472558e+01 1.693248695072298471e+00
1.301424288942389396e+01 1.691573252549846362e+00
1.300683569053395061e+01 1.690048980384561528e+00
1.299384490821881499e+01 1.687374699507941722e+00
1.299125638113532588e+01 1.686849265696824363e+00
1.297589916375575037e+01 1.683649551009087197e+00
1.297344692701373603e+01 1.683133605280629830e+00
1.296048171614153333e+01 1.680449836321350254e+00
1.295304894580865351e+01 1.678867555898444275e+00
1.294535553783829052e+01 1.677250121633613311e+00
1.293265096460357455e+01 1.674546617358838141e+00
1.293028325473712492e+01 1.674050406945875924e+00
1.291514510319228570e+01 1.670850692258138981e+00
1.291225298339849559e+01 1.670232375918045742e+00
1.290001959951716159e+01 1.667650977570402038e+00
1.289185500219341485e+01 1.665844592141661362e+00
1.288546391185546547e+01 1.664451262882664873e+00
1.287145702098833411e+01 1.661366290371051324e+00
1.287092838361473923e+01 1.661251548194927929e+00
1.285645626673231767e+01 1.658051833507190764e+00
1.285105903978325514e+01 1.656822913826285326e+00
1.284228642518859331e+01 1.654852118819453821e+00
1.283066105857817440e+01 1.652142853311379556e+00
1.282852149145061027e+01 1.651652404131716878e+00
1.281455367710073467e+01 1.648452689443979713e+00
1.281026307737309367e+01 1.647424044669689280e+00
1.280103704423621735e+01 1.645252974756242548e+00
1.278986509616801470e+01 1.642566838343098024e+00
1.278769600253293248e+01 1.642053260068505605e+00
1.277455941851332000e+01 1.638853545380768661e+00
1.276946711496293396e+01 1.637567718835618580e+00
1.276174930570628163e+01 1.635653830693031274e+00
1.274906913375785145e+01 1.632454267383350421e+00
1.274906852410504143e+01 1.632454116005294331e+00
1.273669832431587423e+01 1.629254401317557388e+00
1.272867115255277426e+01 1.627173107331057356e+00
1.272427170001356700e+01 1.626054686629820445e+00
1.271215021530793621e+01 1.622854971942083502e+00
1.270827317134769352e+01 1.621777046797885813e+00
1.270050576858985281e+01 1.619655257254346115e+00
1.268927663929287419e+01 1.616455542566609171e+00
1.268787519014261278e+01 1.616042126980179905e+00
1.267823327121921473e+01 1.613255827878872228e+00
1.266761174945215096e+01 1.610056113191135063e+00
1.266747720893753382e+01 1.610013695747668061e+00
1.265725912165052591e+01 1.606856398503397898e+00
1.264711148280800401e+01 1.603656683815660955e+00
1.264707922773245485e+01 1.603645601966503520e+00
1.263760860809641073e+01 1.600456969127924012e+00
1.262856379353365988e+01 1.597257254440187069e+00
1.262668124652737234e+01 1.596557264101249762e+00
1.261979490835316398e+01 1.594057539752449681e+00
1.261156298886160876e+01 1.590857825064712738e+00
1.260628326532229337e+01 1.588677561835681207e+00
1.260376481746585142e+01 1.587658110376975795e+00
1.259608065125856236e+01 1.584458395689238630e+00
1.258928386970641355e+01 1.581258681001501465e+00
1.258588528411721441e+01 1.579466949173572887e+00
1.258315890996713193e+01 1.578058966313764522e+00
1.257772845826054109e+01 1.574859251626027579e+00
1.257316385992359109e+01 1.571659536938290413e+00
1.256927155472473778e+01 1.568459822250553248e+00
1.256604952813635201e+01 1.565260107562816305e+00
1.256548730291213367e+01 1.564465472854911221e+00
1.256374206818317418e+01 1.562060392875079362e+00
1.256255581216315953e+01 1.558860678187342197e+00
1.256222599752025637e+01 1.555660963499605032e+00
1.256383578053355521e+01 1.552461248811868311e+00
1.256548730291213367e+01 1.550765656621198918e+00
1.256710291155533277e+01 1.549261534124131146e+00
1.257188139696367379e+01 1.546061819436394202e+00
1.257973367951010069e+01 1.542862104748656815e+00
1.258588528411721441e+01 1.541000194873362705e+00
1.259096282930430988e+01 1.539662390060919872e+00
1.260571397258715365e+01 1.536462675373182929e+00
1.260628326532229337e+01 1.536367350577545698e+00
1.262668124652737234e+01 1.533432912560983130e+00
1.262808069736383310e+01 1.533262960685445764e+00
1.264707922773245485e+01 1.531139044418131423e+00
1.265878423125429819e+01 1.530063245997708599e+00
1.266747720893753382e+01 1.529331850109818092e+00
1.268787519014261278e+01 1.527893596194472625e+00
1.270518440572573660e+01 1.526863531309971656e+00
1.270827317134769352e+01 1.526700776402121429e+00
1.272867115255277426e+01 1.525769278425522346e+00
1.274906913375785322e+01 1.524995696419795710e+00
1.276946711496293396e+01 1.524345225126161552e+00
1.278986509616801470e+01 1.523790966537792668e+00
1.279531388389949065e+01 1.523663816622234712e+00
1.281026307737309367e+01 1.523311542944445485e+00
1.283066105857817618e+01 1.522894964259140727e+00
1.285105903978325514e+01 1.522539530738618918e+00
1.287145702098833411e+01 1.522246285734325966e+00
1.289185500219341485e+01 1.521986659390023089e+00
1.291225298339849559e+01 1.521763208756980790e+00
1.293265096460357455e+01 1.521578685571910006e+00
1.295304894580865351e+01 1.521410711703767404e+00
1.297344692701373603e+01 1.521240931078944314e+00
1.299384490821881499e+01 1.521088235175402481e+00
1.301424288942389396e+01 1.520946384711323152e+00
1.303464087062897470e+01 1.520815261690351639e+00
1.305503885183405544e+01 1.520694965788294661e+00
1.307543683303913440e+01 1.520578830674071069e+00
1.309343332512011848e+01 1.520464101934497547e+00
1.309583481424421336e+01 1.520448809880108332e+00
1.311623279544929588e+01 1.520336381430845263e+00
1.313663077665437484e+01 1.520220121524700874e+00
1.315702875785945558e+01 1.520099213187365406e+00
1.317742673906453632e+01 1.519987301274573488e+00
1.319782472026961706e+01 1.519888906464486489e+00
1.321822270147469425e+01 1.519808162866750800e+00
1.323862068267977854e+01 1.519700092320201978e+00
1.325901866388485573e+01 1.519597168704653223e+00
1.327941664508993469e+01 1.519485274849297740e+00
1.329981462629501365e+01 1.519379171873599610e+00
1.332021260750009617e+01 1.519261943666168957e+00
1.334061058870517513e+01 1.519167776437376327e+00
1.336100856991025765e+01 1.519099427452317297e+00
1.338140655111533661e+01 1.519018765348017830e+00
1.340180453232041557e+01 1.518927600230449926e+00
1.342220251352549631e+01 1.518837891015350827e+00
1.344260049473057705e+01 1.518768108699374508e+00
1.346299847593565602e+01 1.518722406170890826e+00
1.348339645714073498e+01 1.518646180944071666e+00
1.350379443834581750e+01 1.518594430182617305e+00
1.352419241955089646e+01 1.518529650266620123e+00
1.354459040075597542e+01 1.518481175737160793e+00
1.356498838196105616e+01 1.518415624821425114e+00
1.358538636316613690e+01 1.518355873071555395e+00
1.360578434437121587e+01 1.518276878088741899e+00
1.362618232557629483e+01 1.518189681767153409e+00
1.364658030678137735e+01 1.518109517132891995e+00
1.366697828798645631e+01 1.517993546746633005e+00
1.368737626919153705e+01 1.517887981671948827e+00
1.370777425039661779e+01 1.517752825108644954e+00
1.372817223160169675e+01 1.517598213872157320e+00
1.374857021280677749e+01 1.517445812930191318e+00
1.376850163493459434e+01 1.517264387246760382e+00
1.376896819401185645e+01 1.517259936276292409e+00
1.378936617521693719e+01 1.517047233596436895e+00
1.380976415642201616e+01 1.516797716309590704e+00
1.383016213762709867e+01 1.516525949124991612e+00
1.385056011883217764e+01 1.516262219036373038e+00
1.387095810003725660e+01 1.515954609604217573e+00
1.389135608124233734e+01 1.515614119000184390e+00
1.391175406244741808e+01 1.515267607564195984e+00
1.393215204365249704e+01 1.514897965023009885e+00
1.395255002485757778e+01 1.514491199721520687e+00
1.397294800606265852e+01 1.514103797156290954e+00
1.397487985733073401e+01 1.514064672559023439e+00
1.399334598726773748e+01 1.513650131671671284e+00
1.401374396847281822e+01 1.513206770636108089e+00
1.403414194967789896e+01 1.512753421247402974e+00
1.405453993088297793e+01 1.512299636323558794e+00
1.407493791208805689e+01 1.511852970851458089e+00
1.409533589329313941e+01 1.511413185370289458e+00
1.411573387449821837e+01 1.511012906316467674e+00
1.412300116486962764e+01 1.510864957871286496e+00
1.413613185570329733e+01 1.510612714959644665e+00
