1.000349427546060532e+01 9.515408455485004913e-01
1.002438048389661951e+01 9.515622969893311467e-01
1.004526669233263014e+01 9.516141129721306102e-01
1.005468312422459931e+01 9.516456320117514522e-01
1.006615290076864255e+01 9.516795430848471460e-01
1.008703910920465496e+01 9.517046749818758311e-01
1.010792531764066737e+01 9.517649369636309586e-01
1.012881152607667978e+01 9.518230379393115559e-01
1.014969773451269219e+01 9.519361332215723337e-01
1.017058394294870460e+01 9.520445193661994931e-01
1.019147015138471701e+01 9.521816417305211111e-01
1.021235635982072942e+01 9.522934765304758020e-01
1.023324256825674183e+01 9.524071996491075831e-01
1.025412877669275424e+01 9.525690265736346252e-01
1.027501498512876665e+01 9.527416201255520800e-01
1.029590119356477906e+01 9.529307689729553665e-01
1.031678740200079147e+01 9.531237289899067155e-01
1.033767361043680388e+01 9.533239277403420253e-01
1.035855981887281629e+01 9.535080679699222683e-01
1.037944602730882870e+01 9.537217504369878140e-01
1.040033223574484111e+01 9.539211437293031448e-01
1.042121844418085175e+01 9.541111874850810581e-01
1.044210465261686593e+01 9.542389205599761670e-01
1.046299086105287657e+01 9.544427570434567132e-01
1.048387706948889075e+01 9.546588487119870292e-01
1.050476327792490139e+01 9.548734752202436837e-01
1.051665726721835270e+01 9.549812116766834835e-01
1.052564948636091557e+01 9.550529616238966346e-01
1.054653569479692621e+01 9.552251731404255430e-01
1.056742190323294039e+01 9.554097823467012640e-01
1.058830811166895103e+01 9.555651891801344444e-01
1.060919432010496521e+01 9.557564717166533441e-01
1.063008052854097585e+01 9.559281794651197650e-01
1.065096673697698826e+01 9.561396217134716657e-01
1.067185294541300067e+01 9.563038251349680330e-01
1.069273915384901308e+01 9.565219780998019949e-01
1.071362536228502549e+01 9.567480773385901305e-01
1.073451157072103790e+01 9.569077157619259033e-01
1.075539777915705031e+01 9.571312087564589621e-01
1.077628398759306272e+01 9.573633382140555037e-01
1.079717019602907513e+01 9.576010535254386724e-01
1.081805640446508932e+01 9.578810761203218060e-01
1.083894261290109995e+01 9.581541334786904951e-01
1.085040292596803724e+01 9.583167913416155148e-01
1.085982882133711236e+01 9.584348204724695286e-01
1.088071502977312477e+01 9.586878852083369207e-01
1.090160123820913718e+01 9.589548066783536440e-01
1.092248744664514959e+01 9.592641863376503153e-01
1.094337365508116200e+01 9.595918377890355622e-01
1.096425986351717441e+01 9.599161874435726549e-01
1.098514607195318682e+01 9.602997143215212805e-01
1.100603228038919923e+01 9.607117547656398582e-01
1.102691848882521164e+01 9.611322706574924046e-01
1.104780469726122405e+01 9.615660061057277330e-01
1.105248142397670819e+01 9.616523710065474351e-01
1.106869090569723646e+01 9.619181798827517449e-01
1.108957711413324887e+01 9.623156253047207009e-01
1.111046332256926128e+01 9.627216801515439126e-01
1.113134953100527369e+01 9.631845197132594683e-01
1.115223573944128788e+01 9.636613881066862231e-01
1.117312194787729851e+01 9.641085355298990578e-01
1.119400815631331270e+01 9.645687919287344592e-01
1.121127114260573343e+01 9.649879506714794664e-01
1.121489436474932333e+01 9.650666399325968925e-01
1.123578057318533574e+01 9.655514228029239421e-01
1.125666678162134815e+01 9.660551794356380118e-01
1.127755299005735878e+01 9.665950765518764864e-01
1.129843919849337297e+01 9.671100086571168264e-01
1.131932540692938360e+01 9.676696720673035879e-01
1.134021161536539779e+01 9.682387657224266198e-01
1.134324486017109379e+01 9.683235303364113866e-01
1.136109782380140842e+01 9.687696731611583623e-01
1.138198403223742261e+01 9.693120762411334690e-01
1.140287024067343324e+01 9.698768710797378567e-01
1.142375644910944743e+01 9.704496105594140332e-01
1.144464265754545806e+01 9.710367692492845038e-01
1.146493355752042120e+01 9.716591100013434179e-01
1.146552886598147225e+01 9.716755614259412477e-01
1.148641507441748288e+01 9.722368507961792750e-01
1.150730128285349707e+01 9.728142140013762429e-01
1.152818749128950770e+01 9.734054431614027614e-01
1.154907369972552189e+01 9.740372537721306845e-01
1.156995990816153252e+01 9.746105731061496247e-01
1.158252209235153884e+01 9.749946896662753382e-01
1.159084611659754671e+01 9.752252797684556329e-01
1.161173232503355734e+01 9.758191307626764566e-01
1.163261853346957153e+01 9.764237562349471489e-01
1.165350474190558216e+01 9.770581979826210572e-01
1.167439095034159635e+01 9.777133724919262470e-01
1.169437175587885847e+01 9.783302693312073695e-01
1.169527715877760699e+01 9.783554292475566960e-01
1.171616336721362117e+01 9.789935604292534510e-01
1.173704957564963181e+01 9.796382483407358732e-01
1.175793578408564422e+01 9.802954008266139274e-01
1.177882199252165663e+01 9.809697462411717250e-01
1.179944695914319652e+01 9.816658489961394007e-01
1.179970820095766904e+01 9.816738442248669205e-01
1.182059440939368145e+01 9.823037495002379105e-01
1.184148061782969386e+01 9.830218939352646235e-01
1.186236682626570627e+01 9.837919712968492547e-01
1.188325303470171868e+01 9.845726810029771237e-01
1.189443131989984082e+01 9.850014286610713210e-01
1.190413924313773109e+01 9.853396302341699275e-01
1.192502545157374350e+01 9.860927703410404810e-01
1.194591166000975591e+01 9.868830001768087445e-01
1.196679786844576832e+01 9.877188020014032732e-01
1.198187528564518090e+01 9.883370083260033523e-01
1.198768407688178073e+01 9.885542276228453940e-01
1.200857028531779314e+01 9.893607972733975409e-01
1.202945649375380555e+01 9.901940993431472826e-01
1.205034270218981973e+01 9.910164946801121033e-01
1.206526839732670453e+01 9.916725879909353836e-01
1.207122891062583037e+01 9.919134186917090146e-01
1.209211511906184455e+01 9.927917385966651409e-01
1.211300132749785519e+01 9.937077100108324679e-01
1.213388753593386937e+01 9.946220304019379732e-01
1.214224791288379635e+01 9.950081676558673038e-01
1.215477374436988001e+01 9.955388937283605744e-01
1.217565995280589242e+01 9.964195141537515177e-01
1.219654616124190483e+01 9.973610506870392856e-01
1.221711815182394467e+01 9.983437473207993351e-01
1.221743236967791724e+01 9.983575659349150921e-01
1.223831857811392965e+01 9.992877524805227063e-01
1.225920478654994028e+01 1.000215620530420901e+00
1.228009099498595447e+01 1.001199158021861324e+00
1.229021991015001092e+01 1.001679326985731144e+00
1.230097720342196510e+01 1.002149880999305687e+00
1.232186341185797929e+01 1.003129469898562665e+00
1.234274962029398992e+01 1.004129501861979801e+00
1.236012836972183138e+01 1.005014906650663287e+00
1.236363582873000411e+01 1.005180136948591096e+00
1.238452203716601474e+01 1.006116175487416164e+00
1.240540824560202893e+01 1.007138336131716105e+00
1.242629445403804134e+01 1.008228193601524270e+00
1.242863125226957877e+01 1.008350486315595207e+00
1.244718066247405375e+01 1.009249514724231744e+00
1.246806687091006438e+01 1.010286690446821067e+00
1.248895307934607857e+01 1.011379870369451206e+00
1.249482005969965037e+01 1.011686065980527349e+00
1.250983928778208920e+01 1.012417772278227268e+00
1.253072549621810339e+01 1.013471900431975437e+00
1.255161170465411402e+01 1.014587062038339926e+00
1.255960179008096134e+01 1.015021645645459270e+00
1.257249791309012821e+01 1.015676885212423608e+00
1.259338412152613884e+01 1.016747665319305716e+00
1.261427032996215303e+01 1.017806775755158322e+00
1.262476552988695389e+01 1.018357225310391190e+00
1.263515653839816366e+01 1.018866391892785384e+00
1.265604274683417785e+01 1.019994418659406321e+00
1.267692895527018848e+01 1.021054989798669155e+00
1.268819399431433403e+01 1.021692804975323110e+00
1.269781516370620267e+01 1.022200722001371354e+00
1.271870137214221330e+01 1.023320365640378871e+00
1.273958758057822571e+01 1.024484077021253547e+00
1.274932773927317875e+01 1.025028384640255252e+00
1.276047378901423812e+01 1.025617537356863451e+00
1.278135999745025053e+01 1.026763528207988552e+00
1.280224620588626294e+01 1.028017021570005518e+00
1.280799226308897509e+01 1.028363964305187173e+00
1.282313241432227535e+01 1.029226949103658750e+00
1.284401862275828776e+01 1.030467661280481284e+00
1.286333910063940067e+01 1.031699543970119315e+00
1.286490483119430017e+01 1.031794078797816150e+00
1.288579103963031258e+01 1.033058706851473163e+00
1.290667724806632499e+01 1.034408819052672790e+00
1.291643511043760562e+01 1.035035123635051235e+00
1.292756345650233740e+01 1.035711609022089474e+00
1.294844966493835159e+01 1.037080602363023463e+00
1.296786446710840579e+01 1.038370703299983155e+00
1.296933587337436222e+01 1.038463612640004641e+00
1.299022208181037463e+01 1.039850600832183058e+00
1.301110829024638527e+01 1.041284446934801267e+00
1.301692994384763225e+01 1.041706282964915076e+00
1.303199449868239768e+01 1.042748442104793893e+00
1.305288070711841186e+01 1.044238624561043327e+00
1.306377456818775329e+01 1.045041862629847218e+00
1.307376691555442427e+01 1.045746380504191109e+00
1.309465312399043668e+01 1.047275239508734357e+00
1.310977724036530567e+01 1.048377442294779138e+00
1.311553933242644909e+01 1.048779444329535515e+00
1.313642554086246150e+01 1.050340572293540387e+00
1.315425455145109979e+01 1.051713021959711281e+00
1.315731174929847391e+01 1.051938412087570329e+00
1.317819795773448632e+01 1.053554398516669099e+00
1.319692987411147733e+01 1.055048601624643201e+00
1.319908416617049696e+01 1.055213472143921472e+00
1.321997037460651114e+01 1.056819165028452412e+00
1.323887633676873321e+01 1.058384181289575121e+00
1.324085658304252178e+01 1.058541943727418166e+00
1.326174279147853596e+01 1.060174048932599256e+00
1.327984815636306415e+01 1.061719760954507041e+00
1.328262899991454660e+01 1.061947881689999429e+00
1.330351520835056078e+01 1.063615827674559533e+00
1.332011653905631654e+01 1.065055340619439184e+00
1.332440141678657142e+01 1.065414721022957645e+00
1.334528762522258560e+01 1.067193716728048747e+00
1.335863214415680034e+01 1.068390920284371104e+00
1.336617383365859624e+01 1.069045250974095085e+00
1.338706004209461042e+01 1.070904583265513521e+00
1.339615195265849046e+01 1.071726499949303246e+00
1.340794625053062106e+01 1.072758793091290519e+00
1.342883245896663524e+01 1.074696578448295359e+00
1.343269696262043666e+01 1.075062079614235167e+00
1.344971866740264588e+01 1.076618856289841997e+00
1.346921335598573144e+01 1.078397659279167087e+00
1.347060487583866006e+01 1.078521171746454455e+00
1.349149108427467070e+01 1.080495777034444327e+00
1.350454421645128988e+01 1.081733238944099007e+00
1.351237729271068488e+01 1.082451466785242511e+00
1.353326350114669552e+01 1.084420574102959112e+00
1.353992362440199670e+01 1.085068818609030927e+00
1.355414970958270970e+01 1.086409861346300687e+00
1.357412693239863266e+01 1.088404398273963070e+00
1.357503591801872034e+01 1.088493000142854106e+00
1.359592212645473452e+01 1.090504581567236286e+00
1.360801210994743471e+01 1.091739977938894990e+00
1.361680833489074516e+01 1.092617075741351806e+00
1.363769454332675934e+01 1.094736917923528008e+00
1.364095533447921582e+01 1.095075557603827132e+00
1.365858075176276998e+01 1.096854176738217390e+00
1.367360428387600457e+01 1.098411137268759052e+00
1.367946696019878416e+01 1.099005774555689152e+00
1.370035316863479480e+01 1.101204351943365189e+00
1.370545785212060785e+01 1.101746716933690973e+00
1.372123937707080721e+01 1.103382987570217910e+00
1.373706609468323769e+01 1.105082296598622893e+00
1.374212558550681962e+01 1.105613966738865583e+00
1.376301179394283203e+01 1.107850276867711647e+00
1.376829138486846915e+01 1.108417876263555035e+00
1.378389800237884444e+01 1.110054398383030438e+00
1.379916143868946676e+01 1.111753455928486956e+00
1.380478421081485685e+01 1.112370291105245768e+00
1.382567041925086926e+01 1.114674954805800366e+00
1.382934183680883322e+01 1.115089035593418876e+00
1.384655662768688167e+01 1.116990336351711299e+00
1.385919895581918482e+01 1.118424615258351018e+00
1.386744283612289408e+01 1.119342501490493635e+00
1.388832904455890649e+01 1.121733199784977764e+00
1.388856477565631131e+01 1.121760194923282938e+00
1.390921525299492068e+01 1.124085603411297818e+00
1.391821304949223403e+01 1.125095774588214859e+00
1.393010146143093309e+01 1.126405008758236015e+00
1.394730676721550822e+01 1.128431354253146779e+00
1.395098766986694372e+01 1.128859626470353872e+00
1.397187387830295613e+01 1.131288694404633421e+00
1.397592112633607009e+01 1.131766933918078921e+00
1.399276008673896854e+01 1.133721241555011972e+00
1.400433779561304881e+01 1.135102513583010841e+00
1.401364629517498273e+01 1.136200419798605310e+00
1.403282753305096264e+01 1.138438093247942984e+00
1.403453250361099336e+01 1.138634732180018760e+00
1.405541871204700755e+01 1.141135851477161456e+00
1.406057421958788645e+01 1.141773672912874904e+00
1.407630492048301996e+01 1.143696626424955731e+00
1.408803295312846515e+01 1.145109252577806824e+00
1.409719112891902881e+01 1.146199862962149263e+00
1.411518000153189512e+01 1.148444832242738745e+00
1.411807733735504300e+01 1.148802898609569079e+00
1.413896354579105363e+01 1.151369710121785239e+00
1.414219368215088579e+01 1.151780411907670887e+00
1.415984975422706782e+01 1.154011649274286455e+00
1.416883462126029514e+01 1.155115991572603029e+00
1.418073596266307845e+01 1.156559337435508983e+00
1.419630481267054556e+01 1.158451571237534727e+00
1.420162217109909264e+01 1.159094335268949116e+00
1.422237646051789994e+01 1.161787150902466870e+00
1.422250837953510327e+01 1.161804215717615829e+00
1.424339458797111746e+01 1.164467184634681685e+00
1.424843430066690075e+01 1.165122730567398790e+00
1.426428079640712809e+01 1.167168265084112644e+00
1.427432184197633447e+01 1.168458310232330710e+00
1.428516700484314228e+01 1.169842561356747135e+00
1.430016835128948038e+01 1.171793889897262630e+00
1.430605321327915291e+01 1.172556768326824317e+00
1.432631208970511238e+01 1.175129469562194551e+00
1.432693942171516710e+01 1.175208717335846087e+00
1.434782563015117596e+01 1.177999888952828034e+00
1.435130053657236893e+01 1.178465049227126693e+00
1.436871183858719192e+01 1.180784358608045537e+00
1.437636813570093608e+01 1.181800628892058835e+00
1.438959804702320255e+01 1.183549454733390460e+00
1.440139929100300975e+01 1.185136208556990756e+00
1.441048425545921674e+01 1.186355651412652312e+00
1.442595024481845911e+01 1.188471788221922676e+00
1.443137046389522737e+01 1.189212301725953713e+00
1.445053297975938023e+01 1.191807367886854596e+00
1.445225667233124156e+01 1.192040264495493496e+00
1.447314288076725219e+01 1.194921768636866277e+00
1.447475376244548961e+01 1.195142947551786516e+00
1.449402908920326638e+01 1.197775904448886486e+00
1.449904548196179022e+01 1.198478527216718659e+00
1.451491529763927701e+01 1.200709952604474662e+00
1.452285591303563095e+01 1.201814106881650579e+00
1.453580150607529120e+01 1.203617088221475839e+00
1.454621533861269533e+01 1.205149686546582721e+00
1.455668771451130183e+01 1.206693505881623940e+00
1.456879410905766115e+01 1.208485266211514642e+00
1.457757392294731602e+01 1.209795334830276570e+00
1.459164257242650464e+01 1.211820845876446562e+00
1.459846013138332665e+01 1.212786916895408407e+00
1.461485900781515035e+01 1.215156425541378482e+00
1.461934633981934084e+01 1.215805477823533876e+00
1.463796964558027724e+01 1.218492005206310624e+00
1.464023254825535147e+01 1.218818636579673154e+00
1.466046856397652043e+01 1.221827584871242545e+00
1.466111875669136388e+01 1.221924204101983991e+00
1.468200496512737629e+01 1.225063202205925794e+00
1.468267293105732563e+01 1.225163164536174687e+00
1.470289117356338870e+01 1.228203551704628360e+00
1.470487501555722609e+01 1.228498744201106607e+00
1.472377738199940111e+01 1.231312518173323101e+00
1.472722687972449407e+01 1.231834323866038750e+00
1.474466359043541352e+01 1.234471239834532774e+00
1.474919356794375602e+01 1.235169903530970448e+00
1.476554979887142593e+01 1.237697456454424083e+00
1.477068538903767347e+01 1.238505483195902590e+00
1.478643600730743835e+01 1.240990908842823259e+00
1.479182520645950305e+01 1.241841062860834510e+00
1.480732221574345076e+01 1.244286046362744091e+00
1.481296460133778403e+01 1.245176642525766653e+00
1.482820842417946139e+01 1.247587339006314355e+00
1.483407217545571299e+01 1.248512222190698573e+00
1.484909463261547558e+01 1.250891484692746802e+00
1.485499849491472624e+01 1.251847801855630493e+00
1.486998084105148799e+01 1.254259142375586666e+00
1.487577704650880328e+01 1.255183381520562413e+00
1.489086704948750040e+01 1.257591182699491883e+00
1.489651456339920443e+01 1.258518961185494556e+00
1.491175325792351281e+01 1.261025671444954366e+00
1.491689001699340977e+01 1.261854540850426476e+00
1.493263946635952522e+01 1.264402735558459279e+00
1.493749133766884363e+01 1.265190120515358396e+00
1.495352567479553585e+01 1.267780093486287285e+00
1.495810194411655658e+01 1.268525700180290539e+00
1.497441188323155004e+01 1.271190617251483745e+00
1.497845939394752790e+01 1.271861279845222459e+00
1.499529809166756422e+01 1.274655696150110984e+00
1.499855082770447012e+01 1.275196859510154379e+00
1.501618430010357486e+01 1.278130566219403352e+00
1.501856525334896908e+01 1.278532439175086299e+00
1.503707050853958727e+01 1.281649187053090166e+00
1.503836436955297273e+01 1.281868018840018220e+00
1.505795671697559968e+01 1.285203409424774623e+00
1.505795783457690007e+01 1.285203598504950362e+00
1.507782438107919454e+01 1.288539178169882504e+00
1.507884292541161209e+01 1.288710493749435138e+00
1.509748439252652830e+01 1.291874757834814424e+00
1.509972913384762450e+01 1.292257695718259658e+00
1.511685321827674144e+01 1.295210337499746345e+00
1.512061534228363691e+01 1.295858293900179925e+00
1.513573960125363627e+01 1.298545917164678265e+00
1.514150155071964932e+01 1.299572917637737746e+00
1.515453596890087340e+01 1.301881496829610185e+00
1.516238775915566173e+01 1.303280317802882005e+00
1.517374660727552360e+01 1.305217076494542328e+00
1.518327396759167414e+01 1.306845553763204659e+00
1.519260928593142168e+01 1.308552656159474470e+00
1.520416017602768832e+01 1.310685025560160533e+00
1.521098436759352346e+01 1.311888235824406390e+00
1.522504638446369896e+01 1.314389305627079896e+00
1.522976571018055481e+01 1.315223815489338310e+00
1.524593259289971137e+01 1.318107015997721287e+00
1.524844909126352910e+01 1.318559395154270453e+00
1.526681880133572378e+01 1.321891398271694662e+00
1.526683854360144110e+01 1.321894974819202151e+00
1.528527554419518353e+01 1.325230554484134293e+00
1.528770500977173619e+01 1.325674329171169674e+00
1.530347767467636011e+01 1.328566134149066214e+00
1.530859121820774860e+01 1.329516807818148072e+00
1.532170449538733514e+01 1.331901713813998356e+00
1.532947742664375923e+01 1.333333054541177454e+00
1.533974802646738311e+01 1.335237293478930276e+00
1.535036363507977164e+01 1.337236932679943369e+00
1.535745720374821843e+01 1.338572873143862196e+00
1.537124984351578583e+01 1.341216823775299494e+00
1.537491848947943396e+01 1.341908452808794117e+00
1.539213605195179824e+01 1.345231679487770116e+00
1.539220049316907968e+01 1.345244032473726037e+00
1.540954893267200987e+01 1.348579612138658179e+00
1.541302226038780887e+01 1.349260556701559866e+00
1.542666296193227993e+01 1.351915191803590321e+00
1.543390846882381950e+01 1.353362701959854864e+00
1.544334751461387434e+01 1.355250771468522242e+00
1.545479467725983369e+01 1.357594883626159543e+00
1.545969200190158865e+01 1.358586351133453940e+00
1.547566486742446656e+01 1.361921930798386082e+00
1.547568088569584610e+01 1.361925289510448778e+00
1.549157942357359374e+01 1.365257510463318003e+00
1.549656709413185851e+01 1.366332606457110854e+00
1.550723657587284521e+01 1.368593090128250145e+00
1.551745330256786914e+01 1.370831290481711706e+00
1.552248119425524386e+01 1.371928669793181843e+00
1.553733338624783578e+01 1.375264249458114207e+00
1.553833951100388333e+01 1.375493968129439359e+00
1.555241140209903605e+01 1.378599829123046128e+00
1.555922571943989574e+01 1.380156590098017499e+00
1.556714343622740060e+01 1.381935408787978048e+00
1.558011192787590815e+01 1.384950878290847731e+00
1.558150254594950646e+01 1.385270988452909968e+00
1.559579632565553986e+01 1.388606568117842111e+00
1.560099813631192234e+01 1.389857670912862719e+00
1.560983126850648262e+01 1.391942147782774253e+00
1.562188434474793119e+01 1.394895632291232923e+00
1.562347372519912447e+01 1.395277727447706173e+00
1.563711028105418244e+01 1.398613307112638093e+00
1.564277055318394360e+01 1.400037348623765610e+00
1.565062321295475734e+01 1.401948886777570014e+00
1.566365676161995779e+01 1.405255631390102344e+00
1.566377195317407534e+01 1.405284466442501934e+00
1.567692921479009271e+01 1.408620046107433854e+00
1.568454297005596842e+01 1.410622011444700341e+00
1.568972929842525765e+01 1.411955625772365996e+00
1.570226883046104760e+01 1.415291205437297917e+00
1.570542917849198261e+01 1.416147272121203393e+00
1.571481199251433480e+01 1.418626785102230059e+00
1.572631538692799502e+01 1.421810366090806577e+00
1.572688570825373233e+01 1.421962364767161979e+00
1.573931876336494895e+01 1.425297944432093900e+00
1.574720159536400743e+01 1.427502080131755946e+00
1.575129620272997144e+01 1.428633524097025820e+00
1.576315408824100217e+01 1.431969103761957962e+00
1.576808780380001984e+01 1.433392562331106346e+00
1.577504880344942784e+01 1.435304683426889882e+00
1.578674988492656617e+01 1.438640263091822025e+00
1.578897401223603225e+01 1.439286298720155788e+00
1.579852443898617409e+01 1.441975842756753945e+00
1.580984042321320437e+01 1.445311422421685865e+00
1.580986022067204466e+01 1.445317274101939775e+00
1.582143612310694181e+01 1.448647002086617785e+00
1.583074642910805707e+01 1.451445385843669333e+00
1.583259790339469042e+01 1.451982581751549706e+00
1.584392216623490590e+01 1.455318161416481848e+00
1.585163263754406948e+01 1.457678869661096055e+00
1.585492851861483210e+01 1.458653741081413990e+00
1.586589815523955238e+01 1.461989320746345911e+00
1.587251884598008189e+01 1.464061351255921517e+00
1.587672994820041517e+01 1.465324900411277609e+00
1.588756656156943592e+01 1.468660480076209751e+00
1.589340505441609253e+01 1.470515410653593369e+00
1.589814194314096696e+01 1.471996059741141671e+00
1.590853889373931196e+01 1.475331639406073814e+00
1.591429126285210671e+01 1.477242636897223349e+00
1.591885144875258185e+01 1.478667219071005734e+00
1.592919785303209324e+01 1.482002798735937876e+00
1.593517747128811912e+01 1.483990053257190356e+00
1.593939257516952068e+01 1.485338378400869797e+00
1.594953338710147150e+01 1.488673958065801717e+00
1.595606367972413153e+01 1.490922797841296665e+00
1.595934263153013433e+01 1.492009537730733637e+00
1.596919036705867256e+01 1.495345117395665557e+00
1.597694988816014572e+01 1.498103306842338611e+00
1.597867588495700453e+01 1.498680697060597700e+00
1.598839149927720982e+01 1.502016276725529842e+00
1.599762497177566445e+01 1.505351856390461762e+00
1.599783609659615635e+01 1.505429246644489627e+00
1.600719715862506121e+01 1.508687436055393682e+00
1.601624224120493167e+01 1.512023015720325603e+00
1.601872230503217054e+01 1.512969291528689197e+00
1.602533415065156674e+01 1.515358595385257523e+00
1.603422684936410647e+01 1.518694175050189665e+00
1.603960851346818117e+01 1.520803328111227426e+00
1.604285790545562307e+01 1.522029754715121586e+00
1.605142288280321239e+01 1.525365334380053728e+00
1.605950302222860060e+01 1.528700914044985648e+00
1.606049472190419181e+01 1.529120143953996536e+00
1.606782312223231912e+01 1.532036493709917568e+00
1.607579155221328904e+01 1.535372073374849489e+00
1.608138093034020599e+01 1.537837279427499704e+00
1.608347601924359083e+01 1.538707653039781409e+00
1.609130369398722848e+01 1.542043232704713329e+00
1.609868950541926935e+01 1.545378812369645694e+00
1.610226713877622018e+01 1.547066423293522064e+00
1.610596250572617194e+01 1.548714392034577614e+00
1.611312076061313192e+01 1.552049971699509534e+00
1.611982580327435954e+01 1.555385551364441454e+00
1.612315334721223081e+01 1.557114799018981532e+00
1.612647065971601279e+01 1.558721131029373375e+00
1.613301364783772485e+01 1.562056710694305295e+00
1.613928301390644648e+01 1.565392290359237437e+00
1.614403955564824145e+01 1.568055212703084900e+00
1.614532320936160659e+01 1.568727870024169579e+00
1.615147416314017192e+01 1.572063449689101500e+00
1.615728922499164710e+01 1.575399029354033420e+00
1.616284411356770789e+01 1.578734609018965340e+00
1.616492576408425563e+01 1.580017455458454734e+00
1.616853827740539629e+01 1.582070188683897483e+00
1.617418705491574826e+01 1.585405768348829181e+00
1.617959644535748609e+01 1.588741348013761545e+00
1.618479961917779519e+01 1.592076927678693465e+00
1.618581197252026982e+01 1.592737155717999453e+00
1.619015448865836149e+01 1.595412507343625386e+00
1.619542537288635486e+01 1.598748087008557306e+00
1.620054347312559173e+01 1.602083666673489226e+00
1.620549394756197614e+01 1.605419246338421368e+00
1.620669818095628045e+01 1.606225982792293117e+00
1.621093769031275755e+01 1.608754826003353511e+00
1.621637544339485615e+01 1.612090405668285431e+00
1.622171057987580056e+01 1.615425985333217351e+00
1.622690758791885557e+01 1.618761564998149272e+00
1.622758438939229109e+01 1.619191664541361764e+00
1.623238701025006137e+01 1.622097144663081192e+00
1.623777427657679340e+01 1.625432724328013112e+00
1.624303126315955481e+01 1.628768303992945032e+00
1.624817128787422149e+01 1.632103883657877397e+00
1.624847059782830527e+01 1.632296072863982594e+00
1.625378216862457492e+01 1.635439463322809317e+00
1.625924447328161193e+01 1.638775042987741237e+00
1.626447329012417242e+01 1.642110622652673158e+00
1.626935680626431946e+01 1.645303342633136490e+00
1.626959722873852954e+01 1.645446202317604856e+00
1.627519312428711729e+01 1.648781781982537220e+00
1.628054268863225928e+01 1.652117361647469362e+00
1.628562543321152845e+01 1.655452941312401283e+00
1.629024301470033009e+01 1.658596178150756772e+00
1.629055367007496713e+01 1.658788520977332981e+00
1.629585257909355889e+01 1.662124100642265123e+00
1.630095463864976679e+01 1.665459680307197043e+00
1.630582046983151301e+01 1.668795259972129186e+00
1.631042525464811277e+01 1.672130839637060884e+00
1.631112922313634073e+01 1.672652493042959598e+00
1.631521328477500887e+01 1.675466419301993248e+00
1.631985980873231057e+01 1.678801998966925169e+00
1.632428685271098345e+01 1.682137578631857089e+00
1.632845754261454019e+01 1.685473158296789009e+00
1.633201543157235491e+01 1.688449619902485654e+00
1.633249040414775166e+01 1.688808737961720929e+00
1.633681722783483536e+01 1.692144317626653072e+00
1.634092198940527396e+01 1.695479897291585214e+00
1.634477685723692630e+01 1.698815476956517134e+00
1.634848782884852625e+01 1.702151056621449055e+00
1.635201552385452572e+01 1.705486636286380975e+00
1.635290164000836910e+01 1.706357437566369040e+00
1.635568108338101112e+01 1.708822215951312895e+00
1.635922820014751267e+01 1.712157795616245037e+00
1.636261412504993729e+01 1.715493375281177180e+00
1.636578113733138906e+01 1.718828954946109100e+00
1.636878005149087301e+01 1.722164534611041020e+00
1.637156369485160923e+01 1.725500114275972940e+00
1.637378784844437973e+01 1.728340377196930566e+00
1.637420929051620533e+01 1.728835693940904861e+00
1.637682434993152114e+01 1.732171273605836781e+00
1.637928968160208854e+01 1.735506853270768701e+00
1.638157288419004942e+01 1.738842432935701066e+00
1.638365591460457438e+01 1.742178012600632986e+00
1.638552823421380111e+01 1.745513592265564906e+00
1.638721744067431274e+01 1.748849171930496826e+00
1.638875748252712938e+01 1.752184751595428747e+00
1.639010948728624584e+01 1.755520331260360889e+00
1.639136401668807252e+01 1.758855910925292809e+00
1.639249527462265732e+01 1.762191490590224952e+00
1.639353460238365656e+01 1.765527070255156872e+00
1.639444959558298720e+01 1.768862649920088792e+00
1.639467405688039037e+01 1.769803134195735872e+00
1.639529246486617708e+01 1.772198229585020712e+00
1.639604684558361214e+01 1.775533809249952855e+00
1.639674020215317185e+01 1.778869388914884775e+00
1.639723431063997694e+01 1.782204968579816695e+00
1.639774985755539660e+01 1.785540548244748837e+00
1.639811474105189149e+01 1.788876127909680758e+00
1.639828374890984719e+01 1.792211707574612678e+00
1.639834749025594007e+01 1.795547287239545042e+00
1.639828327345283654e+01 1.798882866904476741e+00
1.639798662354215253e+01 1.802218446569408439e+00
1.639740874501216439e+01 1.805554026234340803e+00
1.639659138626509360e+01 1.808889605899272723e+00
1.639534533941334260e+01 1.812225185564204644e+00
1.639467405688039037e+01 1.813660528201207267e+00
1.639381543532310914e+01 1.815560765229136786e+00
1.639179469915554321e+01 1.818896344894068706e+00
1.638929205723543703e+01 1.822231924559000626e+00
1.638626479614290687e+01 1.825567504223932325e+00
1.638252419173335639e+01 1.828903083888864911e+00
1.637791450546705008e+01 1.832238663553796609e+00
1.637378784844437973e+01 1.834778653610071419e+00
1.637251515017651471e+01 1.835574243218728530e+00
1.636646104209205532e+01 1.838909822883660894e+00
1.635929579577693005e+01 1.842245402548592814e+00
1.635290164000836910e+01 1.844803921680074454e+00
1.635094927555059030e+01 1.845580982213524290e+00
1.634162323210198409e+01 1.848916561878456655e+00
1.633201543157235491e+01 1.851865592867117938e+00
1.633073361373461196e+01 1.852252141543388575e+00
1.631852312501006708e+01 1.855587721208320495e+00
1.631112922313634073e+01 1.857364980439174307e+00
1.630418490643700835e+01 1.858923300873252415e+00
1.629024301470033009e+01 1.861718796050310765e+00
1.628739111451245947e+01 1.862258880538184558e+00
1.626935680626431946e+01 1.865365912874082710e+00
1.626788742892892259e+01 1.865594460203116478e+00
1.624847059782830527e+01 1.868398176297393354e+00
1.624439382438022861e+01 1.868930039868048398e+00
1.622758438939229109e+01 1.870980210986488146e+00
1.621492066923832809e+01 1.872265619532980541e+00
1.620669818095628045e+01 1.873055741167550581e+00
1.618581197252026982e+01 1.874830584587880544e+00
1.617486126795022727e+01 1.875601199197912461e+00
1.616492576408425563e+01 1.876290089989743892e+00
1.614403955564824145e+01 1.877531168655065752e+00
1.612315334721223081e+01 1.878517738399460457e+00
1.611248692196754106e+01 1.878936778862844381e+00
1.610226713877622018e+01 1.879341882739166802e+00
1.608138093034020599e+01 1.879925007557045502e+00
1.606049472190419181e+01 1.880388038877493617e+00
1.603960851346818117e+01 1.880717794687400968e+00
1.601872230503217054e+01 1.880934047358823191e+00
1.599783609659615635e+01 1.881068286052355099e+00
1.597694988816014394e+01 1.881029025099151042e+00
1.595606367972413153e+01 1.880962790914558314e+00
1.593517747128811912e+01 1.880775718696680032e+00
1.591429126285210671e+01 1.880485797964888128e+00
1.589340505441609430e+01 1.880129568736409240e+00
1.587251884598008189e+01 1.879650262580033093e+00
1.585163263754406948e+01 1.879114487696585956e+00
1.584539179743928727e+01 1.878936778862844381e+00
1.583074642910805707e+01 1.878557753766226801e+00
1.580986022067204644e+01 1.878037542658690162e+00
1.578897401223603225e+01 1.877476932788867403e+00
1.576808780380002162e+01 1.876806987343486943e+00
1.574720159536400743e+01 1.876071105345947121e+00
1.573524048428641819e+01 1.875601199197912461e+00
1.572631538692799502e+01 1.875282352701179045e+00
1.570542917849198261e+01 1.874464634743923996e+00
1.568454297005597020e+01 1.873578644112491087e+00
1.566365676161995957e+01 1.872635771084885103e+00
1.565593979931504975e+01 1.872265619532980541e+00
1.564277055318394538e+01 1.871685721784647649e+00
1.562188434474793297e+01 1.870735198068526728e+00
1.560099813631192056e+01 1.869662227822044498e+00
1.558690219916129749e+01 1.868930039868048176e+00
1.558011192787590815e+01 1.868605190030016017e+00
1.555922571943989396e+01 1.867523978410311258e+00
1.553833951100388333e+01 1.866336178449221173e+00
1.552590442533796633e+01 1.865594460203116478e+00
1.551745330256787092e+01 1.865130835393242092e+00
1.549656709413185851e+01 1.863892836365169892e+00
1.547568088569584432e+01 1.862553437849203020e+00
1.547118624091697825e+01 1.862258880538184780e+00
1.545479467725983369e+01 1.861263790620066194e+00
1.543390846882381950e+01 1.859882693899096218e+00
1.542001975789955637e+01 1.858923300873252415e+00
1.541302226038780887e+01 1.858475926434247416e+00
1.539213605195179646e+01 1.857068598278385663e+00
1.537241345860786623e+01 1.855587721208320495e+00
1.537124984351578760e+01 1.855506533075712117e+00
1.535036363507977342e+01 1.854004481110207880e+00
1.532947742664376101e+01 1.852369191232304813e+00
1.532803024555221860e+01 1.852252141543388575e+00
1.530859121820774860e+01 1.850791707174892942e+00
1.528770500977173619e+01 1.849156462371271292e+00
1.528479937391829679e+01 1.848916561878456655e+00
1.526681880133572378e+01 1.847535212984891206e+00
1.524593259289971137e+01 1.845819242756724154e+00
1.524316134508354814e+01 1.845580982213524512e+00
1.522504638446369896e+01 1.844127862272950669e+00
1.520416017602768477e+01 1.842365800711493584e+00
1.520281248185258960e+01 1.842245402548592592e+00
1.518327396759167414e+01 1.840617430497476503e+00
1.516399800761342398e+01 1.838909822883660672e+00
1.516238775915566173e+01 1.838776214357950245e+00
1.514150155071964932e+01 1.836992054423777221e+00
1.512598522031319881e+01 1.835574243218728530e+00
1.512061534228363868e+01 1.835114428381511287e+00
1.509972913384762272e+01 1.833244172746856249e+00
1.508905370204983143e+01 1.832238663553796609e+00
1.507884292541161209e+01 1.831334930092181068e+00
1.505795671697559968e+01 1.829411911834951887e+00
1.505258928551197251e+01 1.828903083888864689e+00
1.503707050853958727e+01 1.827532244672275263e+00
1.501671728979345133e+01 1.825567504223932547e+00
1.501618430010357486e+01 1.825518868763428504e+00
1.499529809166756245e+01 1.823605567210457856e+00
1.498144118225767940e+01 1.822231924559000626e+00
1.497441188323155004e+01 1.821579601124525771e+00
1.495352567479553763e+01 1.819572338289022317e+00
1.494666871519723905e+01 1.818896344894068928e+00
1.493263946635952522e+01 1.817599755758435354e+00
1.491231404636386237e+01 1.815560765229136786e+00
1.491175325792351281e+01 1.815507626817608244e+00
1.489086704948750040e+01 1.813483404613108085e+00
1.487856224458052878e+01 1.812225185564204644e+00
1.486998084105148799e+01 1.811400268569719918e+00
1.484909463261547380e+01 1.809315925804122482e+00
1.484498980555547831e+01 1.808889605899272723e+00
1.482820842417946317e+01 1.807245877856762384e+00
1.481184241053522399e+01 1.805554026234340803e+00
1.480732221574345076e+01 1.805115847970021115e+00
1.478643600730744012e+01 1.803005037357979345e+00
1.477896476094079858e+01 1.802218446569408883e+00
1.476554979887142593e+01 1.800882997696152898e+00
1.474632598282589768e+01 1.798882866904476741e+00
1.474466359043541352e+01 1.798719791596495421e+00
1.472377738199939934e+01 1.796596061830316060e+00
1.471399601791894796e+01 1.795547287239545042e+00
1.470289117356338693e+01 1.794422072059224771e+00
1.468219275423524905e+01 1.792211707574612678e+00
1.468200496512737629e+01 1.792192768012313975e+00
1.466111875669136566e+01 1.790070542712479451e+00
1.465005290069847277e+01 1.788876127909680758e+00
1.464023254825535147e+01 1.787877172338187659e+00
1.461934633981934084e+01 1.785619422799199718e+00
1.461861375368663829e+01 1.785540548244748615e+00
1.459846013138332665e+01 1.783493178046319017e+00
1.458649440796543217e+01 1.782204968579816473e+00
1.457757392294731602e+01 1.781299823488153189e+00
1.455668771451130183e+01 1.779073738739304966e+00
1.455478535976536314e+01 1.778869388914884775e+00
1.453580150607529120e+01 1.776943291580837858e+00
1.452284763303842396e+01 1.775533809249952633e+00
1.451491529763927701e+01 1.774718233673844070e+00
1.449402908920326638e+01 1.772477539037834893e+00
1.449148618159754243e+01 1.772198229585020712e+00
1.447314288076725219e+01 1.770293693940240942e+00
1.446012438843470349e+01 1.768862649920088792e+00
1.445225667233124156e+01 1.768045545737054969e+00
1.443137046389522737e+01 1.765781153377520063e+00
1.442907833390162864e+01 1.765527070255156872e+00
1.441048425545921674e+01 1.763574972933418028e+00
1.439800984682101159e+01 1.762191490590224952e+00
1.438959804702320255e+01 1.761307608145811887e+00
1.436871183858719192e+01 1.758986504398873052e+00
1.436754315097213741e+01 1.758855910925292809e+00
1.434782563015117773e+01 1.756774348628629134e+00
1.433654868773294666e+01 1.755520331260360889e+00
1.432693942171516710e+01 1.754510780772821743e+00
1.430651611334429063e+01 1.752184751595428747e+00
1.430605321327915291e+01 1.752134690308667642e+00
1.428516700484314228e+01 1.749906202040221626e+00
1.427572859469511712e+01 1.748849171930496826e+00
1.426428079640712809e+01 1.747635377672089874e+00
1.424575596334557659e+01 1.745513592265564906e+00
1.424339458797111746e+01 1.745256813531389506e+00
1.422250837953510150e+01 1.743037298507300381e+00
1.421481263839801557e+01 1.742178012600632986e+00
1.420162217109909264e+01 1.740786125943170060e+00
1.418444268476195624e+01 1.738842432935701066e+00
1.418073596266307845e+01 1.738443585563669957e+00
1.415984975422706782e+01 1.736150945840448934e+00
1.415428301305776060e+01 1.735506853270768701e+00
1.413896354579105541e+01 1.733829181073837322e+00
1.412453441840197854e+01 1.732171273605836781e+00
1.411807733735504300e+01 1.731465220992890242e+00
1.409719112891903059e+01 1.729150888282810161e+00
1.409443340573128900e+01 1.728835693940904861e+00
1.407630492048301818e+01 1.726867244439954430e+00
1.406433903474883707e+01 1.725500114275972940e+00
1.405541871204700577e+01 1.724534638775914175e+00
1.403489415572016696e+01 1.722164534611041020e+00
1.403453250361099336e+01 1.722124982658830517e+00
1.401364629517497917e+01 1.719844359445981574e+00
1.400475061166339330e+01 1.718828954946109100e+00
1.399276008673896854e+01 1.717528845894391809e+00
1.397543467296087805e+01 1.715493375281176958e+00
1.397187387830295613e+01 1.715093177563917992e+00
1.395098766986694372e+01 1.712671313026188802e+00
1.394659009179807718e+01 1.712157795616245037e+00
1.393010146143092953e+01 1.710332959703799505e+00
1.391723825830253247e+01 1.708822215951312895e+00
1.390921525299491890e+01 1.707924587738407940e+00
1.388847003476958264e+01 1.705486636286380975e+00
1.388832904455890649e+01 1.705470908545843489e+00
1.386744283612289408e+01 1.703112316788086611e+00
1.385930068549154903e+01 1.702151056621449055e+00
1.384655662768688167e+01 1.700719913981986409e+00
1.383050019327301783e+01 1.698815476956517134e+00
1.382567041925086926e+01 1.698269164859664837e+00
1.380478421081485862e+01 1.695789933988671283e+00
1.380217838832084176e+01 1.695479897291585214e+00
1.378389800237884621e+01 1.693406434328115662e+00
1.377326260364411681e+01 1.692144317626653072e+00
1.376301179394283025e+01 1.690986884155621928e+00
1.374498899090635540e+01 1.688808737961720929e+00
1.374212558550681962e+01 1.688479156502400658e+00
1.372123937707080721e+01 1.686023623243832148e+00
1.371670202909547953e+01 1.685473158296789009e+00
1.370035316863479480e+01 1.683582032375843918e+00
1.368847437162342118e+01 1.682137578631857089e+00
1.367946696019878416e+01 1.681088004994899077e+00
1.366079188404160760e+01 1.678801998966925169e+00
1.365858075176276998e+01 1.678544645826825166e+00
1.363769454332675757e+01 1.676057510138640350e+00
1.363284871153743616e+01 1.675466419301993248e+00
1.361680833489074516e+01 1.673592845705942800e+00
1.360486452433559279e+01 1.672130839637061106e+00
1.359592212645473452e+01 1.671083254999621959e+00
1.357755752222250223e+01 1.668795259972129186e+00
1.357503591801872034e+01 1.668495362145705485e+00
1.355414970958270970e+01 1.666010411100528277e+00
1.354967451115153487e+01 1.665459680307197043e+00
1.353326350114669552e+01 1.663531940889338756e+00
1.352199480961653855e+01 1.662124100642265123e+00
1.351237729271068488e+01 1.660974050988353490e+00
1.349476334220307550e+01 1.658788520977333203e+00
1.349149108427467070e+01 1.658399427453389752e+00
1.347060487583866006e+01 1.655836744921309833e+00
1.346755367811922532e+01 1.655452941312401283e+00
1.344971866740264588e+01 1.653305975145648699e+00
1.344017590666672746e+01 1.652117361647469362e+00
1.342883245896663524e+01 1.650767176515800072e+00
1.341290482845702314e+01 1.648781781982537442e+00
1.340794625053062106e+01 1.648190124176397875e+00
1.338706004209461042e+01 1.645614074813998906e+00
1.338572014802202226e+01 1.645446202317605078e+00
1.336617383365859624e+01 1.643104453530782383e+00
1.335821454855183887e+01 1.642110622652673158e+00
1.334528762522258560e+01 1.640567742192565515e+00
1.333094443385619066e+01 1.638775042987741237e+00
1.332440141678657142e+01 1.637993481712996413e+00
1.330401661033637062e+01 1.635439463322809317e+00
1.330351520835056078e+01 1.635379163704628880e+00
1.328262899991454837e+01 1.632851615666221168e+00
1.327676717828881969e+01 1.632103883657877397e+00
1.326174279147853596e+01 1.630269260479172200e+00
1.324977919289525374e+01 1.628768303992945254e+00
1.324085658304252178e+01 1.627696729588306024e+00
1.322282897526733692e+01 1.625432724328013556e+00
1.321997037460651114e+01 1.625089257389875641e+00
1.319908416617049696e+01 1.622512129194631170e+00
1.319580315269771376e+01 1.622097144663081192e+00
1.317819795773448632e+01 1.619966133295654753e+00
1.316861427799149453e+01 1.618761564998149272e+00
1.315731174929847391e+01 1.617402928345984314e+00
1.314162645831283349e+01 1.615425985333217351e+00
1.313642554086246150e+01 1.614798610022141645e+00
1.311553933242644909e+01 1.612181764915075144e+00
1.311482008179863179e+01 1.612090405668285431e+00
1.309465312399043668e+01 1.609636759171064746e+00
1.308769454985968395e+01 1.608754826003353511e+00
1.307376691555442427e+01 1.607066670655675988e+00
1.306079507131386030e+01 1.605419246338421368e+00
1.305288070711841186e+01 1.604458216638585011e+00
1.303407733352522335e+01 1.602083666673489226e+00
1.303199449868239945e+01 1.601831348163444524e+00
1.301110829024638704e+01 1.599266093471438221e+00
1.300702970053417218e+01 1.598748087008557306e+00
1.299022208181037463e+01 1.596704122572463636e+00
1.297994191487132021e+01 1.595412507343625386e+00
1.296933587337436222e+01 1.594138042003386158e+00
1.295296729300415883e+01 1.592076927678693465e+00
1.294844966493835159e+01 1.591532821715810897e+00
1.292756345650233740e+01 1.588924623813399828e+00
1.292611189560654061e+01 1.588741348013761545e+00
1.290667724806632499e+01 1.586394222941811094e+00
1.289889015758338253e+01 1.585405768348829625e+00
1.288579103963031258e+01 1.583814847076055354e+00
1.287202305516943568e+01 1.582070188683897705e+00
1.286490483119430017e+01 1.581206056733805543e+00
1.284520696344470636e+01 1.578734609018965340e+00
1.284401862275828776e+01 1.578591875982685799e+00
1.282313241432227358e+01 1.576064585850421862e+00
1.281784332219547373e+01 1.575399029354033420e+00
1.280224620588626294e+01 1.573523081845416893e+00
1.279064794788631332e+01 1.572063449689101500e+00
1.278135999745025053e+01 1.570946265596764313e+00
1.276392596346438424e+01 1.568727870024169579e+00
1.276047378901423812e+01 1.568306942667194948e+00
1.273958758057822571e+01 1.565712596310000704e+00
1.273706876415621281e+01 1.565392290359237437e+00
1.271870137214221330e+01 1.563158399494143369e+00
1.270997316638460894e+01 1.562056710694305739e+00
1.269781516370620267e+01 1.560586795911962810e+00
1.268325361432022547e+01 1.558721131029373375e+00
1.267692895527018848e+01 1.557944294466993673e+00
1.265659279410967208e+01 1.555385551364441454e+00
1.265604274683417785e+01 1.555319189365632404e+00
1.263515653839816544e+01 1.552759401437693976e+00
1.262959196475750723e+01 1.552049971699509534e+00
1.261427032996215303e+01 1.550177190223647861e+00
1.260273120956110304e+01 1.548714392034577614e+00
1.259338412152613884e+01 1.547580388062080203e+00
1.257601714024658079e+01 1.545378812369645694e+00
1.257249791309012821e+01 1.544951805634224851e+00
1.255161170465411402e+01 1.542350314569549186e+00
1.254922072083251905e+01 1.542043232704713551e+00
1.253072549621810339e+01 1.539756122602148114e+00
1.252260141210458144e+01 1.538707653039781409e+00
1.250983928778208920e+01 1.537127416426168791e+00
1.249606644146962786e+01 1.535372073374849489e+00
1.248895307934607857e+01 1.534503058136075015e+00
1.246973325478370853e+01 1.532036493709917568e+00
1.246806687091006438e+01 1.531830292247706282e+00
1.244718066247405552e+01 1.529230445182350628e+00
1.244307280206496102e+01 1.528700914044985648e+00
1.242629445403803956e+01 1.526625150594877356e+00
1.241655567040611174e+01 1.525365334380053728e+00
1.240540824560202893e+01 1.523978929060126219e+00
1.239020414489180766e+01 1.522029754715121586e+00
1.238452203716601474e+01 1.521328803459009782e+00
1.236391522550118438e+01 1.518694175050189665e+00
1.236363582873000411e+01 1.518659860809762119e+00
1.234274962029398992e+01 1.516058679541979481e+00
1.233737136898848163e+01 1.515358595385257523e+00
1.232186341185797929e+01 1.513415340249906649e+00
1.231104409962477320e+01 1.512023015720325603e+00
1.230097720342196510e+01 1.510774287593206644e+00
1.228498998653015839e+01 1.508687436055393682e+00
1.228009099498595447e+01 1.508070790456153443e+00
1.225920478654994028e+01 1.505379031588267358e+00
1.225899454916291198e+01 1.505351856390461762e+00
1.223831857811392965e+01 1.502777211754038333e+00
1.223252644251553711e+01 1.502016276725530064e+00
1.221743236967791724e+01 1.500107471885843147e+00
1.220642103720608418e+01 1.498680697060597700e+00
1.219654616124190483e+01 1.497446459578442024e+00
1.218040933674601511e+01 1.495345117395665557e+00
1.217565995280589242e+01 1.494748529964847084e+00
1.215477374436987823e+01 1.492012194550354609e+00
1.215475342333047237e+01 1.492009537730733637e+00
1.213388753593386937e+01 1.489375484697108565e+00
1.212856476408178175e+01 1.488673958065801717e+00
1.211300132749785519e+01 1.486690469917439916e+00
1.210280258917750196e+01 1.485338378400869797e+00
1.209211511906184278e+01 1.483969577957937602e+00
1.207707958891367461e+01 1.482002798735937876e+00
1.207122891062583037e+01 1.481263176669439963e+00
1.205161168671206262e+01 1.478667219071005734e+00
1.205034270218981796e+01 1.478504322903873902e+00
1.202945649375380555e+01 1.475809800503659730e+00
1.202590599691337303e+01 1.475331639406073814e+00
1.200857028531779314e+01 1.473065307518716782e+00
1.200050761777444208e+01 1.471996059741141671e+00
1.198768407688178073e+01 1.470349417646467316e+00
1.197504487604678047e+01 1.468660480076209751e+00
1.196679786844576832e+01 1.467591111148913274e+00
1.194969422078393606e+01 1.465324900411277831e+00
1.194591166000975591e+01 1.464839147147331433e+00
1.192502545157374350e+01 1.462069023921946265e+00
1.192443117504550187e+01 1.461989320746346133e+00
1.190413924313773109e+01 1.459345482915078929e+00
1.189893279739961507e+01 1.458653741081413990e+00
1.188325303470171868e+01 1.456637946297979047e+00
1.187336137268714076e+01 1.455318161416481626e+00
1.186236682626570627e+01 1.453893084318356621e+00
1.184812124606479955e+01 1.451982581751549706e+00
1.184148061782969386e+01 1.451115992088676698e+00
1.182315613698074763e+01 1.448647002086617785e+00
1.182059440939368145e+01 1.448312165760374803e+00
1.179970820095766904e+01 1.445492436869473485e+00
1.179837739908713345e+01 1.445311422421686087e+00
1.177882199252165663e+01 1.442721039569489161e+00
1.177331407778409122e+01 1.441975842756753945e+00
1.175793578408564422e+01 1.439953956131370116e+00
1.174822986958886517e+01 1.438640263091822025e+00
1.173704957564963181e+01 1.437166525796191197e+00
1.172335639839735499e+01 1.435304683426889882e+00
1.171616336721362117e+01 1.434352038590572809e+00
1.169872116027835851e+01 1.431969103761957962e+00
1.169527715877760699e+01 1.431510944539643448e+00
1.167439095034159635e+01 1.428646265706772001e+00
1.167429720732124387e+01 1.428633524097025820e+00
1.165350474190558216e+01 1.425880652366195989e+00
1.164924612955606342e+01 1.425297944432093900e+00
1.163261853346957153e+01 1.423076749908847916e+00
1.162447208165909451e+01 1.421962364767161979e+00
1.161173232503355734e+01 1.420261815692723584e+00
1.159979173356450488e+01 1.418626785102230059e+00
1.159084611659754671e+01 1.417433647768342686e+00
1.157524489883706131e+01 1.415291205437297917e+00
1.156995990816153252e+01 1.414582832420875569e+00
1.155097534206926291e+01 1.411955625772366218e+00
1.154907369972552189e+01 1.411698714866876925e+00
1.152818749128950770e+01 1.408835994312472195e+00
1.152661727552248827e+01 1.408620046107433854e+00
1.150730128285349529e+01 1.406025967111975028e+00
1.150189026432485306e+01 1.405284466442501934e+00
1.148641507441748288e+01 1.403214558362120945e+00
1.147730194693257033e+01 1.401948886777570014e+00
1.146552886598147225e+01 1.400354294884457840e+00
1.145289101039114854e+01 1.398613307112638093e+00
1.144464265754545806e+01 1.397501237588380185e+00
1.142851174538463610e+01 1.395277727447706173e+00
1.142375644910944743e+01 1.394636917425441602e+00
1.140377754415848166e+01 1.391942147782774031e+00
1.140287024067343324e+01 1.391822722686104630e+00
1.138198403223742261e+01 1.388979495308065415e+00
1.137929279461136822e+01 1.388606568117842111e+00
1.136109782380140842e+01 1.386137216094183833e+00
1.135482681637158997e+01 1.385270988452909968e+00
1.134021161536539779e+01 1.383296595895917802e+00
1.133034247857663956e+01 1.381935408787978048e+00
1.131932540692938360e+01 1.380450388689786756e+00
1.130603076709030574e+01 1.378599829123046128e+00
1.129843919849337297e+01 1.377567005712780457e+00
1.128187643155386510e+01 1.375264249458114207e+00
1.127755299005735878e+01 1.374676522612745977e+00
1.125785412472708558e+01 1.371928669793182065e+00
1.125666678162134815e+01 1.371766136902949462e+00
1.123578057318533396e+01 1.368890918990045114e+00
1.123365359998774160e+01 1.368593090128250145e+00
1.121489436474932333e+01 1.366020523989103452e+00
1.120937668507628615e+01 1.365257510463318003e+00
1.119400815631331092e+01 1.363176906178748649e+00
1.118494131556997750e+01 1.361921930798386082e+00
1.117312194787729851e+01 1.360320340465684286e+00
1.116057654555561029e+01 1.358586351133454162e+00
1.115223573944128610e+01 1.357457488955839287e+00
1.113624536672442922e+01 1.355250771468522242e+00
1.113134953100527369e+01 1.354589191151457150e+00
1.111208487871019024e+01 1.351915191803590321e+00
1.111046332256926128e+01 1.351694444718165133e+00
1.108957711413324887e+01 1.348834205300544653e+00
1.108774950307862994e+01 1.348579612138658401e+00
1.106869090569723646e+01 1.345980936313836418e+00
1.106339972405667460e+01 1.345244032473726037e+00
1.104780469726122405e+01 1.343110094306148694e+00
1.103913966063063512e+01 1.341908452808794117e+00
1.102691848882521164e+01 1.340248953632134032e+00
1.101495076231149284e+01 1.338572873143862196e+00
1.100603228038919923e+01 1.337347508926880923e+00
1.099091349434142728e+01 1.335237293478930276e+00
1.098514607195318682e+01 1.334447332252716611e+00
1.096665031942497670e+01 1.331901713813998356e+00
1.096425986351717441e+01 1.331579363479710176e+00
1.094337365508116200e+01 1.328726484852256196e+00
1.094223172974627900e+01 1.328566134149066214e+00
1.092248744664514959e+01 1.325845896532946933e+00
1.091807854095855568e+01 1.325230554484134515e+00
1.090160123820913896e+01 1.322974828405943937e+00
1.089391583955182341e+01 1.321894974819202151e+00
1.088071502977312477e+01 1.320070511795965462e+00
1.086987723681221851e+01 1.318559395154270231e+00
1.085982882133711236e+01 1.317184415925540364e+00
1.084581787419784860e+01 1.315223815489338310e+00
1.083894261290109995e+01 1.314279498978841998e+00
1.082191938287155253e+01 1.311888235824406390e+00
1.081805640446508754e+01 1.311354294235618223e+00
1.079810743383212390e+01 1.308552656159474470e+00
1.079717019602907513e+01 1.308423507575919853e+00
1.077628398759306272e+01 1.305542617107674053e+00
1.077400212097948540e+01 1.305217076494542328e+00
1.075539777915705031e+01 1.302604049673045550e+00
1.075028165241565503e+01 1.301881496829610185e+00
1.073451157072103790e+01 1.299687001753263793e+00
1.072641002519991460e+01 1.298545917164678265e+00
1.071362536228502549e+01 1.296777930739709817e+00
1.070248966885310082e+01 1.295210337499746345e+00
1.069273915384901308e+01 1.293860750413383887e+00
1.067862558342783252e+01 1.291874757834814424e+00
1.067185294541300067e+01 1.290936057353035737e+00
1.065516025218850160e+01 1.288539178169882504e+00
1.065096673697698826e+01 1.287945227326348085e+00
1.063171322693430909e+01 1.285203598504950362e+00
1.063008052854097585e+01 1.284974340488419520e+00
1.060919432010496521e+01 1.282038807865667707e+00
1.060799703092624391e+01 1.281868018840018442e+00
1.058830811166895103e+01 1.279099736851854408e+00
1.058436752955039140e+01 1.278532439175086299e+00
1.056742190323294039e+01 1.276130262577853669e+00
1.056079871336178044e+01 1.275196859510154379e+00
1.054653569479692621e+01 1.273214893483483046e+00
1.053705784399587309e+01 1.271861279845222459e+00
1.052564948636091557e+01 1.270253411123391851e+00
1.051352653176039098e+01 1.268525700180290539e+00
1.050476327792490139e+01 1.267293176172241242e+00
1.049011697166760015e+01 1.265190120515358396e+00
1.048387706948889075e+01 1.264306407279484068e+00
1.046678504280747468e+01 1.261854540850426476e+00
1.046299086105287657e+01 1.261316016044977451e+00
1.044372313933383900e+01 1.258518961185494556e+00
1.044210465261686593e+01 1.258286729300423845e+00
1.042121844418085175e+01 1.255261236047419571e+00
1.042067912924820838e+01 1.255183381520562413e+00
1.040033223574484111e+01 1.252282220661894430e+00
1.039735993878327847e+01 1.251847801855630493e+00
1.037944602730882870e+01 1.249256506048372684e+00
1.037431949057846836e+01 1.248512222190698573e+00
1.035855981887281629e+01 1.246244406557473816e+00
1.035121356957748517e+01 1.245176642525766653e+00
1.033767361043680566e+01 1.243225881853142756e+00
1.032815836789102448e+01 1.241841062860834510e+00
1.031678740200079147e+01 1.240206412187275564e+00
1.030516648437776794e+01 1.238505483195902590e+00
1.029590119356477906e+01 1.237157381399664136e+00
1.028229489118483286e+01 1.235169903530970448e+00
1.027501498512876665e+01 1.234114766023937326e+00
1.025947043683715698e+01 1.231834323866038527e+00
1.025412877669275424e+01 1.231055636967431255e+00
1.023696441544002944e+01 1.228498744201106607e+00
1.023324256825674183e+01 1.227948085749713591e+00
1.021446886184115499e+01 1.225163164536174687e+00
1.021235635982072942e+01 1.224850720644689028e+00
1.019197055632091242e+01 1.221827584871242545e+00
1.019147015138471701e+01 1.221753680738794978e+00
1.017058394294870460e+01 1.218659049903029645e+00
1.016947184223734801e+01 1.218492005206310624e+00
1.014969773451269219e+01 1.215534797190886085e+00
1.014715655744656786e+01 1.215156425541378482e+00
1.012881152607667801e+01 1.212430900263024469e+00
1.012476351227022064e+01 1.211820845876446562e+00
1.010792531764066737e+01 1.209286150417501426e+00
1.010263670422381566e+01 1.208485266211514642e+00
1.008703910920465496e+01 1.206124646692427582e+00
1.008061070563143957e+01 1.205149686546582721e+00
1.006615290076864255e+01 1.202957686044424213e+00
1.005865209330843513e+01 1.201814106881650579e+00
1.004526669233263014e+01 1.199768945388777208e+00
1.003687620047216456e+01 1.198478527216718659e+00
1.002438048389661773e+01 1.196552659020892140e+00
1.001526640420909153e+01 1.195142947551786738e+00
1.000349427546060532e+01 1.193313926682489923e+00
9.993806802835354830e+00 1.191807367886854596e+00
9.982608067024592913e+00 1.190056060201777788e+00
9.972513098943995402e+00 1.188471788221922676e+00
9.961721858588580503e+00 1.186767809678395569e+00
9.951240838160003932e+00 1.185136208556990756e+00
9.940835650152568093e+00 1.183505875105334448e+00
9.930111524660173217e+00 1.181800628892058835e+00
9.919949441716555683e+00 1.180171111842369891e+00
9.909174228571364651e+00 1.178465049227126693e+00
9.899063233280543272e+00 1.176849502502142819e+00
9.888242845157730443e+00 1.175129469562194773e+00
9.878177024844530862e+00 1.173512914474849289e+00
9.867467648988171192e+00 1.171793889897262630e+00
9.857290816408518452e+00 1.170140089416469298e+00
9.846919069284156834e+00 1.168458310232330710e+00
9.836404607972504266e+00 1.166731330387680732e+00
9.826544182614258105e+00 1.165122730567398790e+00
9.815518399536493632e+00 1.163298721419442350e+00
9.806324554703584440e+00 1.161787150902466870e+00
9.794632191100482999e+00 1.159834899205601566e+00
9.786358536894415039e+00 1.158451571237534727e+00
9.773745982664468812e+00 1.156305223184611375e+00
9.766704104096930905e+00 1.155115991572602585e+00
9.752859774228456402e+00 1.152734253373671525e+00
9.747226738740330632e+00 1.151780411907670887e+00
9.731973565792443992e+00 1.149144048231866000e+00
9.727918301749529206e+00 1.148444832242738745e+00
9.711087357356431582e+00 1.145476595435815703e+00
9.708958291910901650e+00 1.145109252577806824e+00
9.690201148920419172e+00 1.141800712981620558e+00
9.690045822221366123e+00 1.141773672912874904e+00
9.671186896809686573e+00 1.138438093247942984e+00
9.669314940484408538e+00 1.138099984802667830e+00
9.652580961638600243e+00 1.135102513583010841e+00
9.648428732048394352e+00 1.134337557677885133e+00
9.634153191466406696e+00 1.131766933918078921e+00
9.627542523612383718e+00 1.130541634241284621e+00
9.615813818704644689e+00 1.128431354253146779e+00
9.606656315176369532e+00 1.126735961769848249e+00
9.597740440570348142e+00 1.125095774588214859e+00
9.585770106740358898e+00 1.122822582207570585e+00
9.579944360814312887e+00 1.121760194923282938e+00
9.564883898304344712e+00 1.118923990219241382e+00
9.562187650921114113e+00 1.118424615258351018e+00
9.544721913130848279e+00 1.115089035593418876e+00
9.543997689868334078e+00 1.114947753439226252e+00
9.527108042129992072e+00 1.111753455928486956e+00
9.523111481432319891e+00 1.110969255413482681e+00
9.509868124162544234e+00 1.108417876263555035e+00
9.502225272996309258e+00 1.106885651765696643e+00
9.492910383936703056e+00 1.105082296598622893e+00
9.481339064560295071e+00 1.102757492662936656e+00
9.476223310474944483e+00 1.101746716933690973e+00
9.460452856124284438e+00 1.098498077292024089e+00
9.460014493325529017e+00 1.098411137268758830e+00
9.443583876657822174e+00 1.095075557603827132e+00
9.439566647688270251e+00 1.094222964665284570e+00
9.427415840251349266e+00 1.091739977938894990e+00
9.418680439252259617e+00 1.089864913835963733e+00
9.411768167819069220e+00 1.088404398273963070e+00
9.397794230816247207e+00 1.085289881922609556e+00
9.396764878021274470e+00 1.085068818609030927e+00
9.381684319213022150e+00 1.081733238944099007e+00
9.376908022380234797e+00 1.080619987466275633e+00
9.367098377857635327e+00 1.078397659279167087e+00
9.356021813944222387e+00 1.075731861592345906e+00
9.353089175127715649e+00 1.075062079614235167e+00
9.339106328639864785e+00 1.071726499949303024e+00
9.335135605508209977e+00 1.070726748945383999e+00
9.325454755382136085e+00 1.068390920284371104e+00
9.314249397072197567e+00 1.065493301937888937e+00
9.312469614322598233e+00 1.065055340619439184e+00
9.299534882817772186e+00 1.061719760954507041e+00
9.293363188636185157e+00 1.060014160654176418e+00
9.287105790616090317e+00 1.058384181289575121e+00
9.275158736516432967e+00 1.055048601624643201e+00
9.272476980200172747e+00 1.054252204672820881e+00
9.263662563631726243e+00 1.051713021959711281e+00
9.253041895134231254e+00 1.048377442294779138e+00
9.251590771764160337e+00 1.047887696365650489e+00
9.242389305260463317e+00 1.045041862629847218e+00
9.232593116794989285e+00 1.041706282964915076e+00
9.230704563328147927e+00 1.041004965403609761e+00
9.223131889607113720e+00 1.038370703299983155e+00
9.214502177354413348e+00 1.035035123635051235e+00
9.209818354892135517e+00 1.033021049738831465e+00
9.206636134514292635e+00 1.031699543970119315e+00
9.199521298288475535e+00 1.028363964305187173e+00
9.193325092152747402e+00 1.025028384640255252e+00
9.188932146456123107e+00 1.022241719793980597e+00
9.187981159439999601e+00 1.021692804975323110e+00
9.183259255407103083e+00 1.018357225310391190e+00
9.179654408390199194e+00 1.015021645645459270e+00
9.177155598762777089e+00 1.011686065980527349e+00
9.175841698198475171e+00 1.008350486315595207e+00
9.175828498881616113e+00 1.005014906650663287e+00
9.177247413048220892e+00 1.001679326985731366e+00
9.180243912965304176e+00 9.983437473207994461e-01
9.185109228432729367e+00 9.950081676558673038e-01
9.188932146456123107e+00 9.931103244050903944e-01
9.191929460243308370e+00 9.916725879909353836e-01
9.201108441313920139e+00 9.883370083260033523e-01
9.209818354892135517e+00 9.858909380146850809e-01
9.213168395288683143e+00 9.850014286610713210e-01
9.228458609677602453e+00 9.816658489961392897e-01
9.230704563328147927e+00 9.812476868920053663e-01
9.247129609906325598e+00 9.783302693312073695e-01
9.251590771764160337e+00 9.776461640510227813e-01
9.270004508296711521e+00 9.749946896662753382e-01
9.272476980200172747e+00 9.746776988585661439e-01
9.293363188636185157e+00 9.722320153155039613e-01
9.298686087955447377e+00 9.716591100013434179e-01
9.314249397072195791e+00 9.701078811997170259e-01
9.335135605508209977e+00 9.683291427139613106e-01
9.335205869597096751e+00 9.683235303364113866e-01
9.356021813944222387e+00 9.667173956572849836e-01
9.376908022380234797e+00 9.652876576434661349e-01
9.381662736915595602e+00 9.649879506714794664e-01
9.397794230816248984e+00 9.639923895401038001e-01
9.418680439252259617e+00 9.628306332559720682e-01
9.439566647688270251e+00 9.618449604665308961e-01
9.443606252180019922e+00 9.616523710065474351e-01
9.460452856124284438e+00 9.608355991880090929e-01
9.481339064560295071e+00 9.600036295318684632e-01
9.502225272996309258e+00 9.592955273497394408e-01
9.523111481432319891e+00 9.585192177298511584e-01
9.529046858094110561e+00 9.583167913416155148e-01
9.543997689868334078e+00 9.577887943967102746e-01
9.564883898304344712e+00 9.571700862542935617e-01
9.585770106740358898e+00 9.565901790613362543e-01
9.606656315176369532e+00 9.560909800522345847e-01
9.627542523612383718e+00 9.556506553339711996e-01
9.648428732048394352e+00 9.551450387566082778e-01
9.658191897441167129e+00 9.549812116766834835e-01
9.669314940484408538e+00 9.547816776177712184e-01
9.690201148920419172e+00 9.543940296883726138e-01
9.711087357356431582e+00 9.539870438783968343e-01
9.731973565792443992e+00 9.536400321992595241e-01
9.752859774228456402e+00 9.533246593540879443e-01
9.773745982664468812e+00 9.530383109632512006e-01
9.794632191100481222e+00 9.528326780294953391e-01
9.815518399536493632e+00 9.526446181413952274e-01
9.836404607972506042e+00 9.524407719425946883e-01
9.857290816408518452e+00 9.522194978591506098e-01
9.878177024844530862e+00 9.520557450096308605e-01
9.899063233280543272e+00 9.519899108963933987e-01
9.919949441716555683e+00 9.518533880868649266e-01
9.940835650152568093e+00 9.517932373018480607e-01
9.961721858588580503e+00 9.517217540139660814e-01
9.982608067024592913e+00 9.516472190727870428e-01
9.982953769967140900e+00 9.516456320117514522e-01
1.000349427546060532e+01 9.515408455485004913e-01
