1.210892987624196770e+01 1.983472204364309599e+00
1.212904181834082529e+01 1.983402245449527257e+00
1.214915376043967754e+01 1.983346008887285183e+00
1.216926570253853157e+01 1.983297237536269630e+00
1.218937764463738738e+01 1.983254447530843123e+00
1.220948958673624318e+01 1.983216320014396405e+00
1.222960152883509721e+01 1.983195730152636838e+00
1.224971347093395302e+01 1.983186197272356122e+00
1.226982541303280527e+01 1.983184576317577275e+00
1.228993735513166108e+01 1.983176587744259978e+00
1.231004929723051688e+01 1.983185872034333830e+00
1.233016123932937091e+01 1.983195302374063607e+00
1.235027318142822494e+01 1.983211202397660911e+00
1.237038512352707897e+01 1.983234074872470831e+00
1.239049706562593656e+01 1.983261538904216525e+00
1.241060900772479059e+01 1.983300568259799945e+00
1.243072094982364284e+01 1.983347136584578285e+00
1.245083289192249865e+01 1.983398298133919546e+00
1.247094483402135445e+01 1.983454634065696442e+00
1.248992211461620450e+01 1.983514336504034414e+00
1.249105677612021026e+01 1.983517864268101505e+00
1.251116871821906429e+01 1.983590251571999641e+00
1.253128066031791832e+01 1.983654453051266309e+00
1.255139260241677412e+01 1.983721993462109090e+00
1.257150454451562815e+01 1.983800068194595090e+00
1.259161648661448396e+01 1.983887085585232857e+00
1.261172842871333799e+01 1.983976107346423490e+00
1.263184037081219202e+01 1.984065832242490446e+00
1.265195231291104783e+01 1.984163900849194917e+00
1.267206425500990363e+01 1.984256857202352897e+00
1.269217619710875766e+01 1.984358346928614125e+00
1.271228813920761169e+01 1.984464303113198103e+00
1.273240008130646572e+01 1.984578500631114739e+00
1.275251202340532153e+01 1.984704521967064927e+00
1.277262396550417733e+01 1.984819084080496232e+00
1.279273590760303136e+01 1.984939103611028210e+00
1.280028369743444117e+01 1.984989182758783777e+00
1.281284784970188539e+01 1.985071389684213594e+00
1.283295979180074120e+01 1.985203834746024132e+00
1.285307173389959701e+01 1.985337194864847499e+00
1.287318367599845104e+01 1.985480316563388303e+00
1.289329561809730507e+01 1.985622421339397814e+00
1.291340756019615910e+01 1.985778919984937385e+00
1.293351950229501490e+01 1.985930901536511861e+00
1.295363144439387071e+01 1.986075154105336082e+00
1.297374338649272474e+01 1.986234830253982730e+00
1.299385532859157877e+01 1.986405281904023212e+00
1.300105653946772222e+01 1.986464029013533139e+00
1.301396727069043280e+01 1.986568300579141022e+00
1.303407921278928683e+01 1.986740682510702349e+00
1.305419115488814441e+01 1.986904581851289597e+00
1.307430309698699844e+01 1.987098433939778364e+00
1.309441503908585247e+01 1.987275606094309310e+00
1.311452698118470828e+01 1.987459520872507213e+00
1.313463892328356408e+01 1.987643273309234848e+00
1.315475086538241811e+01 1.987831995582701072e+00
1.316559055997692695e+01 1.987938875268282723e+00
1.317486280748127214e+01 1.988029351011423973e+00
1.319497474958012617e+01 1.988220618017153773e+00
1.321508669167898375e+01 1.988417421218492853e+00
1.323519863377783778e+01 1.988629351495104114e+00
1.325531057587669181e+01 1.988849431598578077e+00
1.327542251797554584e+01 1.989068309939053814e+00
1.329553446007439987e+01 1.989296369276614351e+00
1.330536553085783780e+01 1.989413721523032308e+00
1.331564640217325568e+01 1.989535204388364287e+00
1.333575834427211149e+01 1.989766334494572853e+00
1.335587028637096552e+01 1.989996647341762959e+00
1.337598222846981955e+01 1.990246042120746406e+00
1.339609417056867535e+01 1.990488128919637223e+00
1.341620611266753116e+01 1.990737362059760152e+00
1.342800795325057805e+01 1.990888567777781670e+00
1.343631805476638519e+01 1.990994403806578328e+00
1.345642999686523922e+01 1.991258624210837658e+00
1.347654193896409325e+01 1.991525885357869452e+00
1.349665388106294728e+01 1.991806439080904045e+00
1.351676582316180486e+01 1.992083779720735137e+00
1.353640755020414232e+01 1.992363414032531033e+00
1.353687776526065889e+01 1.992370059644689162e+00
1.355698970735951292e+01 1.992657801038595133e+00
1.357710164945837050e+01 1.992949933561986908e+00
1.359721359155722098e+01 1.993254694201125776e+00
1.361732553365607856e+01 1.993555122055313822e+00
1.363600088963973889e+01 1.993838260287280617e+00
1.363743747575493259e+01 1.993859967012927781e+00
1.365754941785378662e+01 1.994183365564609511e+00
1.367766135995264243e+01 1.994508840730144561e+00
1.369777330205149823e+01 1.994837644533471011e+00
1.371788524415035226e+01 1.995177770034236131e+00
1.372595836698689453e+01 1.995313106542029979e+00
1.373799718624920629e+01 1.995514809668971212e+00
1.375810912834806032e+01 1.995862494678393162e+00
1.377822107044691435e+01 1.996212861438664277e+00
1.379833301254577194e+01 1.996568733520710737e+00
1.381063684597805974e+01 1.996787952796779564e+00
1.381844495464462597e+01 1.996926004875712701e+00
1.383855689674348000e+01 1.997284090435317072e+00
1.385866883884233403e+01 1.997649749041614964e+00
1.387878078094118806e+01 1.998029380439199310e+00
1.389113966100565101e+01 1.998262799051528926e+00
1.389889272304004564e+01 1.998409198399305087e+00
1.391900466513889967e+01 1.998786451291906907e+00
1.393911660723775370e+01 1.999171313367711811e+00
1.395922854933660950e+01 1.999585979265886770e+00
1.396668199568144786e+01 1.999737645306278289e+00
1.397934049143546531e+01 1.999994621796538086e+00
1.399945243353431934e+01 2.000395395598480341e+00
1.401956437563317337e+01 2.000797662964201251e+00
1.403960217062937943e+01 2.001212491561028095e+00
1.403967631773202740e+01 2.001214028647744669e+00
1.405978825983088143e+01 2.001638706055126171e+00
1.407990020192973901e+01 2.002066487884862855e+00
1.410001214402859304e+01 2.002506386179748965e+00
1.410823022486166778e+01 2.002687337815777013e+00
1.412012408612744707e+01 2.002950086561639420e+00
1.414023602822630288e+01 2.003401465343712218e+00
1.416034797032515868e+01 2.003857320951113685e+00
1.417379653655684635e+01 2.004162184070526820e+00
1.418045991242401271e+01 2.004313431792038358e+00
1.420057185452286674e+01 2.004783031661460324e+00
1.422068379662172077e+01 2.005275389498752947e+00
1.423565939622540988e+01 2.005637030325276182e+00
1.424079573872057658e+01 2.005761476717509151e+00
1.426090768081943239e+01 2.006276064379621804e+00
1.428101962291828642e+01 2.006787699633208799e+00
1.429334911461217494e+01 2.007111876580025545e+00
1.430113156501714045e+01 2.007318370457022993e+00
1.432124350711599448e+01 2.007849737106564447e+00
1.434135544921484851e+01 2.008397035524506435e+00
1.434825038345358372e+01 2.008586722834775351e+00
1.436146739131370609e+01 2.008951703909521935e+00
1.438157933341256012e+01 2.009517154008725548e+00
1.440061598674130927e+01 2.010061569089524713e+00
1.440169127551141415e+01 2.010092549199057110e+00
1.442180321761026995e+01 2.010674813774308678e+00
1.444191515970912576e+01 2.011284220882966878e+00
1.445035158164871092e+01 2.011536415344274076e+00
1.446202710180797979e+01 2.011888203288519694e+00
1.448213904390683382e+01 2.012513799077129573e+00
1.449794045137214837e+01 2.013011261599023882e+00
1.450225098600568785e+01 2.013148858483976067e+00
1.452236292810454543e+01 2.013800446421258439e+00
1.454247487020339946e+01 2.014477403695340119e+00
1.454273011491540757e+01 2.014486107853773245e+00
1.456258681230225349e+01 2.015168999566598451e+00
1.458269875440110752e+01 2.015877868184844601e+00
1.458508852230569275e+01 2.015960954108522607e+00
1.460281069649996510e+01 2.016585707962863516e+00
1.462292263859881736e+01 2.017324210001986362e+00
1.462595802932009903e+01 2.017435800363271969e+00
1.464303458069767316e+01 2.018071721764815418e+00
1.466314652279652719e+01 2.018840270142312043e+00
1.466496749840498381e+01 2.018910646618021332e+00
1.468325846489538122e+01 2.019632307950804062e+00
1.470197958579394637e+01 2.020385492872771138e+00
1.470337040699423703e+01 2.020442103781823207e+00
1.472348234909309284e+01 2.021255697730150125e+00
1.473800502788093603e+01 2.021860339127520501e+00
1.474359429119194687e+01 2.022098058953359700e+00
1.476370623329080090e+01 2.022961608352381813e+00
1.477226983196683463e+01 2.023335185382269863e+00
1.478381817538965493e+01 2.023847777009699644e+00
1.480393011748850896e+01 2.024746538443661592e+00
1.480533618585933553e+01 2.024810031637019225e+00
1.482404205958736654e+01 2.025668161698587877e+00
1.483713219980763043e+01 2.026284877891769032e+00
1.484415400168622057e+01 2.026625173998142682e+00
1.486426594378507460e+01 2.027594516069203046e+00
1.486772383542952447e+01 2.027759724146518394e+00
1.488437788588393040e+01 2.028571306478526459e+00
1.489622901099361840e+01 2.029234570401267757e+00
1.490448982798278621e+01 2.029706404620868820e+00
1.492185449990957835e+01 2.030709416656017119e+00
1.492460177008164024e+01 2.030872728070952871e+00
1.494471371218049605e+01 2.032089191502308267e+00
1.494625476175393430e+01 2.032184262910766925e+00
1.496482565427934830e+01 2.033359337929452337e+00
1.496947724003205060e+01 2.033659109165516288e+00
1.498493759637820588e+01 2.034691400748737777e+00
1.499139165681564023e+01 2.035133955420265650e+00
1.500504953847705991e+01 2.036097440389585067e+00
1.501220662133444606e+01 2.036608801675015457e+00
1.502516148057591394e+01 2.037563398851099716e+00
1.503204149704190229e+01 2.038083647929764375e+00
1.504527342267476797e+01 2.039122162931860771e+00
1.505073560790202336e+01 2.039558494184514181e+00
1.506538536477362200e+01 2.040759082250648060e+00
1.506864406291328073e+01 2.041033340439263544e+00
1.508549401424238212e+01 2.042508186694012906e+00
1.508549730687247781e+01 2.042508485272167995e+00
1.510146794756571609e+01 2.043983032948762268e+00
1.510560924897133361e+01 2.044381044762995536e+00
1.511660512667238976e+01 2.045457879203512075e+00
1.512572119107018764e+01 2.046388960845593630e+00
1.513092860681194551e+01 2.046932725458261437e+00
1.514450286321831385e+01 2.048407571713010800e+00
1.514583313316904167e+01 2.048558974246634357e+00
1.515723476635311684e+01 2.049882417967760162e+00
1.516594507526789748e+01 2.050932736457443895e+00
1.516937179258010637e+01 2.051357264222509968e+00
1.518074947275769304e+01 2.052832110477259331e+00
1.518605701736675329e+01 2.053547455272989541e+00
1.519157092812984899e+01 2.054306956732008693e+00
1.520168800072000792e+01 2.055781802986758056e+00
1.520616895946560732e+01 2.056459347251357705e+00
1.521134936342189370e+01 2.057256649241507418e+00
1.522034875511099727e+01 2.058731495496257224e+00
1.522628090156446135e+01 2.059754438422182421e+00
1.522884908941968085e+01 2.060206341751006587e+00
1.523677861318908455e+01 2.061681188005755949e+00
1.524422995153778970e+01 2.063156034260505756e+00
1.524639284366331538e+01 2.063609959430826368e+00
1.525116772329588599e+01 2.064630880515255118e+00
1.525767435017161944e+01 2.066105726770004480e+00
1.526370293133281386e+01 2.067580573024753843e+00
1.526650478576217118e+01 2.068313344072241655e+00
1.526926744542660508e+01 2.069055419279503205e+00
1.527435444048881941e+01 2.070530265534253012e+00
1.527909832563278592e+01 2.072005111789002374e+00
1.528342561813480138e+01 2.073479958043751736e+00
1.528661672786102699e+01 2.074685542173829944e+00
1.528731860878593807e+01 2.074954804298501099e+00
1.529076483616947257e+01 2.076429650553250905e+00
1.529382445836215965e+01 2.077904496808000268e+00
1.529645444333083049e+01 2.079379343062749630e+00
1.529865140778125543e+01 2.080854189317498992e+00
1.530043995550497549e+01 2.082329035572248799e+00
1.530186008705412704e+01 2.083803881826998161e+00
1.530286787746172728e+01 2.085278728081747524e+00
1.530349155532324623e+01 2.086753574336496886e+00
1.530365002896450122e+01 2.088228420591246248e+00
1.530337413132435032e+01 2.089703266845996055e+00
1.530259619339219945e+01 2.091178113100745417e+00
1.530137945044118197e+01 2.092652959355494779e+00
1.529961867330334613e+01 2.094127805610244586e+00
1.529742749556769255e+01 2.095602651864993948e+00
1.529478249813631230e+01 2.097077498119743311e+00
1.529158964811291277e+01 2.098552344374492673e+00
1.528785950559868567e+01 2.100027190629242035e+00
1.528661672786102699e+01 2.100454892378747829e+00
1.528347880139918402e+01 2.101502036883991842e+00
1.527845899546248987e+01 2.102976883138741204e+00
1.527292287148577188e+01 2.104451729393490567e+00
1.526682967050466111e+01 2.105926575648239929e+00
1.526650478576217118e+01 2.105998068182833194e+00
1.525996065107341693e+01 2.107401421902989735e+00
1.525242234775411632e+01 2.108876268157739098e+00
1.524639284366331538e+01 2.109966283709794332e+00
1.524420189034751871e+01 2.110351114412488460e+00
1.523513554550772042e+01 2.111825960667237823e+00
1.522628090156446135e+01 2.113166028375076166e+00
1.522536678178593661e+01 2.113300806921987629e+00
1.521461354922759135e+01 2.114775653176736991e+00
1.520616895946560732e+01 2.115858833087377544e+00
1.520300610212955839e+01 2.116250499431486354e+00
1.519041237706995062e+01 2.117725345686235716e+00
1.518605701736675329e+01 2.118211828217641202e+00
1.517681382393985601e+01 2.119200191940985079e+00
1.516594507526789570e+01 2.120288930207745004e+00
1.516200677209466541e+01 2.120675038195734885e+00
1.514611590440638267e+01 2.122149884450484247e+00
1.514583313316903990e+01 2.122175159964546420e+00
1.512901467271368716e+01 2.123624730705233610e+00
1.512572119107018764e+01 2.123895532941967979e+00
1.511073282340464097e+01 2.125099576959983416e+00
1.510560924897133361e+01 2.125494394797839526e+00
1.509093889328646654e+01 2.126574423214732779e+00
1.508549730687247958e+01 2.126958674057227938e+00
1.506966891807901376e+01 2.128049269469482141e+00
1.506538536477362200e+01 2.128333948133183551e+00
1.504711481878442925e+01 2.129524115724231503e+00
1.504527342267476797e+01 2.129639637762223536e+00
1.502516148057591394e+01 2.130862453864822648e+00
1.502283369784362677e+01 2.130998961978980866e+00
1.500504953847705991e+01 2.132014865024085104e+00
1.499670224019602216e+01 2.132473808233730672e+00
1.498493759637820588e+01 2.133102088237436078e+00
1.496880588340523843e+01 2.133948654488480035e+00
1.496482565427935008e+01 2.134152200419521694e+00
1.494471371218049427e+01 2.135152470135890823e+00
1.493922540962275924e+01 2.135423500743229397e+00
1.492460177008164024e+01 2.136127900245218036e+00
1.490771191938185325e+01 2.136898346997978759e+00
1.490448982798278621e+01 2.137042201356403215e+00
1.488437788588393218e+01 2.137935874826994986e+00
1.487331391191032637e+01 2.138373193252728566e+00
1.486426594378507460e+01 2.138723141938093431e+00
1.484415400168622057e+01 2.139488255306894349e+00
1.483453339367535406e+01 2.139848039507477928e+00
1.482404205958736654e+01 2.140233070836544460e+00
1.480393011748851073e+01 2.140967803964842098e+00
1.479403300471201987e+01 2.141322885762227290e+00
1.478381817538965493e+01 2.141683720183193973e+00
1.476370623329080090e+01 2.142392226210305672e+00
1.475177385537633157e+01 2.142797732016976653e+00
1.474359429119194509e+01 2.143071208543899431e+00
1.472348234909309284e+01 2.143747206449753584e+00
1.470737765952119602e+01 2.144272578271726459e+00
1.470337040699423703e+01 2.144401619987540641e+00
1.468325846489538122e+01 2.145039352528086862e+00
1.466314652279652719e+01 2.145703603169976770e+00
1.466175830399995128e+01 2.145747424526475822e+00
1.464303458069767494e+01 2.146330093000274442e+00
1.462292263859881736e+01 2.146945600504511997e+00
1.461397193982493015e+01 2.147222270781225184e+00
1.460281069649996333e+01 2.147563814679153804e+00
1.458269875440110752e+01 2.148153559863565931e+00
1.456370976126133954e+01 2.148697117035974546e+00
1.456258681230225349e+01 2.148728822909665048e+00
1.454247487020340124e+01 2.149296717430877024e+00
1.452236292810454188e+01 2.149857630892399563e+00
1.451108637505450716e+01 2.150171963290723909e+00
1.450225098600568785e+01 2.150417480167716278e+00
1.448213904390683382e+01 2.150946503264571597e+00
1.446202710180797979e+01 2.151466262766955850e+00
1.445515663219398306e+01 2.151646809545473715e+00
1.444191515970912576e+01 2.151991473827789214e+00
1.442180321761027173e+01 2.152501155878302708e+00
1.440169127551141415e+01 2.152999659321877424e+00
1.439675522200832880e+01 2.153121655800223078e+00
1.438157933341256012e+01 2.153491907573720887e+00
1.436146739131370609e+01 2.153962979832002578e+00
1.434135544921485028e+01 2.154423184789818535e+00
1.433389259358270706e+01 2.154596502054972440e+00
1.432124350711599448e+01 2.154889607805783314e+00
1.430113156501714045e+01 2.155342723109222813e+00
1.428101962291828642e+01 2.155775234665544993e+00
1.426746886118027646e+01 2.156071348309721802e+00
1.426090768081943239e+01 2.156213437864446636e+00
1.424079573872057480e+01 2.156652442185006180e+00
1.422068379662172077e+01 2.157063084319906565e+00
1.420057185452286674e+01 2.157483752298937851e+00
1.419752265962263671e+01 2.157546194564471609e+00
1.418045991242401271e+01 2.157895067495664954e+00
1.416034797032515868e+01 2.158283479251530856e+00
1.414023602822630288e+01 2.158668318192022983e+00
1.412193770309157692e+01 2.159021040819220971e+00
1.412012408612744707e+01 2.159056041451944630e+00
1.410001214402859304e+01 2.159432961688866559e+00
1.407990020192973901e+01 2.159786681476468573e+00
1.405978825983088321e+01 2.160140012838658308e+00
1.403971340904907095e+01 2.160495887073970334e+00
1.403967631773202740e+01 2.160496541637702439e+00
1.401956437563317337e+01 2.160840186493042214e+00
1.399945243353431934e+01 2.161176614920521821e+00
1.397934049143546531e+01 2.161503049160582002e+00
1.395922854933660950e+01 2.161826074627052119e+00
1.395017495203836688e+01 2.161970733328719696e+00
1.393911660723775370e+01 2.162146976070067783e+00
1.391900466513889967e+01 2.162464660416136830e+00
1.389889272304004564e+01 2.162768935383710733e+00
1.387878078094118983e+01 2.163067232197536605e+00
1.385866883884233580e+01 2.163362398920946283e+00
1.385267174161584869e+01 2.163445579583469502e+00
1.383855689674348000e+01 2.163641478525148543e+00
1.381844495464462597e+01 2.163918273652576385e+00
1.379833301254577194e+01 2.164186646770878131e+00
1.377822107044691613e+01 2.164458109477747971e+00
1.375810912834806032e+01 2.164736256357834510e+00
1.374346210810835522e+01 2.164920425838218865e+00
1.373799718624920629e+01 2.164989192123060846e+00
1.371788524415035404e+01 2.165231293962241121e+00
1.369777330205149823e+01 2.165464725897711773e+00
1.367766135995264243e+01 2.165692836694430135e+00
1.365754941785378662e+01 2.165916959800927799e+00
1.363743747575493259e+01 2.166136946089585180e+00
1.361732553365607856e+01 2.166350888216292514e+00
1.361270522556440277e+01 2.166395272092968227e+00
1.359721359155722276e+01 2.166544330701480003e+00
1.357710164945836873e+01 2.166733551428800197e+00
1.355698970735951292e+01 2.166916593747945541e+00
1.353687776526065889e+01 2.167102585163328321e+00
1.351676582316180486e+01 2.167259802708995764e+00
1.349665388106294728e+01 2.167419623314181809e+00
1.347654193896409325e+01 2.167567958328160405e+00
1.345642999686523922e+01 2.167708146207560915e+00
1.343631805476638519e+01 2.167847077120970134e+00
1.343263640277428905e+01 2.167870118347717590e+00
1.341620611266753116e+01 2.167973659153344279e+00
1.339609417056867535e+01 2.168093137043093144e+00
1.337598222846981955e+01 2.168193760118590774e+00
1.335587028637096552e+01 2.168284141730812742e+00
1.333575834427211149e+01 2.168375004738416045e+00
1.331564640217325568e+01 2.168468691811544335e+00
1.329553446007439987e+01 2.168550034298176943e+00
1.327542251797554584e+01 2.168614921810437135e+00
1.325531057587669181e+01 2.168668886154500708e+00
1.323519863377783778e+01 2.168712912304912255e+00
1.321508669167898198e+01 2.168750959254504451e+00
1.319497474958012617e+01 2.168784329812306844e+00
1.317486280748127214e+01 2.168803243653216306e+00
1.315475086538241811e+01 2.168826972329330527e+00
1.313463892328356408e+01 2.168832134876901740e+00
1.311452698118470828e+01 2.168839011388358440e+00
1.309441503908585247e+01 2.168832007756278379e+00
1.307430309698699844e+01 2.168823187559706156e+00
1.305419115488814441e+01 2.168812945647482948e+00
1.303407921278928683e+01 2.168785538518009481e+00
1.301396727069043280e+01 2.168744938946171263e+00
1.299385532859157877e+01 2.168697773203445145e+00
1.297374338649272474e+01 2.168634275134699418e+00
1.295363144439387071e+01 2.168581969557905609e+00
1.293351950229501490e+01 2.168509214240677885e+00
1.291340756019615910e+01 2.168436538004391956e+00
1.289329561809730329e+01 2.168359740415669812e+00
1.287318367599845104e+01 2.168274306028770582e+00
1.285307173389959701e+01 2.168194808702797349e+00
1.283295979180074298e+01 2.168094965688194264e+00
1.281284784970188539e+01 2.167985578399194146e+00
1.279273590760302959e+01 2.167870609666466830e+00
1.279265046112671023e+01 2.167870118347717590e+00
1.277262396550417733e+01 2.167756569701289493e+00
1.275251202340532153e+01 2.167643895481470739e+00
1.273240008130646572e+01 2.167518828478343984e+00
1.271228813920761169e+01 2.167388922060409229e+00
1.269217619710875766e+01 2.167249283320983544e+00
1.267206425500990363e+01 2.167108078119118542e+00
1.265195231291104783e+01 2.166963332043431834e+00
1.263184037081219202e+01 2.166800574768478871e+00
1.261172842871333799e+01 2.166645330347574561e+00
1.259161648661448396e+01 2.166477646040499749e+00
1.258192756730028350e+01 2.166395272092968227e+00
1.257150454451562815e+01 2.166307948740567202e+00
1.255139260241677412e+01 2.166128709953897946e+00
1.253128066031791832e+01 2.165941579339656808e+00
1.251116871821906429e+01 2.165756635448972567e+00
1.249105677612021026e+01 2.165554894118118412e+00
1.247094483402135445e+01 2.165351371792888280e+00
1.245083289192249865e+01 2.165139848418037971e+00
1.243258109320019678e+01 2.164920425838218865e+00
1.243072094982364462e+01 2.164898327575990322e+00
1.241060900772479059e+01 2.164663492313173343e+00
1.239049706562593656e+01 2.164420508727760595e+00
1.237038512352708075e+01 2.164170893744302049e+00
1.235027318142822494e+01 2.163911286232351294e+00
1.233016123932937091e+01 2.163636943564281268e+00
1.231671799084532104e+01 2.163445579583469502e+00
1.231004929723051688e+01 2.163351784098087816e+00
1.228993735513166286e+01 2.163065688146266208e+00
1.226982541303280527e+01 2.162773276247123455e+00
1.224971347093395124e+01 2.162468628912640245e+00
1.222960152883509721e+01 2.162138857485593313e+00
1.221975197388915824e+01 2.161970733328719696e+00
1.220948958673624318e+01 2.161796841878706577e+00
1.218937764463738738e+01 2.161443420729795228e+00
1.216926570253853157e+01 2.161079101418216464e+00
1.214915376043967576e+01 2.160696194857456121e+00
1.213881753604181135e+01 2.160495887073970334e+00
1.212904181834082351e+01 2.160307743182699358e+00
1.210892987624196948e+01 2.159903920763692309e+00
1.208881793414311367e+01 2.159485762236011741e+00
1.206870599204425787e+01 2.159055216714594660e+00
1.206716224311624153e+01 2.159021040819220971e+00
1.204859404994540384e+01 2.158613269086479658e+00
1.202848210784654981e+01 2.158151571361982768e+00
1.200837016574769400e+01 2.157659452819653989e+00
1.200367490150712513e+01 2.157546194564471165e+00
1.198825822364883820e+01 2.157176259272264307e+00
1.196814628154998417e+01 2.156663149183024153e+00
1.194803433945113014e+01 2.156133449784253475e+00
1.194575346736755428e+01 2.156071348309721802e+00
1.192792239735227611e+01 2.155586440674028381e+00
1.190781045525342030e+01 2.155016422018698918e+00
1.189330898134347692e+01 2.154596502054972440e+00
1.188769851315456449e+01 2.154434685903335644e+00
1.186758657105571046e+01 2.153826713845406804e+00
1.184747462895685644e+01 2.153211885884433130e+00
1.184464728807673950e+01 2.153121655800223078e+00
1.182736268685800063e+01 2.152570548023153840e+00
1.180725074475914660e+01 2.151904966591627666e+00
1.179971894515824005e+01 2.151646809545473715e+00
1.178713880266029079e+01 2.151215161347442617e+00
1.176702686056143676e+01 2.150513565836551066e+00
1.175750102093449456e+01 2.150171963290723909e+00
1.174691491846258273e+01 2.149791682769597312e+00
1.172680297636372870e+01 2.149025513036272983e+00
1.171836235978485874e+01 2.148697117035974546e+00
1.170669103426487112e+01 2.148242469002598742e+00
1.168657909216601709e+01 2.147434670984323724e+00
1.168139115454548715e+01 2.147222270781225184e+00
1.166646715006716306e+01 2.146607265659124408e+00
1.164638216255472614e+01 2.145747424526475822e+00
1.164635520796830903e+01 2.145746262589136588e+00
1.162624326586945323e+01 2.144855563326486525e+00
1.161342607341043731e+01 2.144272578271726459e+00
1.160613132377059742e+01 2.143937496364698880e+00
1.158601938167174339e+01 2.142984735828035170e+00
1.158215711280034022e+01 2.142797732016976653e+00
1.156590743957288936e+01 2.142005372094517135e+00
1.155223814691151674e+01 2.141322885762227290e+00
1.154579549747403178e+01 2.140998578892620685e+00
1.152568355537517952e+01 2.139964905298133768e+00
1.152347929417304506e+01 2.139848039507477928e+00
1.150557161327632372e+01 2.138886530576586509e+00
1.149614887526027829e+01 2.138373193252729010e+00
1.148545967117746969e+01 2.137783134313974376e+00
1.146990003064908237e+01 2.136898346997978759e+00
1.146534772907861566e+01 2.136635198210254494e+00
1.144523578697975985e+01 2.135440906420669194e+00
1.144495026388824854e+01 2.135423500743229397e+00
1.142512384488090227e+01 2.134200021350661558e+00
1.142112163593102281e+01 2.133948654488480035e+00
1.140501190278205002e+01 2.132917303767931649e+00
1.139821293073159936e+01 2.132473808233730672e+00
1.138489996068319599e+01 2.131591942236346071e+00
1.137605230831661629e+01 2.130998961978980866e+00
1.136478801858434196e+01 2.130230374341853583e+00
1.135471300985888732e+01 2.129524115724231503e+00
1.134467607648548615e+01 2.128808649190745861e+00
1.133415912501549272e+01 2.128049269469482141e+00
1.132456413438663034e+01 2.127341207157375180e+00
1.131447334495042156e+01 2.126574423214732779e+00
1.130445219228777631e+01 2.125797926869847032e+00
1.129551558691268554e+01 2.125099576959983416e+00
1.128434025018892228e+01 2.124206300594891239e+00
1.127713742945866571e+01 2.123624730705233610e+00
1.126422830809006825e+01 2.122561978757931289e+00
1.125933946986839196e+01 2.122149884450484247e+00
1.124411636599121067e+01 2.120838701683255501e+00
1.124223997012237319e+01 2.120675038195734885e+00
1.122568207397386963e+01 2.119200191940985079e+00
1.122400442389235664e+01 2.119047431465689524e+00
1.120960950205583018e+01 2.117725345686235716e+00
1.120389248179350261e+01 2.117186817700447143e+00
1.119402469160347735e+01 2.116250499431486354e+00
1.118378053969464858e+01 2.115258715010998714e+00
1.117883223698046180e+01 2.114775653176736991e+00
1.116404936039795714e+01 2.113300806921987629e+00
1.116366859759579278e+01 2.113261962778476111e+00
1.114972245610013601e+01 2.111825960667237823e+00
1.114355665549693697e+01 2.111174607338719866e+00
1.113588048517860685e+01 2.110351114412488460e+00
1.112344471339808472e+01 2.108982859421416833e+00
1.112247894579825669e+01 2.108876268157739542e+00
1.110934380210078487e+01 2.107401421902989735e+00
1.110333277129922891e+01 2.106706944753455879e+00
1.109662791261691694e+01 2.105926575648239929e+00
1.108427298648521209e+01 2.104451729393490567e+00
1.108322082920037310e+01 2.104324187866924323e+00
1.107216033901572416e+01 2.102976883138741204e+00
1.106310888710151730e+01 2.101846388662834908e+00
1.106037597590870902e+01 2.101502036883991842e+00
1.104892254523654671e+01 2.100027190629242035e+00
1.104299694500266327e+01 2.099242362749407675e+00
1.103782162704369085e+01 2.098552344374493117e+00
1.102696923723277678e+01 2.097077498119743311e+00
1.102288500290380924e+01 2.096509022614903017e+00
1.101638379348757191e+01 2.095602651864993948e+00
1.100606538931334022e+01 2.094127805610244586e+00
1.100277306080495521e+01 2.093646249446835306e+00
1.099586617143217282e+01 2.092652959355494779e+00
1.098582775536448786e+01 2.091178113100745417e+00
1.098266111870609940e+01 2.090699934824030048e+00
1.097619632784047816e+01 2.089703266845996055e+00
1.096682871375343282e+01 2.088228420591246248e+00
1.096254917660724537e+01 2.087538971106538188e+00
1.095767182109582016e+01 2.086753574336496886e+00
1.094878595187432957e+01 2.085278728081747524e+00
1.094243723450838957e+01 2.084197739511721714e+00
1.094012950343561208e+01 2.083803881826998161e+00
1.093170329156279585e+01 2.082329035572248799e+00
1.092357142927573932e+01 2.080854189317498992e+00
1.092232529240953554e+01 2.080620970779486267e+00
1.091566534885050999e+01 2.079379343062749630e+00
1.090796697895103762e+01 2.077904496808000268e+00
1.090221335031068151e+01 2.076768421825942124e+00
1.090049351197199101e+01 2.076429650553250905e+00
1.089325916755571377e+01 2.074954804298501099e+00
1.088633848521192959e+01 2.073479958043751736e+00
1.088210140821182392e+01 2.072539486481032700e+00
1.087967878405866706e+01 2.072005111789002374e+00
1.087323197582818679e+01 2.070530265534253012e+00
1.086712312839956596e+01 2.069055419279503205e+00
1.086198946611296989e+01 2.067744296280265015e+00
1.086135090163026362e+01 2.067580573024753843e+00
1.085584819481540642e+01 2.066105726770004480e+00
1.085070303590111251e+01 2.064630880515255118e+00
1.084591311624374299e+01 2.063156034260505756e+00
1.084187752401411409e+01 2.061824883617553894e+00
1.084144187834139217e+01 2.061681188005755949e+00
1.083732874401681734e+01 2.060206341751006587e+00
1.083359373907381062e+01 2.058731495496257224e+00
1.083023172527667555e+01 2.057256649241507418e+00
1.082722428405260828e+01 2.055781802986758056e+00
1.082465044684798983e+01 2.054306956732008693e+00
1.082247370712179446e+01 2.052832110477259331e+00
1.082176558191526183e+01 2.052239663088531785e+00
1.082069967881956174e+01 2.051357264222509968e+00
1.081937361612298076e+01 2.049882417967760162e+00
1.081849997644474470e+01 2.048407571713010800e+00
1.081815474482068318e+01 2.046932725458261437e+00
1.081821823305865315e+01 2.045457879203512075e+00
1.081878948534129492e+01 2.043983032948762268e+00
1.081988271997519568e+01 2.042508186694012906e+00
1.082151060295095135e+01 2.041033340439263544e+00
1.082176558191526183e+01 2.040857690409628944e+00
1.082365902020867843e+01 2.039558494184514181e+00
1.082638371546670442e+01 2.038083647929764375e+00
1.082968939119291996e+01 2.036608801675015012e+00
1.083355598339110060e+01 2.035133955420265650e+00
1.083806283934382719e+01 2.033659109165516288e+00
1.084187752401411586e+01 2.032567297536083561e+00
1.084324657588263108e+01 2.032184262910766925e+00
1.084912443829250606e+01 2.030709416656017119e+00
1.085571311305413111e+01 2.029234570401267757e+00
1.086198946611296989e+01 2.027958207847935679e+00
1.086299477999020269e+01 2.027759724146518394e+00
1.087108158543805736e+01 2.026284877891769032e+00
1.087997095388675639e+01 2.024810031637019225e+00
1.088210140821182570e+01 2.024483014711869089e+00
1.088963365707912878e+01 2.023335185382269863e+00
1.090011137653178430e+01 2.021860339127520501e+00
1.090221335031067973e+01 2.021582715943011088e+00
1.091153635833983770e+01 2.020385492872771138e+00
1.092232529240953554e+01 2.019091606495564850e+00
1.092386407159257367e+01 2.018910646618021332e+00
1.093715123755485230e+01 2.017435800363271525e+00
1.094243723450838957e+01 2.016883463936173015e+00
1.095154980487221508e+01 2.015960954108522607e+00
1.096254917660724537e+01 2.014907027794246464e+00
1.096710210800578800e+01 2.014486107853773245e+00
1.098266111870609762e+01 2.013118275215684871e+00
1.098390925800070761e+01 2.013011261599023882e+00
1.100194084828143737e+01 2.011536415344274076e+00
1.100277306080495698e+01 2.011471518943021675e+00
1.102115514207381430e+01 2.010061569089524713e+00
1.102288500290380924e+01 2.009933444042740547e+00
1.104214504114301576e+01 2.008586722834775351e+00
1.104299694500266327e+01 2.008529386177684728e+00
1.106310888710151907e+01 2.007199225371907758e+00
1.106449021741876138e+01 2.007111876580025545e+00
1.108322082920037310e+01 2.005967585047115254e+00
1.108877860800691728e+01 2.005637030325276182e+00
1.110333277129922891e+01 2.004795427637521499e+00
1.111471370986798846e+01 2.004162184070526820e+00
1.112344471339808294e+01 2.003692182665532062e+00
1.114266654596539219e+01 2.002687337815777457e+00
1.114355665549693697e+01 2.002641687242116664e+00
1.116366859759579278e+01 2.001651743320893573e+00
1.117301176821643693e+01 2.001212491561028095e+00
1.118378053969464858e+01 2.000717750860935062e+00
1.120389248179350261e+01 1.999827898309029628e+00
1.120602462854193604e+01 1.999737645306278289e+00
1.122400442389235664e+01 1.998992432071080794e+00
1.124254078271164126e+01 1.998262799051528926e+00
1.124411636599121245e+01 1.998201582905768214e+00
1.126422830809006648e+01 1.997434279062893392e+00
1.128197730429142354e+01 1.996787952796779564e+00
1.128434025018892228e+01 1.996703020275459650e+00
1.130445219228777631e+01 1.996005057038367392e+00
1.132456413438663034e+01 1.995332109466562143e+00
1.132515046254191660e+01 1.995313106542029979e+00
1.134467607648548615e+01 1.994687821181381437e+00
1.136478801858434018e+01 1.994084791183151406e+00
1.137325146321980007e+01 1.993838260287280617e+00
1.138489996068319599e+01 1.993501873279588388e+00
1.140501190278205002e+01 1.992942697811411756e+00
1.142512384488090404e+01 1.992409392601934170e+00
1.142687734357757279e+01 1.992363414032531033e+00
1.144523578697976163e+01 1.991884810494629177e+00
1.146534772907861566e+01 1.991377125522771685e+00
1.148545967117746969e+01 1.990900594025391435e+00
1.148598696049458567e+01 1.990888567777781670e+00
1.150557161327632372e+01 1.990443621004232000e+00
1.152568355537517952e+01 1.990013441847306330e+00
1.154579549747403355e+01 1.989600487937883910e+00
1.155519564799540078e+01 1.989413721523031864e+00
1.156590743957289114e+01 1.989200346840601208e+00
1.158601938167174339e+01 1.988818506935274621e+00
1.160613132377059742e+01 1.988454604636032741e+00
1.162624326586945323e+01 1.988097604402606855e+00
1.163598478791491075e+01 1.987938875268282723e+00
1.164635520796830903e+01 1.987769855586828838e+00
1.166646715006716306e+01 1.987455666685006062e+00
1.168657909216601709e+01 1.987147061308624618e+00
1.170669103426487112e+01 1.986858832700600708e+00
1.172680297636372693e+01 1.986575157367011624e+00
1.173535969629858755e+01 1.986464029013533139e+00
1.174691491846258273e+01 1.986313055685956508e+00
1.176702686056143676e+01 1.986055480038340093e+00
1.178713880266029079e+01 1.985819137441735105e+00
1.180725074475914660e+01 1.985596015929383507e+00
1.182736268685800063e+01 1.985376709319570443e+00
1.184747462895685644e+01 1.985177284651181040e+00
1.186707244028902331e+01 1.984989182758783999e+00
1.186758657105571046e+01 1.984984204403424712e+00
1.188769851315456449e+01 1.984797397653001561e+00
1.190781045525342030e+01 1.984627077393198880e+00
1.192792239735227611e+01 1.984468339781761514e+00
1.194803433945113014e+01 1.984318738458165754e+00
1.196814628154998417e+01 1.984188325195266778e+00
1.198825822364883820e+01 1.984057820151976737e+00
1.200837016574769400e+01 1.983943214364470409e+00
1.202848210784654981e+01 1.983824564020939762e+00
1.204859404994540384e+01 1.983722826228904168e+00
1.206870599204425787e+01 1.983627687328447520e+00
1.208881793414311367e+01 1.983546427451944982e+00
1.209754759164132309e+01 1.983514336504034414e+00
1.210892987624196770e+01 1.983472204364309599e+00
