1.087718097632307490e+01 1.850687644929442932e+00
1.089604443094519226e+01 1.850532912939118813e+00
1.091490788556730962e+01 1.850394112711538197e+00
1.093377134018942520e+01 1.850273750240712278e+00
1.095263479481154079e+01 1.850185644409572783e+00
1.097149824943365815e+01 1.850104821649602549e+00
1.099036170405577550e+01 1.850042670137603151e+00
1.100922515867788931e+01 1.849992689303879612e+00
1.102808861330000845e+01 1.849944972961334422e+00
1.104695206792212403e+01 1.849910863443473552e+00
1.106581552254424139e+01 1.849880946470304988e+00
1.108467897716635875e+01 1.849862906967152831e+00
1.110354243178847433e+01 1.849849158850093378e+00
1.112240588641059169e+01 1.849845732294003842e+00
1.114126934103270727e+01 1.849845003413640443e+00
1.116013279565482463e+01 1.849821163224210530e+00
1.117899625027694199e+01 1.849793812703878437e+00
1.119785970489905758e+01 1.849777278945770931e+00
1.121672315952117494e+01 1.849752376141706733e+00
1.123558661414329052e+01 1.849722509999474518e+00
1.125445006876540788e+01 1.849704670866217704e+00
1.127331352338752524e+01 1.849684763087872774e+00
1.129217697800964082e+01 1.849645270899898275e+00
1.131104043263175818e+01 1.849610953290177884e+00
1.132990388725387376e+01 1.849567200441621040e+00
1.134876734187599112e+01 1.849530747803791009e+00
1.136763079649810848e+01 1.849488767733385108e+00
1.138649425112022229e+01 1.849444227349421377e+00
1.140535770574234142e+01 1.849401925406732428e+00
1.142422116036445701e+01 1.849370551058663104e+00
1.144308461498657437e+01 1.849345420306573562e+00
1.146194806960869172e+01 1.849324263404024116e+00
1.148081152423080731e+01 1.849311009024764640e+00
1.149967497885292467e+01 1.849300122344518016e+00
1.151853843347504025e+01 1.849303451895318862e+00
1.153740188809715761e+01 1.849318829387285756e+00
1.155626534271927497e+01 1.849333462530895034e+00
1.157512879734139055e+01 1.849358487138599294e+00
1.159399225196350613e+01 1.849403221229309002e+00
1.161285570658562349e+01 1.849450541464346065e+00
1.163171916120774085e+01 1.849506441502577037e+00
1.165058261582985644e+01 1.849582217126535255e+00
1.166944607045197380e+01 1.849694127120923959e+00
1.168830952507408938e+01 1.849801634386878391e+00
1.170717297969620674e+01 1.849910946929192113e+00
1.172603643431832410e+01 1.850037391419721455e+00
1.174489988894043968e+01 1.850167126079375723e+00
1.176376334356255704e+01 1.850307761434027976e+00
1.178262679818467440e+01 1.850468564441428265e+00
1.180149025280678998e+01 1.850632200328228283e+00
1.180807803957755731e+01 1.850696811409578313e+00
1.182035370742890734e+01 1.850810653090317892e+00
1.183921716205102292e+01 1.850985879292612157e+00
1.185808061667314028e+01 1.851181970962382461e+00
1.187694407129525587e+01 1.851388032408065376e+00
1.189580752591737323e+01 1.851607961167358596e+00
1.191467098053949059e+01 1.851832644173359910e+00
1.193353443516160617e+01 1.852069019431996866e+00
1.193901459815802291e+01 1.852141391064690890e+00
1.195239788978372175e+01 1.852306325494446071e+00
1.197126134440583911e+01 1.852558673018369406e+00
1.199012479902795647e+01 1.852809008772055233e+00
1.200898825365007383e+01 1.853067312631734964e+00
1.202785170827218941e+01 1.853343580530209866e+00
1.204424748692031777e+01 1.853585970719803244e+00
1.204671516289430500e+01 1.853620746472440128e+00
1.206557861751642236e+01 1.853897668945505783e+00
1.208444207213853971e+01 1.854177744470961287e+00
1.210330552676065707e+01 1.854471119808354551e+00
1.212216898138277266e+01 1.854779827386801694e+00
1.213630606976939674e+01 1.855030550374915821e+00
1.214103243600488824e+01 1.855111894806182660e+00
1.215989589062700560e+01 1.855420945875585703e+00
1.217875934524912296e+01 1.855745348002819650e+00
1.219762279987124032e+01 1.856099535312652593e+00
1.221648625449335590e+01 1.856460843442805597e+00
1.221723030064560866e+01 1.856475130030028398e+00
1.223534970911547148e+01 1.856806233322306321e+00
1.225421316373758884e+01 1.857159930997979380e+00
1.227307661835970620e+01 1.857534651055736674e+00
1.229194007298182356e+01 1.857913274460154085e+00
1.229225746067965375e+01 1.857919709685141196e+00
1.231080352760393914e+01 1.858279703946736028e+00
1.232966698222605473e+01 1.858655074854315581e+00
1.234853043684817209e+01 1.859023707601500819e+00
1.236502921670338573e+01 1.859364289340253773e+00
1.236739389147028945e+01 1.859411307593060281e+00
1.238625734609240681e+01 1.859779058143951946e+00
1.240512080071452239e+01 1.860151627973077648e+00
1.242398425533663797e+01 1.860529609233303017e+00
1.243776294581485686e+01 1.860808868995366128e+00
1.244284770995875533e+01 1.860904945991748605e+00
1.246171116458087269e+01 1.861253163855569603e+00
1.248057461920298650e+01 1.861586210915909589e+00
1.249943807382510563e+01 1.861934086434998470e+00
1.251732048610534598e+01 1.862253448650478704e+00
1.251830152844722122e+01 1.862270255671452324e+00
1.253716498306933858e+01 1.862582635268293707e+00
1.255602843769145593e+01 1.862898773886836779e+00
1.257489189231357152e+01 1.863209198197063099e+00
1.259375534693568710e+01 1.863519484914264002e+00
1.260555345354052648e+01 1.863698028305591059e+00
1.261261880155780446e+01 1.863806227348815625e+00
1.263148225617992182e+01 1.864103476700565309e+00
1.265034571080203918e+01 1.864388990867948515e+00
1.266920916542415476e+01 1.864667580764019394e+00
1.268807262004627034e+01 1.864944039860571223e+00
1.270238113768285970e+01 1.865142607960703858e+00
1.270693607466838770e+01 1.865201911860637551e+00
1.272579952929050506e+01 1.865434151408181584e+00
1.274466298391262242e+01 1.865680337742357864e+00
1.276352643853473978e+01 1.865916585513154979e+00
1.278238989315685181e+01 1.866153225176670372e+00
1.280125334777897095e+01 1.866385345346897484e+00
1.281802795961840147e+01 1.866587187615816656e+00
1.282011680240108831e+01 1.866612035014494797e+00
1.283898025702320567e+01 1.866850524962467839e+00
1.285784371164532125e+01 1.867091884940031310e+00
1.287670716626743683e+01 1.867356145573527471e+00
1.289557062088955419e+01 1.867629639863118474e+00
1.291443407551167155e+01 1.867911432852748632e+00
1.292293626812306329e+01 1.868031767270929233e+00
1.293329753013378891e+01 1.868164041470809389e+00
1.295216098475590449e+01 1.868441353769004554e+00
1.297102443937802008e+01 1.868722104912762472e+00
1.298988789400013744e+01 1.869001690799655835e+00
1.300875134862225657e+01 1.869308946429517837e+00
1.301856732574230513e+01 1.869476346926041588e+00
1.302761480324437215e+01 1.869619411723855373e+00
1.304647825786648951e+01 1.869935951545725228e+00
1.306534171248860332e+01 1.870258910976037470e+00
1.308420516711072068e+01 1.870611381828574116e+00
1.309947238548004123e+01 1.870920926581154164e+00
1.310306862173283804e+01 1.870989487443162735e+00
1.312193207635495362e+01 1.871353198924160743e+00
1.314079553097707098e+01 1.871737373212849498e+00
1.315965898559918656e+01 1.872135957902198555e+00
1.317050123945396578e+01 1.872365506236266741e+00
1.317852244022130392e+01 1.872529901074378333e+00
1.319738589484342128e+01 1.872941320271760635e+00
1.321624934946553687e+01 1.873386369360065418e+00
1.323390411227510555e+01 1.873810085891379318e+00
1.323511280408765245e+01 1.873838337359106321e+00
1.325397625870976981e+01 1.874272804575362938e+00
1.327283971333188717e+01 1.874734029322078666e+00
1.329170316795400453e+01 1.875215990930861887e+00
1.329323821543003881e+01 1.875254665546491673e+00
1.331056662257612011e+01 1.875671347434162417e+00
1.332943007719823392e+01 1.876152999456050186e+00
1.334829353182035305e+01 1.876629475640970712e+00
1.335111558438088153e+01 1.876699245201604471e+00
1.336715698644247041e+01 1.877085721846802446e+00
1.338602044106458777e+01 1.877551537139159343e+00
1.340488389568670335e+01 1.878030548856981286e+00
1.340920637722935815e+01 1.878143824856717048e+00
1.342374735030881894e+01 1.878534062384968450e+00
1.344261080493093630e+01 1.879040805789618851e+00
1.346147425955305366e+01 1.879556450977692084e+00
1.346271050608410924e+01 1.879588404511829403e+00
1.348033771417517102e+01 1.879992040289965693e+00
1.349920116879728837e+01 1.880436837382114534e+00
1.351806462341940218e+01 1.880892275672159997e+00
1.352388793080346474e+01 1.881032984166941979e+00
1.353692807804151954e+01 1.881332328206846594e+00
1.355579153266363690e+01 1.881764168206802923e+00
1.357465498728575248e+01 1.882202078845874649e+00
1.358660573693382290e+01 1.882477563822054778e+00
1.359351844190786984e+01 1.882631496672982463e+00
1.361238189652998543e+01 1.883046785664422185e+00
1.363124535115210278e+01 1.883478193025884373e+00
1.365010880577422014e+01 1.883909377007525254e+00
1.365068450977008041e+01 1.883922143477167355e+00
1.366897226039633573e+01 1.884315009597252732e+00
1.368783571501845309e+01 1.884723534348809348e+00
1.370669916964056867e+01 1.885133261832795393e+00
1.371721303307538520e+01 1.885366723132279931e+00
1.372556262426268603e+01 1.885546351641936180e+00
1.374442607888480339e+01 1.885963802685257207e+00
1.376328953350691897e+01 1.886383700679137965e+00
1.378215298812903633e+01 1.886805951528443215e+00
1.378239228022522411e+01 1.886811302787392286e+00
1.380101644275115191e+01 1.887207499827192381e+00
1.381987989737326927e+01 1.887608937556173316e+00
1.383874335199538663e+01 1.888009312526936379e+00
1.385074628977325162e+01 1.888255882442505307e+00
1.385760680661750222e+01 1.888391021636067313e+00
1.387647026123961780e+01 1.888782309859625475e+00
1.389533371586173516e+01 1.889173725753212629e+00
1.391419717048385429e+01 1.889543870864968556e+00
1.392200840289474684e+01 1.889700462097617661e+00
1.393306062510596988e+01 1.889909054862438653e+00
1.395192407972808724e+01 1.890274552787628570e+00
1.397078753435020104e+01 1.890640823247915048e+00
1.398965098897231840e+01 1.890996009005364353e+00
1.399756049566374116e+01 1.891145041752730238e+00
1.400851444359443576e+01 1.891348080766523942e+00
1.402737789821655312e+01 1.891701117993497938e+00
1.404624135283866693e+01 1.892061228215148772e+00
1.406510480746078429e+01 1.892429101055718599e+00
1.407405765571393630e+01 1.892589621407842593e+00
1.408396826208290165e+01 1.892761530593635833e+00
1.410283171670501901e+01 1.893096766365544692e+00
1.412169517132713636e+01 1.893422130842771889e+00
1.414055862594925195e+01 1.893745750616557588e+00
1.415676259966988226e+01 1.894034201062955391e+00
1.415942208057136753e+01 1.894078954514519131e+00
1.417828553519348489e+01 1.894386858482645541e+00
1.419714898981560225e+01 1.894688686608194228e+00
1.421601244443771961e+01 1.894991682213527540e+00
1.423487589905983697e+01 1.895307901725908684e+00
1.424515813993496849e+01 1.895478780718067968e+00
1.425373935368195077e+01 1.895619685154663170e+00
1.427260280830406813e+01 1.895919310259853940e+00
1.429146626292618549e+01 1.896232680041569196e+00
1.431032971754830108e+01 1.896542286014673451e+00
1.432919317217041844e+01 1.896867163915962218e+00
1.433250815131594536e+01 1.896923360373180323e+00
1.434805662679253402e+01 1.897177972684991776e+00
1.436692008141465138e+01 1.897504458001999517e+00
1.438578353603677051e+01 1.897838453944015402e+00
1.440464699065888432e+01 1.898189860106989979e+00
1.441385414867808024e+01 1.898367940028292900e+00
1.442351044528100168e+01 1.898544183598232626e+00
1.444237389990311726e+01 1.898878542924390400e+00
1.446123735452523462e+01 1.899243018763730806e+00
1.448010080914735198e+01 1.899614378997503294e+00
1.448942437792359783e+01 1.899812519683405476e+00
1.449896426376946934e+01 1.900008743885609253e+00
1.451782771839158315e+01 1.900395272691001836e+00
1.453669117301370051e+01 1.900816340307932117e+00
1.455549507400512255e+01 1.901257099338518053e+00
1.455555462763581787e+01 1.901258477429224936e+00
1.457441808225793523e+01 1.901709024682307847e+00
1.459328153688005258e+01 1.902185354023288699e+00
1.461214499150216639e+01 1.902688480216045974e+00
1.461262004916071966e+01 1.902701678993630630e+00
1.463100844612428375e+01 1.903240325512572939e+00
1.464987190074640111e+01 1.903831764947386596e+00
1.465955996847772091e+01 1.904146258648743206e+00
1.466873535536851847e+01 1.904415576543901478e+00
1.468759880999063228e+01 1.904992760604584667e+00
1.470646226461274964e+01 1.905588671617878038e+00
1.470652667441703443e+01 1.905590838303855783e+00
1.472532571923486699e+01 1.906212544418216526e+00
1.474418917385698258e+01 1.906853327447662227e+00
1.474936724683575484e+01 1.907035417958968360e+00
1.476305262847910171e+01 1.907501085543967356e+00
1.478191608310121730e+01 1.908170471229604370e+00
1.479034463426307511e+01 1.908479997614080936e+00
1.480077953772333288e+01 1.908852061474235251e+00
1.481964299234545024e+01 1.909534348255943703e+00
1.482995570758995285e+01 1.909924577269193513e+00
1.483850644696756760e+01 1.910244266372484345e+00
1.485736990158968496e+01 1.910949005124462641e+00
1.486798063266014225e+01 1.911369156924306090e+00
1.487623335621180232e+01 1.911687276985919226e+00
1.489509681083391790e+01 1.912442032490732080e+00
1.490451795268382718e+01 1.912813736579418666e+00
1.491396026545603348e+01 1.913175689786150047e+00
1.493282372007815084e+01 1.913926424662831582e+00
1.494096562287870000e+01 1.914258316234531243e+00
1.495168717470026820e+01 1.914687010339267470e+00
1.497055062932238378e+01 1.915469222075000033e+00
1.497618036434796807e+01 1.915702895889643820e+00
1.498941408394449937e+01 1.916285269080082898e+00
1.500827753856661850e+01 1.917123787698654214e+00
1.500880276586112139e+01 1.917147475544756396e+00
1.502714099318873409e+01 1.917897841342930398e+00
1.504351078959062349e+01 1.918592055199868973e+00
1.504600444781084967e+01 1.918698454086778638e+00
1.506486790243296703e+01 1.919509795219274784e+00
1.507733365727424513e+01 1.920036634854981550e+00
1.508373135705508261e+01 1.920295028890460109e+00
1.510259481167719997e+01 1.921066310329297755e+00
1.511250300540561398e+01 1.921481214510094127e+00
1.512145826629931733e+01 1.921848007696452587e+00
1.514032172092143114e+01 1.922616088651631916e+00
1.514765875867261968e+01 1.922925794165206703e+00
1.515918517554354850e+01 1.923410723752994489e+00
1.517804863016566586e+01 1.924220872561064777e+00
1.518143173454847350e+01 1.924370373820319280e+00
1.519691208478778321e+01 1.925049087365732881e+00
1.521445800674636750e+01 1.925814953475431857e+00
1.521577553940990057e+01 1.925870439092373987e+00
1.523463899403201616e+01 1.926666686165665610e+00
1.524845550263724370e+01 1.927259533130544433e+00
1.525350244865413174e+01 1.927480811713101927e+00
1.527236590327624910e+01 1.928322303379469194e+00
1.528080841412908164e+01 1.928704112785657010e+00
1.529122935789836646e+01 1.929180880003779297e+00
1.531009281252048204e+01 1.930075946327205916e+00
1.531159787473027123e+01 1.930148692440769587e+00
1.532895626714259762e+01 1.930882113664240229e+00
1.534563034854808983e+01 1.931593272095882163e+00
1.534781972176471498e+01 1.931690418920744445e+00
1.536668317638683234e+01 1.932549372984865066e+00
1.537702742708155412e+01 1.933037851750994740e+00
1.538554663100894970e+01 1.933426129656850012e+00
1.540441008563106706e+01 1.934307530899722405e+00
1.540802095575484465e+01 1.934482431406107317e+00
1.542327354025318265e+01 1.935202759183928478e+00
1.543834726923125800e+01 1.935927011061219893e+00
1.544213699487529823e+01 1.936111618988604732e+00
1.546100044949741559e+01 1.937056159506712394e+00
1.546708516513783849e+01 1.937371590716332470e+00
1.547986390411953295e+01 1.938041586492612378e+00
1.549410046234407723e+01 1.938816170371445047e+00
1.549872735874165031e+01 1.939053838093722781e+00
1.551759081336376411e+01 1.940058517922958359e+00
1.552124227054138750e+01 1.940260750026557623e+00
1.553645426798588147e+01 1.941114200613399454e+00
1.554658977367787642e+01 1.941705329681670200e+00
1.555531772260799883e+01 1.942209595249741572e+00
1.557065145926576477e+01 1.943149909336782777e+00
1.557418117723011619e+01 1.943361312516939332e+00
1.559304463185223177e+01 1.944520331110812128e+00
1.559420396771236916e+01 1.944594488991895354e+00
1.561190808647434736e+01 1.945754248181162716e+00
1.561606447742428294e+01 1.946039068647007930e+00
1.563077154109646472e+01 1.947084713707391002e+00
1.563617007280035587e+01 1.947483648302120507e+00
1.564963499571858208e+01 1.948480155935668146e+00
1.565547590707038417e+01 1.948928227957233084e+00
1.566849845034069943e+01 1.949918970108262872e+00
1.567418178189406319e+01 1.950372807612345660e+00
1.568736190496281502e+01 1.951477002319381482e+00
1.569126871872781237e+01 1.951817387267458237e+00
1.570622535958493238e+01 1.953084370462255803e+00
1.570822995030305691e+01 1.953261966922570814e+00
1.572388740742843005e+01 1.954706546577683390e+00
1.572508881420704796e+01 1.954817623721529785e+00
1.573926704345665684e+01 1.956151126232795967e+00
1.574395226882916532e+01 1.956591877643185651e+00
1.575422688667719129e+01 1.957595705887908544e+00
1.576281572345128268e+01 1.958470613707880226e+00
1.576824654863908748e+01 1.959040285543021120e+00
1.578167917807339826e+01 1.960463845704424779e+00
1.578187176306193074e+01 1.960484865198133697e+00
1.579455363275397772e+01 1.961929444853246274e+00
1.580054263269551384e+01 1.962635474389086587e+00
1.580658833836131194e+01 1.963374024508358850e+00
1.581753440009021006e+01 1.964818604163471427e+00
1.581940608731763120e+01 1.965047615463358266e+00
1.582923878386560901e+01 1.966263183818584004e+00
1.583826954193974856e+01 1.967409754710350178e+00
1.584058695721040522e+01 1.967707763473696581e+00
1.585167558484307904e+01 1.969152343128809157e+00
1.585713299656186415e+01 1.969897547566690221e+00
1.586217353440491529e+01 1.970596922783921734e+00
1.587204250107320647e+01 1.972041502439034311e+00
1.587599645118398151e+01 1.972672624830723365e+00
1.588108141775811610e+01 1.973486082094146887e+00
1.589029662906709817e+01 1.974930661749259464e+00
1.589485990580610064e+01 1.975637971989092190e+00
1.589960429972269651e+01 1.976375241404372041e+00
1.590834400819312222e+01 1.977819821059484617e+00
1.591372336042821267e+01 1.978721854154219528e+00
1.591698245547452117e+01 1.979264400714597194e+00
1.592537750554481768e+01 1.980708980369709771e+00
1.593258681505033181e+01 1.981961276787406856e+00
1.593370379007033577e+01 1.982153560024822347e+00
1.594182914999406009e+01 1.983598139679934924e+00
1.594955839767862571e+01 1.985042719335047501e+00
1.595145026967244739e+01 1.985403984666992638e+00
1.595721187738711855e+01 1.986487298990160077e+00
1.596435625666545022e+01 1.987931878645272654e+00
1.597031372429456653e+01 1.989150542227474894e+00
1.597144214919111072e+01 1.989376458300385009e+00
1.597862193947114484e+01 1.990821037955497808e+00
1.598503088800010019e+01 1.992265617610610384e+00
1.598917717891668211e+01 1.993218579792859657e+00
1.599138520695915666e+01 1.993710197265722961e+00
1.599760378325513699e+01 1.995154776920835316e+00
1.600350646257733089e+01 1.996599356575947892e+00
1.600804063353879769e+01 1.997712862546198842e+00
1.600943631618464735e+01 1.998043936231060469e+00
1.601567345514068919e+01 1.999488515886173046e+00
1.602141196923557231e+01 2.000933095541285844e+00
1.602668704196248228e+01 2.002377675196398421e+00
1.602690408816091505e+01 2.002435779547759864e+00
1.603232535271670045e+01 2.003822254851510998e+00
1.603730895913988164e+01 2.005266834506623574e+00
1.604236984801434573e+01 2.006711414161736151e+00
1.604576754278303241e+01 2.007758013613322401e+00
1.604712431893684865e+01 2.008155993816848728e+00
1.605213843841405463e+01 2.009600573471961305e+00
1.605663785484552264e+01 2.011045153127073881e+00
1.606098130614292785e+01 2.012489732782186458e+00
1.606463099740514622e+01 2.013732941942104837e+00
1.606526078619289422e+01 2.013934312437299035e+00
1.606970311205389024e+01 2.015378892092411611e+00
1.607394200748306190e+01 2.016823471747524188e+00
1.607791142002932716e+01 2.018268051402636765e+00
1.608180515784063758e+01 2.019712631057749341e+00
1.608349445202726358e+01 2.020402373563790377e+00
1.608548494799451944e+01 2.021157210712861918e+00
1.608918848019054693e+01 2.022601790367974495e+00
1.609278989996066045e+01 2.024046370023087071e+00
1.609609059687744193e+01 2.025490949678199648e+00
1.609911208000182370e+01 2.026935529333312225e+00
1.610211680140456991e+01 2.028380108988424801e+00
1.610235790664938094e+01 2.028494885853635132e+00
1.610539071593156990e+01 2.029824688643537378e+00
1.610847272202306613e+01 2.031269268298649955e+00
1.611137368235481659e+01 2.032713847953762532e+00
1.611420617755611318e+01 2.034158427608875108e+00
1.611688505618015199e+01 2.035603007263987241e+00
1.611960959862850373e+01 2.037047586919099817e+00
1.612122136127149830e+01 2.037976394730978580e+00
1.612219431764849276e+01 2.038492166574212394e+00
1.612489538839253811e+01 2.039936746229324971e+00
1.612739641109303079e+01 2.041381325884437548e+00
1.612979291578879781e+01 2.042825905539550124e+00
1.613222422181779692e+01 2.044270485194662701e+00
1.613453600521930653e+01 2.045715064849775278e+00
1.613662718594680001e+01 2.047159644504887854e+00
1.613879471583096858e+01 2.048604224160000431e+00
1.614008481589361566e+01 2.049569416111009623e+00
1.614079300255595584e+01 2.050048803815113008e+00
1.614311363443236047e+01 2.051493383470225584e+00
1.614540283717621350e+01 2.052937963125338161e+00
1.614742838684965420e+01 2.054382542780450738e+00
1.614952129431700811e+01 2.055827122435563314e+00
1.615140429791549792e+01 2.057271702090675891e+00
1.615331152288495531e+01 2.058716281745788468e+00
1.615520464699313763e+01 2.060160861400901045e+00
1.615711603135500596e+01 2.061605441056013621e+00
1.615886982490282620e+01 2.063050020711126198e+00
1.615894827051572946e+01 2.063108885944225257e+00
1.616100624496358407e+01 2.064494600366238775e+00
1.616304294002306818e+01 2.065939180021351351e+00
1.616491542190951591e+01 2.067383759676463928e+00
1.616683061255696074e+01 2.068828339331576505e+00
1.616865657376406418e+01 2.070272918986689081e+00
1.617028708518647306e+01 2.071717498641801658e+00
1.617195547097403008e+01 2.073162078296914235e+00
1.617357995834469619e+01 2.074606657952026811e+00
1.617505431862317522e+01 2.076051237607139388e+00
1.617649589099255181e+01 2.077495817262251965e+00
1.617781172513784682e+01 2.078747631823997466e+00
1.617804008218147871e+01 2.078940396917364541e+00
1.617966693848033799e+01 2.080384976572477118e+00
1.618103587193136050e+01 2.081829556227589695e+00
1.618253749882222792e+01 2.083274135882702272e+00
1.618384827185989749e+01 2.084718715537814848e+00
1.618506676764554797e+01 2.086163295192927425e+00
1.618634613215584750e+01 2.087607874848040002e+00
1.618746127679802527e+01 2.089052454503152578e+00
1.618852225658823230e+01 2.090497034158265155e+00
1.618949587712370430e+01 2.091941613813377732e+00
1.619041964762200081e+01 2.093386193468490308e+00
1.619133100630975974e+01 2.094830773123602885e+00
1.619212191767656961e+01 2.096275352778715462e+00
1.619280393007184315e+01 2.097719932433828038e+00
1.619342613213080995e+01 2.099164512088940615e+00
1.619389654798514044e+01 2.100609091744053192e+00
1.619443199919970056e+01 2.102053671399165768e+00
1.619496485241184658e+01 2.103498251054278345e+00
1.619535075762337684e+01 2.104942830709390922e+00
1.619569686441059986e+01 2.106387410364503499e+00
1.619588053876896083e+01 2.107831990019616075e+00
1.619600477391161064e+01 2.109276569674728652e+00
1.619610081902195020e+01 2.110721149329841229e+00
1.619611251313498101e+01 2.112165728984953805e+00
1.619587834883169819e+01 2.113610308640066382e+00
1.619566797637299871e+01 2.115054888295178959e+00
1.619536224846291361e+01 2.116499467950291535e+00
1.619509733583996436e+01 2.117944047605404112e+00
1.619480330140386570e+01 2.119388627260516689e+00
1.619433330956676187e+01 2.120833206915629265e+00
1.619373681727784486e+01 2.122277786570741842e+00
1.619310116950834555e+01 2.123722366225854419e+00
1.619246160393160849e+01 2.125166945880966995e+00
1.619165831898521901e+01 2.126611525536079572e+00
1.619090413149247354e+01 2.128056105191192149e+00
1.618991247386173882e+01 2.129500684846304726e+00
1.618868702728505582e+01 2.130945264501417302e+00
1.618759828975848336e+01 2.132389844156529879e+00
1.618637169420236077e+01 2.133834423811642456e+00
1.618494259813866876e+01 2.135279003466755032e+00
1.618353085167536776e+01 2.136723583121867609e+00
1.618206601091555186e+01 2.138168162776980186e+00
1.618046366318154128e+01 2.139612742432092762e+00
1.617869123781404994e+01 2.141057322087205783e+00
1.617781172513784682e+01 2.141765103160384598e+00
1.617698607167966784e+01 2.142501901742317916e+00
1.617520514479982197e+01 2.143946481397430492e+00
1.617320463862155577e+01 2.145391061052543069e+00
1.617110032210821657e+01 2.146835640707655646e+00
1.616892150166382081e+01 2.148280220362768222e+00
1.616657557832709813e+01 2.149724800017880799e+00
1.616414617337276738e+01 2.151169379672993376e+00
1.616170749820109265e+01 2.152613959328105953e+00
1.615910462390667135e+01 2.154058538983218973e+00
1.615894827051572946e+01 2.154137607571576130e+00
1.615648192083684620e+01 2.155503118638331106e+00
1.615385815314452955e+01 2.156947698293443683e+00
1.615117379863325908e+01 2.158392277948556259e+00
1.614816733271910465e+01 2.159836857603668836e+00
1.614503837368228645e+01 2.161281437258781413e+00
1.614179874679576443e+01 2.162726016913893989e+00
1.614008481589361566e+01 2.163472962690134338e+00
1.613861258323036907e+01 2.164170596569006566e+00
1.613536367438515384e+01 2.165615176224119143e+00
1.613195619589216534e+01 2.167059755879231719e+00
1.612850441893082376e+01 2.168504335534343852e+00
1.612489184303500522e+01 2.169948915189456873e+00
1.612122136127149830e+01 2.171338773451174653e+00
1.612108673796625169e+01 2.171393494844569449e+00
1.611756072857788524e+01 2.172838074499682026e+00
1.611392904881969912e+01 2.174282654154794603e+00
1.610996200412423462e+01 2.175727233809907180e+00
1.610597673894899984e+01 2.177171813465019756e+00
1.610235790664938094e+01 2.178407512663651957e+00
1.610178213503538203e+01 2.178616393120132333e+00
1.609774655898833373e+01 2.180060972775244466e+00
1.609347419749539299e+01 2.181505552430357042e+00
1.608901121094882214e+01 2.182950132085469619e+00
1.608435130708049243e+01 2.184394711740582196e+00
1.608349445202726358e+01 2.184659340085058243e+00
1.607990124694948264e+01 2.185839291395694772e+00
1.607535089507290138e+01 2.187283871050807349e+00
1.607049186336537261e+01 2.188728450705919926e+00
1.606551809166151656e+01 2.190173030361032502e+00
1.606463099740514622e+01 2.190423538101143208e+00
1.606061932068261200e+01 2.191617610016145079e+00
1.605547770204304214e+01 2.193062189671257656e+00
1.605012371671624294e+01 2.194506769326370232e+00
1.604576754278303241e+01 2.195610236774518942e+00
1.604446769932283701e+01 2.195951348981482809e+00
1.603889690385503997e+01 2.197395928636595386e+00
1.603315404480506601e+01 2.198840508291707962e+00
1.602719157075576106e+01 2.200285087946820539e+00
1.602690408816091505e+01 2.200349685443053538e+00
1.602097673935331201e+01 2.201729667601933116e+00
1.601530636008682151e+01 2.203174247257045693e+00
1.600853828093461217e+01 2.204618826912158269e+00
1.600804063353879769e+01 2.204724982298371216e+00
1.600188912131321217e+01 2.206063406567270846e+00
1.599483539589395420e+01 2.207507986222383423e+00
1.598917717891668211e+01 2.208629095684171872e+00
1.598756456285971517e+01 2.208952565877495999e+00
1.598002216211852122e+01 2.210397145532608576e+00
1.597217043956710825e+01 2.211841725187721153e+00
1.597031372429456297e+01 2.212181344446563003e+00
1.596435993663994779e+01 2.213286304842833729e+00
1.595610133785663365e+01 2.214730884497946306e+00
1.595145026967244561e+01 2.215497874303436809e+00
1.594731905053201260e+01 2.216175464153058883e+00
1.593849134723998162e+01 2.217620043808171459e+00
1.593258681505033181e+01 2.218489711840013090e+00
1.592865464446411394e+01 2.219064623463284036e+00
1.591857400157538649e+01 2.220509203118396613e+00
1.591372336042821445e+01 2.221247312904243820e+00
1.590900278315454486e+01 2.221953782773509189e+00
1.589772591149392689e+01 2.223398362428621766e+00
1.589485990580609709e+01 2.223765467749295510e+00
1.588627136430946152e+01 2.224842942083734343e+00
1.587599645118398151e+01 2.226051751428705039e+00
1.587391238121336734e+01 2.226287521738846920e+00
1.586174256205326394e+01 2.227732101393959496e+00
1.585713299656186237e+01 2.228244077927493905e+00
1.584850859087135433e+01 2.229176681049072073e+00
1.583826954193974856e+01 2.230203419306661772e+00
1.583389608892707656e+01 2.230621260704184650e+00
1.581940608731763120e+01 2.232023018752332000e+00
1.581894260254403761e+01 2.232065840359297226e+00
1.580225360351239239e+01 2.233510420014409803e+00
1.580054263269551384e+01 2.233660783001435224e+00
1.578507920717365565e+01 2.234954999669522380e+00
1.578167917807339826e+01 2.235230639303526168e+00
1.576635376179704373e+01 2.236399579324634956e+00
1.576281572345128268e+01 2.236674255669813149e+00
1.574707116835189957e+01 2.237844158979747533e+00
1.574395226882916532e+01 2.238078368355151948e+00
1.572682779932041264e+01 2.239288738634860110e+00
1.572508881420704796e+01 2.239410213797891291e+00
1.570622535958493060e+01 2.240649223532423129e+00
1.570486724829789082e+01 2.240733318289972686e+00
1.568736190496281679e+01 2.241806150973012279e+00
1.568090499074101629e+01 2.242177897945085263e+00
1.566849845034069943e+01 2.242898029956658768e+00
1.565539952744842722e+01 2.243622477600197840e+00
1.564963499571858208e+01 2.243948181455118096e+00
1.563077154109646472e+01 2.244953221319874181e+00
1.562855049498628901e+01 2.245067057255310417e+00
1.561190808647434913e+01 2.246071476682624635e+00
1.560406235472690639e+01 2.246511636910422993e+00
1.559304463185223000e+01 2.247069998267408497e+00
1.557494522614783605e+01 2.247956216565535570e+00
1.557418117723011619e+01 2.247995612754559502e+00
1.555531772260799883e+01 2.248926408574297042e+00
1.554533742237473604e+01 2.249400796220648147e+00
1.553645426798588147e+01 2.249822781759671209e+00
1.551759081336376589e+01 2.250681939077769034e+00
1.551388931561759676e+01 2.250845375875760723e+00
1.549872735874165031e+01 2.251544211865275091e+00
1.548226196027568946e+01 2.252289955530873300e+00
1.547986390411953295e+01 2.252399926028497035e+00
1.546100044949741559e+01 2.253222939415691517e+00
1.544886555633082104e+01 2.253734535185985877e+00
1.544213699487529823e+01 2.254022582977803779e+00
1.542327354025318442e+01 2.254822948622128287e+00
1.541460491975857572e+01 2.255179114841098453e+00
1.540441008563106706e+01 2.255618825132787997e+00
1.538554663100894970e+01 2.256415750561028499e+00
1.538057582550921687e+01 2.256623694496211030e+00
1.536668317638683234e+01 2.257236036880520214e+00
1.534781972176471498e+01 2.258047827005028818e+00
1.534733552203960905e+01 2.258068274151323607e+00
1.532895626714259940e+01 2.258863734147190883e+00
1.531327181873709087e+01 2.259512853806436183e+00
1.531009281252048204e+01 2.259658882160795468e+00
1.529122935789836646e+01 2.260520809813674425e+00
1.528145453320130898e+01 2.260957433461548760e+00
1.527236590327624910e+01 2.261321296069462861e+00
1.525350244865413174e+01 2.262054417776120818e+00
1.524435078703306523e+01 2.262402013116661337e+00
1.523463899403201793e+01 2.262801841701560068e+00
1.521577553940990057e+01 2.263582864666569883e+00
1.520943218265441921e+01 2.263846592771773913e+00
1.519691208478778321e+01 2.264372385673771859e+00
1.517804863016566586e+01 2.265131108957737283e+00
1.517396012473225930e+01 2.265291172426886490e+00
1.515918517554354850e+01 2.265888032494269400e+00
1.514032172092143291e+01 2.266610685167898431e+00
1.513698645826149480e+01 2.266735752081999067e+00
1.512145826629931733e+01 2.267300706133296373e+00
1.510259481167719997e+01 2.267938005563434167e+00
1.509561814649985223e+01 2.268180331737111644e+00
1.508373135705508261e+01 2.268610988638494419e+00
1.506486790243296703e+01 2.269261439736428354e+00
1.505415346090829587e+01 2.269624911392224220e+00
1.504600444781085145e+01 2.269934976202291566e+00
1.502714099318873409e+01 2.270621302937357200e+00
1.501539263075900621e+01 2.271069491047336797e+00
1.500827753856661673e+01 2.271317027296039015e+00
1.498941408394449937e+01 2.271948816549310912e+00
1.497275719652710180e+01 2.272514070702449374e+00
1.497055062932238201e+01 2.272593089850806436e+00
1.495168717470026643e+01 2.273236044024348423e+00
1.493282372007815084e+01 2.273866033575073775e+00
1.493001265305395187e+01 2.273958650357561950e+00
1.491396026545603348e+01 2.274505261707588044e+00
1.489509681083391612e+01 2.275103070292016305e+00
1.488602244541072039e+01 2.275403230012674527e+00
1.487623335621180054e+01 2.275729475657624512e+00
1.485736990158968496e+01 2.276332456315398378e+00
1.484000931647151766e+01 2.276847809667787104e+00
1.483850644696756937e+01 2.276892453520813486e+00
1.481964299234545024e+01 2.277446210820751382e+00
1.480077953772333288e+01 2.277998672220494125e+00
1.479000135731869925e+01 2.278292389322899680e+00
1.478191608310121730e+01 2.278528101911877712e+00
1.476305262847910171e+01 2.279071960883765513e+00
1.474418917385698435e+01 2.279582708710174987e+00
1.473815264363677713e+01 2.279736968978012257e+00
1.472532571923486699e+01 2.280093395712738946e+00
1.470646226461274964e+01 2.280603294414534687e+00
1.468759880999063405e+01 2.281103385540183215e+00
1.468432544486372571e+01 2.281181548633124834e+00
1.466873535536851847e+01 2.281529310759030871e+00
1.464987190074640111e+01 2.281923552821522705e+00
1.463100844612428375e+01 2.282283952013353101e+00
1.461214499150216639e+01 2.282616441151008591e+00
1.461158068615247174e+01 2.282626128288237410e+00
1.459328153688005081e+01 2.282952524923371307e+00
1.457441808225793523e+01 2.283246865972568873e+00
1.455555462763581787e+01 2.283529812065930198e+00
1.453669117301370051e+01 2.283789077747553353e+00
1.451782771839158315e+01 2.284023659918203997e+00
1.451375557005333583e+01 2.284070707943349987e+00
1.449896426376946756e+01 2.284246006658558148e+00
1.448010080914735198e+01 2.284438773140917256e+00
1.446123735452523462e+01 2.284614452891788883e+00
1.444237389990311726e+01 2.284773271218564439e+00
1.442351044528100346e+01 2.284907658716951673e+00
1.440464699065888432e+01 2.285074590060599320e+00
1.438578353603676874e+01 2.285216616901339926e+00
1.436692008141465138e+01 2.285356373891626713e+00
1.434805662679253402e+01 2.285481385273850474e+00
1.434354852554959159e+01 2.285515287598462564e+00
1.432919317217041844e+01 2.285625810117029477e+00
1.431032971754830285e+01 2.285769442572314070e+00
1.429146626292618549e+01 2.285911241836299901e+00
1.427260280830406813e+01 2.286053366661633390e+00
1.425373935368195077e+01 2.286216544406107332e+00
1.423487589905983519e+01 2.286385453273268809e+00
1.421601244443771961e+01 2.286555407151890762e+00
1.419714898981560225e+01 2.286727613275540971e+00
1.417828553519348489e+01 2.286917033029513657e+00
1.417389702257726825e+01 2.286959867253575140e+00
1.415942208057136753e+01 2.287111893595314971e+00
1.414055862594925195e+01 2.287329935075153919e+00
1.412169517132713636e+01 2.287583092723598277e+00
1.410283171670501901e+01 2.287835924390361431e+00
1.408396826208290165e+01 2.288111055690325912e+00
1.406510480746078429e+01 2.288378203903954855e+00
1.406348646690048909e+01 2.288404446908687717e+00
1.404624135283867048e+01 2.288685717235691808e+00
1.402737789821655312e+01 2.288980865029139000e+00
1.400851444359443576e+01 2.289304852101818444e+00
1.398965098897231840e+01 2.289638121712430419e+00
1.397846790281025520e+01 2.289849026563800294e+00
1.397078753435020104e+01 2.290004549827366009e+00
1.395192407972808546e+01 2.290405372090904113e+00
1.393306062510596988e+01 2.290792342902295609e+00
1.391419717048385252e+01 2.291186073273870250e+00
1.390930457330194514e+01 2.291293606218912871e+00
1.389533371586173516e+01 2.291622282410040068e+00
1.387647026123961780e+01 2.292075470754224575e+00
1.385760680661750222e+01 2.292534871168705912e+00
1.384941065558115447e+01 2.292738185874025447e+00
1.383874335199538663e+01 2.293030786818361033e+00
1.381987989737326927e+01 2.293542987958566037e+00
1.380101644275115191e+01 2.294041453217698923e+00
1.379557782895566476e+01 2.294182765529138024e+00
1.378215298812903455e+01 2.294521445502031298e+00
1.376328953350691897e+01 2.294999476113414705e+00
1.374442607888480339e+01 2.295436045703501904e+00
1.373598923646989078e+01 2.295627345184250601e+00
1.372556262426268603e+01 2.295868999969261193e+00
1.370669916964056867e+01 2.296269529767469564e+00
1.368783571501845309e+01 2.296666926386661256e+00
1.366897226039633573e+01 2.297047348861297689e+00
1.366762570062957494e+01 2.297071924839363177e+00
1.365010880577421837e+01 2.297426717647296446e+00
1.363124535115210278e+01 2.297769679398485643e+00
1.361238189652998543e+01 2.298080709324821225e+00
1.359351844190786984e+01 2.298361083176371888e+00
1.358226264441121245e+01 2.298516504494475754e+00
1.357465498728575426e+01 2.298632306821449589e+00
1.355579153266363690e+01 2.298840849444311996e+00
1.353692807804151954e+01 2.299042888652026217e+00
1.351806462341940218e+01 2.299204751248279166e+00
1.349920116879728660e+01 2.299334356822290815e+00
1.348033771417517102e+01 2.299414432401610142e+00
1.346147425955305366e+01 2.299478751362124207e+00
1.344261080493093630e+01 2.299497925268978449e+00
1.342374735030881894e+01 2.299478866580105141e+00
1.340488389568670513e+01 2.299433430222752595e+00
1.338602044106458777e+01 2.299365794438365640e+00
1.336715698644247041e+01 2.299260761947968135e+00
1.334829353182035305e+01 2.299130807647687291e+00
1.332943007719823569e+01 2.298996435595375143e+00
1.331056662257611833e+01 2.298850612970382734e+00
1.329170316795400453e+01 2.298699839486312957e+00
1.327283971333188717e+01 2.298546485891836522e+00
1.326896221599272607e+01 2.298516504494475754e+00
1.325397625870976981e+01 2.298419938829766807e+00
1.323511280408765245e+01 2.298292702353022410e+00
1.321624934946553864e+01 2.298154667748892876e+00
1.319738589484342128e+01 2.298034642265942118e+00
1.317852244022130392e+01 2.297922590224739547e+00
1.315965898559918656e+01 2.297824369717820225e+00
1.314079553097707098e+01 2.297743697411688046e+00
1.312193207635495540e+01 2.297683320259991557e+00
1.310306862173283804e+01 2.297629808310673205e+00
1.308420516711072068e+01 2.297581228441799350e+00
1.306534171248860332e+01 2.297560798466097953e+00
1.304647825786648774e+01 2.297556530366829275e+00
1.302761480324437215e+01 2.297569014411549482e+00
1.300875134862225480e+01 2.297598199598703594e+00
1.298988789400013744e+01 2.297637403109009657e+00
1.297102443937802008e+01 2.297685775625976312e+00
1.295216098475590449e+01 2.297742425115020026e+00
1.293329753013378891e+01 2.297816154076862460e+00
1.291443407551167155e+01 2.297886400130622064e+00
1.289557062088955419e+01 2.297948150207652862e+00
1.287670716626743683e+01 2.298019177424261983e+00
1.285784371164532125e+01 2.298082392228740112e+00
1.283898025702320567e+01 2.298136719246944182e+00
1.282011680240108831e+01 2.298188937253389685e+00
1.280125334777897095e+01 2.298224776026584149e+00
1.278238989315685359e+01 2.298245377346609164e+00
1.276352643853473623e+01 2.298244203389135265e+00
1.274466298391262242e+01 2.298215950126710094e+00
1.272579952929050506e+01 2.298169257899298046e+00
1.270693607466838770e+01 2.298089721496785476e+00
1.268807262004627034e+01 2.297974820754117964e+00
1.266920916542415476e+01 2.297831598418033749e+00
1.265034571080203918e+01 2.297655524006016137e+00
1.263148225617992182e+01 2.297449559854049639e+00
1.261261880155780446e+01 2.297191969316958904e+00
1.260472854275518451e+01 2.297071924839363177e+00
1.259375534693568710e+01 2.296916188689475558e+00
1.257489189231357329e+01 2.296616591335276070e+00
1.255602843769145593e+01 2.296278767790957076e+00
1.253716498306933858e+01 2.295891419727046134e+00
1.252519004067066888e+01 2.295627345184250601e+00
1.251830152844722122e+01 2.295484716637159472e+00
1.249943807382510563e+01 2.295057974120203070e+00
1.248057461920298650e+01 2.294593341415225751e+00
1.246512860431376879e+01 2.294182765529138024e+00
1.246171116458087269e+01 2.294094598849230060e+00
1.244284770995875533e+01 2.293568663412421937e+00
1.242398425533663797e+01 2.293005302655035216e+00
1.241547117019930724e+01 2.292738185874025447e+00
1.240512080071452239e+01 2.292428977750241348e+00
1.238625734609240681e+01 2.291820071020224336e+00
1.237103714845305902e+01 2.291293606218912871e+00
1.236739389147028945e+01 2.291173852153937318e+00
1.234853043684817209e+01 2.290533995777637166e+00
1.232966698222605473e+01 2.289849890492303253e+00
1.232964387044738608e+01 2.289849026563800294e+00
1.231080352760393914e+01 2.289151848708547377e+00
1.229194007298182356e+01 2.288407271369629736e+00
1.229187053687045683e+01 2.288404446908687717e+00
1.227307661835970620e+01 2.287662519208124134e+00
1.225630815884664671e+01 2.286959867253575140e+00
1.225421316373758884e+01 2.286875420694463035e+00
1.223534970911547148e+01 2.286087631046615165e+00
1.222214955215078547e+01 2.285515287598462564e+00
1.221648625449335590e+01 2.285280338681862755e+00
1.219762279987124032e+01 2.284471803224193742e+00
1.218860894289635510e+01 2.284070707943349987e+00
1.217875934524912296e+01 2.283646465826807415e+00
1.215989589062700560e+01 2.282785806082117119e+00
1.215648353801882742e+01 2.282626128288237410e+00
1.214103243600488824e+01 2.281946134311207075e+00
1.212461702512021411e+01 2.281181548633124834e+00
1.212216898138277266e+01 2.281066451322429245e+00
1.210330552676065707e+01 2.280168776354187798e+00
1.209457658440761207e+01 2.279736968978012257e+00
1.208444207213853971e+01 2.279247546766218768e+00
1.206558041714031226e+01 2.278292389322899680e+00
1.206557861751642236e+01 2.278292299871425897e+00
1.204671516289430500e+01 2.277325169362141466e+00
1.203770194884704736e+01 2.276847809667787104e+00
1.202785170827218941e+01 2.276349781492238211e+00
1.200996650226166906e+01 2.275403230012674527e+00
1.200898825365007383e+01 2.275352014116625021e+00
1.199012479902795647e+01 2.274338415679192593e+00
1.198336513937402259e+01 2.273958650357561950e+00
1.197126134440583911e+01 2.273306103977360770e+00
1.195722273430854798e+01 2.272514070702449374e+00
1.195239788978372175e+01 2.272244028879959021e+00
1.193353443516160795e+01 2.271151293492859935e+00
1.193216264325630682e+01 2.271069491047336797e+00
1.191467098053949236e+01 2.270046584720391003e+00
1.190770996086125244e+01 2.269624911392224220e+00
1.189580752591737323e+01 2.268894582131056659e+00
1.188456990931629242e+01 2.268180331737111644e+00
1.187694407129525587e+01 2.267705146899502644e+00
1.186206212534813176e+01 2.266735752081999067e+00
1.185808061667314206e+01 2.266486233249963789e+00
1.183946816343581077e+01 2.265291172426886490e+00
1.183921716205102292e+01 2.265275117668259064e+00
1.182035370742890734e+01 2.264024719853220180e+00
1.181773284093150345e+01 2.263846592771773913e+00
1.180149025280678998e+01 2.262751882220438659e+00
1.179648913167712365e+01 2.262402013116661337e+00
1.178262679818467262e+01 2.261430590801758456e+00
1.177602288551362264e+01 2.260957433461548760e+00
1.176376334356255704e+01 2.260083559942278164e+00
1.175605467392869841e+01 2.259512853806436183e+00
1.174489988894043968e+01 2.258697483932251338e+00
1.173649727316982627e+01 2.258068274151323607e+00
1.172603643431832410e+01 2.257278279876138605e+00
1.171753897093698171e+01 2.256623694496211030e+00
1.170717297969620674e+01 2.255822525591220096e+00
1.169903205575542060e+01 2.255179114841098453e+00
1.168830952507408938e+01 2.254318426461971558e+00
1.168119031330762603e+01 2.253734535185985877e+00
1.166944607045197380e+01 2.252744656682443836e+00
1.166409627661080606e+01 2.252289955530873300e+00
1.165058261582985644e+01 2.251162296086826053e+00
1.164686079915675521e+01 2.250845375875760723e+00
1.163171916120774085e+01 2.249525825146605928e+00
1.163030698119763251e+01 2.249400796220647702e+00
1.161428658332035191e+01 2.247956216565535570e+00
1.161285570658562349e+01 2.247821498925537842e+00
1.159893250357985828e+01 2.246511636910422993e+00
1.159399225196350613e+01 2.246071170876948742e+00
1.158282268786352454e+01 2.245067057255310417e+00
1.157512879734139055e+01 2.244356138979444637e+00
1.156721959062057081e+01 2.243622477600197840e+00
1.155626534271927497e+01 2.242597779840304284e+00
1.155181103715093371e+01 2.242177897945085263e+00
1.153740188809715761e+01 2.240793606109122926e+00
1.153676913811944083e+01 2.240733318289972686e+00
1.152211856925534583e+01 2.239288738634860110e+00
1.151853843347504025e+01 2.238941956705390091e+00
1.150719560029356003e+01 2.237844158979747533e+00
1.149967497885292467e+01 2.237098172749366398e+00
1.149262285329383815e+01 2.236399579324634956e+00
1.148081152423080731e+01 2.235134571372480394e+00
1.147911049374442882e+01 2.234954999669522380e+00
1.146506487404536934e+01 2.233510420014409803e+00
1.146194806960869172e+01 2.233193162389465858e+00
1.145081799993588056e+01 2.232065840359297226e+00
1.144308461498657437e+01 2.231254297167578393e+00
1.143697843173558226e+01 2.230621260704184650e+00
1.142422116036445878e+01 2.229266431502821000e+00
1.142336529811312928e+01 2.229176681049072073e+00
1.140954970326173878e+01 2.227732101393959496e+00
1.140535770574234142e+01 2.227271189634325133e+00
1.139627035601611205e+01 2.226287521738846920e+00
1.138649425112022406e+01 2.225198504730463434e+00
1.138323291168902962e+01 2.224842942083734343e+00
1.136997372048810284e+01 2.223398362428621766e+00
1.136763079649810848e+01 2.223137719203392315e+00
1.135678525781730386e+01 2.221953782773509189e+00
1.134876734187599112e+01 2.221044283568071265e+00
1.134397586959534010e+01 2.220509203118396613e+00
1.133127980294733916e+01 2.219064623463284036e+00
1.132990388725387376e+01 2.218907082323957614e+00
1.131838189189933885e+01 2.217620043808171459e+00
1.131104043263175818e+01 2.216770420392889740e+00
1.130577277963440430e+01 2.216175464153058883e+00
1.129341500378780694e+01 2.214730884497946306e+00
1.129217697800964082e+01 2.214585384421094538e+00
1.128090107712991319e+01 2.213286304842833729e+00
1.127331352338752524e+01 2.212371732701170490e+00
1.126877566230383820e+01 2.211841725187721153e+00
1.125669578935337967e+01 2.210397145532608576e+00
1.125445006876540788e+01 2.210122380732486125e+00
1.124462766229170541e+01 2.208952565877495999e+00
1.123558661414329052e+01 2.207831241327912419e+00
1.123289559440362240e+01 2.207507986222383423e+00
1.122095685017365163e+01 2.206063406567270846e+00
1.121672315952117494e+01 2.205534206167791389e+00
1.120918574335769868e+01 2.204618826912158269e+00
1.119785970489905758e+01 2.203180148342008149e+00
1.119781150883811272e+01 2.203174247257045693e+00
1.118598561438749783e+01 2.201729667601933116e+00
1.117899625027694199e+01 2.200859234206412829e+00
1.117424283715959277e+01 2.200285087946820539e+00
1.116273562499060290e+01 2.198840508291707962e+00
1.116013279565482463e+01 2.198510266090182519e+00
1.115105726228715355e+01 2.197395928636595386e+00
1.114126934103270550e+01 2.196132371740176392e+00
1.113981672052155858e+01 2.195951348981482809e+00
1.112834598907215167e+01 2.194506769326370232e+00
1.112240588641058991e+01 2.193735307463887452e+00
1.111701106794754601e+01 2.193062189671257656e+00
1.110585908559194657e+01 2.191617610016145079e+00
1.110354243178847433e+01 2.191311965513258464e+00
1.109458238983750533e+01 2.190173030361032502e+00
1.108467897716635875e+01 2.188857016401135169e+00
1.108366898238669052e+01 2.188728450705920370e+00
1.107248632144139577e+01 2.187283871050807349e+00
1.106581552254424139e+01 2.186360040463280363e+00
1.106189107105365288e+01 2.185839291395694772e+00
1.105081270799683324e+01 2.184394711740582196e+00
1.104695206792212403e+01 2.183879076326710411e+00
1.103965456884081320e+01 2.182950132085469619e+00
1.102897079408149139e+01 2.181505552430357042e+00
1.102808861330000845e+01 2.181385806524709370e+00
1.101793310071782273e+01 2.180060972775244466e+00
1.100922515867789109e+01 2.178862810214515555e+00
1.100734770705253673e+01 2.178616393120132333e+00
1.099644466367037410e+01 2.177171813465019756e+00
1.099036170405577550e+01 2.176328604392485655e+00
1.098580211361389658e+01 2.175727233809907180e+00
1.097522917179904489e+01 2.174282654154794603e+00
1.097149824943365815e+01 2.173757837394457937e+00
1.096464564523903817e+01 2.172838074499682026e+00
1.095443291000174568e+01 2.171393494844569449e+00
1.095263479481154079e+01 2.171136286177890895e+00
1.094391377664692300e+01 2.169948915189456873e+00
1.093381388595153325e+01 2.168504335534344296e+00
1.093377134018942520e+01 2.168498166212945222e+00
1.092326905919811253e+01 2.167059755879231719e+00
1.091490788556730962e+01 2.165850218179914854e+00
1.091319911037773061e+01 2.165615176224119143e+00
1.090295267899185383e+01 2.164170596569006566e+00
1.089604443094519226e+01 2.163140023318282257e+00
1.089311089027498269e+01 2.162726016913893989e+00
1.088328942196174864e+01 2.161281437258781413e+00
1.087718097632307490e+01 2.160363387678457148e+00
1.087348727274705773e+01 2.159836857603668836e+00
1.086367814679973520e+01 2.158392277948556259e+00
1.085831752170095932e+01 2.157556881860918097e+00
1.085415623696304266e+01 2.156947698293443683e+00
1.084445041757708950e+01 2.155503118638331106e+00
1.083945406707884196e+01 2.154723701874226460e+00
1.083493347846110311e+01 2.154058538983218529e+00
1.082552299706615528e+01 2.152613959328105953e+00
1.082059061245672638e+01 2.151833673967561644e+00
1.081611132423841859e+01 2.151169379672993376e+00
1.080692840038226343e+01 2.149724800017880799e+00
1.080172715783460902e+01 2.148883747904525077e+00
1.079776396596321852e+01 2.148280220362767778e+00
1.078866228269042082e+01 2.146835640707655646e+00
1.078286370321249166e+01 2.145868512877063594e+00
1.077980669245811285e+01 2.145391061052543069e+00
1.077078399374671491e+01 2.143946481397430492e+00
1.076400024859037785e+01 2.142790256353940936e+00
1.076218289888592139e+01 2.142501901742317916e+00
1.075328250588181334e+01 2.141057322087205339e+00
1.074513679396825871e+01 2.139635447008362501e+00
1.074499758520081549e+01 2.139612742432092318e+00
1.073604696620359711e+01 2.138168162776980186e+00
1.072785630594315620e+01 2.136723583121867609e+00
1.072627333934614313e+01 2.136443946213148593e+00
1.071919993300078389e+01 2.135279003466755476e+00
1.071087639504894007e+01 2.133834423811642456e+00
1.070740988472402577e+01 2.133205934327317532e+00
1.070256122941988686e+01 2.132389844156529879e+00
1.069436903876357725e+01 2.130945264501417302e+00
1.068854643010190841e+01 2.129872334435642944e+00
1.068636381889015929e+01 2.129500684846304726e+00
1.067809938730429486e+01 2.128056105191192149e+00
1.067033353107598437e+01 2.126611525536079572e+00
1.066968297547979283e+01 2.126489049621928196e+00
1.066211420377118380e+01 2.125166945880966995e+00
1.065429971607893656e+01 2.123722366225854419e+00
1.065081952085767547e+01 2.123051216094079319e+00
1.064647069366479215e+01 2.122277786570741842e+00
1.063861543042780511e+01 2.120833206915629265e+00
1.063195606623556166e+01 2.119543818995534235e+00
1.063108791385122309e+01 2.119388627260516689e+00
1.062314805309092591e+01 2.117944047605404112e+00
1.061571028305883146e+01 2.116499467950291535e+00
1.061309261161344253e+01 2.115980638224848054e+00
1.060802438466340192e+01 2.115054888295178959e+00
1.060044354868844962e+01 2.113610308640066382e+00
1.059422915699132517e+01 2.112349116649686387e+00
1.059324831063596584e+01 2.112165728984953805e+00
1.058544569364524257e+01 2.110721149329841229e+00
1.057822817535632254e+01 2.109276569674728652e+00
1.057536570236920959e+01 2.108683684518974921e+00
1.057087053328509363e+01 2.107831990019616075e+00
1.056357897340781093e+01 2.106387410364503499e+00
1.055673785199573267e+01 2.104942830709390922e+00
1.055650224774709400e+01 2.104893930503024091e+00
1.054914593085800512e+01 2.103498251054278345e+00
1.054204878819770386e+01 2.102053671399165768e+00
1.053763879312497664e+01 2.101120798968654668e+00
1.053500130903930909e+01 2.100609091744053192e+00
1.052771789485256093e+01 2.099164512088940615e+00
1.052089828688108675e+01 2.097719932433828038e+00
1.051877533850285928e+01 2.097263899438496448e+00
1.051373336089258004e+01 2.096275352778715462e+00
1.050671000326248361e+01 2.094830773123602885e+00
1.050006928851338195e+01 2.093386193468490308e+00
1.049991188388074193e+01 2.093351303744466652e+00
1.049294192268898129e+01 2.091941613813377732e+00
1.048621382591841922e+01 2.090497034158265155e+00
1.048104842925862812e+01 2.089362575460569360e+00
1.047949555423492463e+01 2.089052454503152578e+00
1.047250202174836531e+01 2.087607874848040002e+00
1.046590331554689790e+01 2.086163295192927425e+00
1.046218497463650721e+01 2.085323394022809751e+00
1.045924286243664802e+01 2.084718715537814848e+00
1.045235997494191693e+01 2.083274135882702272e+00
1.044590875051022749e+01 2.081829556227589695e+00
1.044332152001439340e+01 2.081232377800461997e+00
1.043927797070349861e+01 2.080384976572477118e+00
1.043256926338836621e+01 2.078940396917364541e+00
1.042626469084536645e+01 2.077495817262251965e+00
1.042445806539227604e+01 2.077076218056526535e+00
1.041959264464435364e+01 2.076051237607138944e+00
1.041311150799663032e+01 2.074606657952026811e+00
1.040698525066683189e+01 2.073162078296914235e+00
1.040559461077015868e+01 2.072829796430403881e+00
1.040045475767882621e+01 2.071717498641801658e+00
1.039413468675744312e+01 2.070272918986689081e+00
1.038808816075469110e+01 2.068828339331576505e+00
1.038673115614804487e+01 2.068503303532890136e+00
1.038155189729477001e+01 2.067383759676463928e+00
1.037534733807417275e+01 2.065939180021351351e+00
1.036949529744066467e+01 2.064494600366238775e+00
1.036786770152592574e+01 2.064092907215700379e+00
1.036318563224002354e+01 2.063050020711126198e+00
1.035704606004070172e+01 2.061605441056013621e+00
1.035123131923278095e+01 2.060160861400901045e+00
1.034900424690381016e+01 2.059587002298237657e+00
1.034526275855701449e+01 2.058716281745788468e+00
1.033931161353500272e+01 2.057271702090675891e+00
1.033363334496578290e+01 2.055827122435563314e+00
1.033014079228169280e+01 2.054908721853666798e+00
1.032792082676488832e+01 2.054382542780450738e+00
1.032212926681843257e+01 2.052937963125338161e+00
1.031658699748946972e+01 2.051493383470225584e+00
1.031136928062712954e+01 2.050048803815113008e+00
1.031127733765957544e+01 2.050023221779997851e+00
1.030561051050684895e+01 2.048604224160000431e+00
1.030018763587705699e+01 2.047159644504887854e+00
1.029507577594863577e+01 2.045715064849775278e+00
1.029241388303745808e+01 2.044937476807057841e+00
1.028986633165879283e+01 2.044270485194662701e+00
1.028436918797098443e+01 2.042825905539550124e+00
1.027932921439365010e+01 2.041381325884437548e+00
1.027445955267774202e+01 2.039936746229324971e+00
1.027355042841534427e+01 2.039660382802911620e+00
1.026927450879997927e+01 2.038492166574212394e+00
1.026435128207986835e+01 2.037047586919099373e+00
1.025956182996917576e+01 2.035603007263987241e+00
1.025491815476655688e+01 2.034158427608875108e+00
1.025468697379322691e+01 2.034085245591228386e+00
1.024983216309253287e+01 2.032713847953762532e+00
1.024487676767439304e+01 2.031269268298649955e+00
1.024019231350285608e+01 2.029824688643537378e+00
1.023583234816625342e+01 2.028380108988424801e+00
1.023582351917110955e+01 2.028377192742978785e+00
1.023093581335815472e+01 2.026935529333312225e+00
1.022634160745054999e+01 2.025490949678199648e+00
1.022192564855651042e+01 2.024046370023087071e+00
1.021774818607122803e+01 2.022601790367974495e+00
1.021696006454899397e+01 2.022325743142287191e+00
1.021322864219999005e+01 2.021157210712861918e+00
1.020878874326282926e+01 2.019712631057749341e+00
1.020457020476141707e+01 2.018268051402636765e+00
1.020034743698232838e+01 2.016823471747524188e+00
1.019809660992687661e+01 2.016015019777808170e+00
1.019612103586987395e+01 2.015378892092411611e+00
1.019183116555417890e+01 2.013934312437299035e+00
1.018766965110965117e+01 2.012489732782186458e+00
1.018369254791603495e+01 2.011045153127073881e+00
1.017988492811775814e+01 2.009600573471961305e+00
1.017923315530476103e+01 2.009346728967015494e+00
1.017580349846481624e+01 2.008155993816848728e+00
1.017175882279922483e+01 2.006711414161736151e+00
1.016777927372012869e+01 2.005266834506623574e+00
1.016415703717678376e+01 2.003822254851510998e+00
1.016060703777189111e+01 2.002377675196398421e+00
1.016036970068264367e+01 2.002279280448129306e+00
1.015671581430897241e+01 2.000933095541285844e+00
1.015301151088160481e+01 1.999488515886173046e+00
1.014931444693334583e+01 1.998043936231060469e+00
1.014592965768059152e+01 1.996599356575947892e+00
1.014259990117092514e+01 1.995154776920835316e+00
1.014150624606052631e+01 1.994649239250366524e+00
1.013922879417047973e+01 1.993710197265722739e+00
1.013582436495267380e+01 1.992265617610610384e+00
1.013243643446844189e+01 1.990821037955497808e+00
1.012929975671709037e+01 1.989376458300385231e+00
1.012627338802122701e+01 1.987931878645272654e+00
1.012325753392605243e+01 1.986487298990160077e+00
1.012264279143841073e+01 1.986177460921932036e+00
1.012011579902605440e+01 1.985042719335047501e+00
1.011713095543741048e+01 1.983598139679934702e+00
1.011439359819505590e+01 1.982153560024822347e+00
1.011174280684403470e+01 1.980708980369709771e+00
1.010927660235808112e+01 1.979264400714597194e+00
1.010691457565736329e+01 1.977819821059484617e+00
1.010471579175134771e+01 1.976375241404372041e+00
1.010377933681629337e+01 1.975745602654441768e+00
1.010241663395678913e+01 1.974930661749259464e+00
1.009998469617523043e+01 1.973486082094146665e+00
1.009798050827767213e+01 1.972041502439034311e+00
1.009593599623553928e+01 1.970596922783921734e+00
1.009399701712330000e+01 1.969152343128809157e+00
1.009218642789339171e+01 1.967707763473696581e+00
1.009064981067697531e+01 1.966263183818584004e+00
1.008931391369636188e+01 1.964818604163471427e+00
1.008778305152187826e+01 1.963374024508358850e+00
1.008664091168996535e+01 1.961929444853246274e+00
1.008544864071786940e+01 1.960484865198133697e+00
1.008491588219417778e+01 1.959689652451496622e+00
1.008443091143176140e+01 1.959040285543021120e+00
1.008359100115294105e+01 1.957595705887908544e+00
1.008286438161895582e+01 1.956151126232795745e+00
1.008196233644527595e+01 1.954706546577683390e+00
1.008133853497279020e+01 1.953261966922570814e+00
1.008094746778880513e+01 1.951817387267458237e+00
1.008073482070174443e+01 1.950372807612345660e+00
1.008037254456881726e+01 1.948928227957233084e+00
1.008029746292624829e+01 1.947483648302120729e+00
1.008010982440978509e+01 1.946039068647008152e+00
1.007992343386672474e+01 1.944594488991895354e+00
1.007996004602355455e+01 1.943149909336782777e+00
1.008026813749498452e+01 1.941705329681670422e+00
1.008076603535370808e+01 1.940260750026557623e+00
1.008131675263792992e+01 1.938816170371445047e+00
1.008194194074311234e+01 1.937371590716332470e+00
1.008227828437995655e+01 1.935927011061219893e+00
1.008299698707894265e+01 1.934482431406107317e+00
1.008391088985845485e+01 1.933037851750994740e+00
1.008491588219417778e+01 1.931712270574777790e+00
1.008499917675209545e+01 1.931593272095882163e+00
1.008575380982728475e+01 1.930148692440769587e+00
1.008690332168061410e+01 1.928704112785657010e+00
1.008774231532421517e+01 1.927259533130544433e+00
1.008900113695054479e+01 1.925814953475431857e+00
1.009045617226228941e+01 1.924370373820319280e+00
1.009171002162322850e+01 1.922925794165206703e+00
1.009322493519342423e+01 1.921481214510094127e+00
1.009509359416416174e+01 1.920036634854981550e+00
1.009698924733839398e+01 1.918592055199868973e+00
1.009910445792362133e+01 1.917147475544756396e+00
1.010144137733450442e+01 1.915702895889643820e+00
1.010343969727961344e+01 1.914258316234531243e+00
1.010377933681629337e+01 1.914057030708044671e+00
1.010575255727684407e+01 1.912813736579418666e+00
1.010858766634463279e+01 1.911369156924306090e+00
1.011144537359462525e+01 1.909924577269193513e+00
1.011477149410361420e+01 1.908479997614081158e+00
1.011844167930856564e+01 1.907035417958968360e+00
1.012221029837622943e+01 1.905590838303855783e+00
1.012264279143841250e+01 1.905442623769706190e+00
1.012628724419018056e+01 1.904146258648743206e+00
1.013065481430253101e+01 1.902701678993630630e+00
1.013539402540888723e+01 1.901257099338518053e+00
1.014077647578956132e+01 1.899812519683405476e+00
1.014150624606052631e+01 1.899626175122507865e+00
1.014635050148514850e+01 1.898367940028292900e+00
1.015240948300937518e+01 1.896923360373180323e+00
1.015915813599375284e+01 1.895478780718067746e+00
1.016036970068264367e+01 1.895222163816908001e+00
1.016580968586905875e+01 1.894034201062955169e+00
1.017326855940904551e+01 1.892589621407842593e+00
1.017923315530476103e+01 1.891514280636632517e+00
1.018130091655732095e+01 1.891145041752730238e+00
1.018924613868860263e+01 1.889700462097617883e+00
1.019809660992687661e+01 1.888331631277220257e+00
1.019858344868853628e+01 1.888255882442505085e+00
1.020828848327908744e+01 1.886811302787392286e+00
1.021696006454899397e+01 1.885653409956205673e+00
1.021912274513651653e+01 1.885366723132279709e+00
1.023058921579536573e+01 1.883922143477167133e+00
1.023582351917110955e+01 1.883281766864409068e+00
1.024244182220785859e+01 1.882477563822054778e+00
1.025468697379322691e+01 1.881136410625798616e+00
1.025563913412533523e+01 1.881032984166942423e+00
1.026944417384461161e+01 1.879588404511829625e+00
1.027355042841534427e+01 1.879088648157734021e+00
1.028155927377454582e+01 1.878143824856717048e+00
1.029241388303745985e+01 1.877067773617369317e+00
1.029615579930683111e+01 1.876699245201604249e+00
1.031127733765957544e+01 1.875331507099391892e+00
1.031214461052085873e+01 1.875254665546491895e+00
1.032855242132003326e+01 1.873810085891379318e+00
1.033014079228169280e+01 1.873674889965406098e+00
1.034587976059265202e+01 1.872365506236266741e+00
1.034900424690381016e+01 1.872114099864697900e+00
1.036437114682256322e+01 1.870920926581153942e+00
1.036786770152592752e+01 1.870651270217009499e+00
1.038357964890991347e+01 1.869476346926041588e+00
1.038673115614804310e+01 1.869243624171030405e+00
1.040346528858946407e+01 1.868031767270929011e+00
1.040559461077015690e+01 1.867883347177305975e+00
1.042445806539227604e+01 1.866621374692003732e+00
1.042500281151677477e+01 1.866587187615816434e+00
1.044332152001439340e+01 1.865404666676277579e+00
1.044744254713041620e+01 1.865142607960703858e+00
1.046218497463650898e+01 1.864161269359724704e+00
1.046949988444351476e+01 1.863698028305591503e+00
1.048104842925862634e+01 1.862999272268048845e+00
1.049401433338584511e+01 1.862253448650478926e+00
1.049991188388074193e+01 1.861925220586761132e+00
1.051877533850285928e+01 1.860935853906346527e+00
1.052135183624973713e+01 1.860808868995365906e+00
1.053763879312497664e+01 1.859978104786370379e+00
1.055042429331723852e+01 1.859364289340253551e+00
1.055650224774709223e+01 1.859021931397268235e+00
1.057536570236920959e+01 1.858040400702822392e+00
1.057784357677847709e+01 1.857919709685140974e+00
1.059422915699132517e+01 1.857211487800779715e+00
1.061280875845874938e+01 1.856475130030028398e+00
1.061309261161344253e+01 1.856462837006693567e+00
1.063195606623555989e+01 1.855699811610844296e+00
1.065075336108555781e+01 1.855030550374915821e+00
1.065081952085767547e+01 1.855028359932664683e+00
1.066968297547979105e+01 1.854432271577296065e+00
1.068854643010190841e+01 1.853919625745174660e+00
1.070350463046757028e+01 1.853585970719803244e+00
1.070740988472402577e+01 1.853487977034632417e+00
1.072627333934614313e+01 1.852983446798096345e+00
1.074513679396825871e+01 1.852544956355243633e+00
1.076400024859037607e+01 1.852157845707033124e+00
1.076490608558400375e+01 1.852141391064690668e+00
1.078286370321249166e+01 1.851837259001081204e+00
1.080172715783460902e+01 1.851547248116786726e+00
1.082059061245672638e+01 1.851283622876901180e+00
1.083945406707884196e+01 1.851054868927299202e+00
1.085831752170095932e+01 1.850854576862667633e+00
1.087622911923401148e+01 1.850696811409578091e+00
1.087718097632307490e+01 1.850687644929442932e+00
