1.920409708333333354e+00 1.036267199053801313e+01
1.920241666522303214e+00 1.036305662499999869e+01
1.917403624999999945e+00 1.037026506248512092e+01
1.914397541666666536e+00 1.037697705908266421e+01
1.911391458333333349e+00 1.038177179407880502e+01
1.908385374999999939e+00 1.038588430709031307e+01
1.905379291666666752e+00 1.039046014673355245e+01
1.902373208333333121e+00 1.039438865514091148e+01
1.899367124999999934e+00 1.039937858574369045e+01
1.896361041666666747e+00 1.040446707791724990e+01
1.893354958333333560e+00 1.041066553510370696e+01
1.890348874999999929e+00 1.041882747064813408e+01
1.887342791666666519e+00 1.042817393235595880e+01
1.884621707954676983e+00 1.043917087500000029e+01
1.884336708333333332e+00 1.044056276399020078e+01
1.881330624999999923e+00 1.045947099819991521e+01
1.878324541666666736e+00 1.048199587311558290e+01
1.875318458333333327e+00 1.050384751962254271e+01
1.874115451688122214e+00 1.051528512500000012e+01
1.872312374999999918e+00 1.053487369696734177e+01
1.869306291666666731e+00 1.056219923123528126e+01
1.866300208333333321e+00 1.059082919756953522e+01
1.866244974895178155e+00 1.059139937499999995e+01
1.863294124999999912e+00 1.062651872246095941e+01
1.860288041666666725e+00 1.066357847006625903e+01
1.859954158555777060e+00 1.066751362499999978e+01
1.857281958333333316e+00 1.070508856851036228e+01
1.854628211454094178e+00 1.074362787499999961e+01
1.854275874999999907e+00 1.074913423774360766e+01
1.851269791666666720e+00 1.078907400179855003e+01
1.848802953060861176e+00 1.081974212499999943e+01
1.848263708333333311e+00 1.082759482234311932e+01
1.845257624999999901e+00 1.086947754884342920e+01
1.843796801053127599e+00 1.089585637499999926e+01
1.842251541666666714e+00 1.093081965237414543e+01
1.840513777898568071e+00 1.097197062500000087e+01
1.839245458333333083e+00 1.100889983102564074e+01
1.838090900340533240e+00 1.104808487499999892e+01
1.836633286719219438e+00 1.112419912499999874e+01
1.836239375000000118e+00 1.114471637353021904e+01
1.835298390319007433e+00 1.120031337499999857e+01
1.834722382917374661e+00 1.127642762500000018e+01
1.834038673208422843e+00 1.135254187500000000e+01
1.833383322401044069e+00 1.142865612499999806e+01
1.833233291666666709e+00 1.144510951769767004e+01
1.832765706456624955e+00 1.150477037499999966e+01
1.832383300767660650e+00 1.158088462499999949e+01
1.831946471166530976e+00 1.165699887499999932e+01
1.831519721662874689e+00 1.173311312499999914e+01
1.831169743178647558e+00 1.180922737500000075e+01
1.830760130338873637e+00 1.188534162500000235e+01
1.830387968960130340e+00 1.196145587500000040e+01
1.830227208333333078e+00 1.198982018842680475e+01
1.829975484300723432e+00 1.203757012500000023e+01
1.829786145413508258e+00 1.211368437500000006e+01
1.829944822724979714e+00 1.218979862499999989e+01
1.830087082627614992e+00 1.226591287499999972e+01
1.830227208333333078e+00 1.231202991883714759e+01
1.830327450120730504e+00 1.234202712499999954e+01
1.830603597765275925e+00 1.241814137500000115e+01
1.831090226882971628e+00 1.249425562499999920e+01
1.831701334711265616e+00 1.257036987499999903e+01
1.832372616559184708e+00 1.264648412499999885e+01
1.833233291666666709e+00 1.271348683974000515e+01
1.833363834858815711e+00 1.272259837499999868e+01
1.834414413390974552e+00 1.279871262500000029e+01
1.835548003890016044e+00 1.287482687500000011e+01
1.836239374999999896e+00 1.291293284172111022e+01
1.836926206322344823e+00 1.295094112500000172e+01
1.838176790800445382e+00 1.302705537499999977e+01
1.839245458333333527e+00 1.308535263172230501e+01
1.839568261223977874e+00 1.310316962499999960e+01
1.841111941695394938e+00 1.317928387499999943e+01
1.842251541666666714e+00 1.324253136607331527e+01
1.842482993112391165e+00 1.325539812500000103e+01
1.843709721885197439e+00 1.333151237500000263e+01
1.844740732808199724e+00 1.340762662500000069e+01
1.845257624999999901e+00 1.344703885109142405e+01
1.845748723732165031e+00 1.348374087500000051e+01
1.846682667161155367e+00 1.355985512500000034e+01
1.847380967266489149e+00 1.363596937500000017e+01
1.848132827612479323e+00 1.371208362500000000e+01
1.848263708333333311e+00 1.372225350409836508e+01
1.849160294020455897e+00 1.378819787499999983e+01
1.849932462147817702e+00 1.386431212499999965e+01
1.850654851036904081e+00 1.394042637499999948e+01
1.851269791666666720e+00 1.398309819245578645e+01
1.851753133034230725e+00 1.401654062499999931e+01
1.852508140408214210e+00 1.409265487499999914e+01
1.853105294426297345e+00 1.416876912499999719e+01
1.853956017804872625e+00 1.424488337499999702e+01
1.854275874999999907e+00 1.427696339249566648e+01
1.854727919679386439e+00 1.432099762499999862e+01
1.855403207342422256e+00 1.439711187500000023e+01
1.855999428339839108e+00 1.447322612500000005e+01
1.856504996777962102e+00 1.454934037499999988e+01
1.856769421373179796e+00 1.462545462499999971e+01
1.857178801527674228e+00 1.470156887499999954e+01
1.857281958333333316e+00 1.471816208734062847e+01
1.857697624162969019e+00 1.477768312500000114e+01
1.858346372244890077e+00 1.485379737500000275e+01
1.859134448777070014e+00 1.492991162499999902e+01
1.860082507709900135e+00 1.500602587500000062e+01
1.860288041666666725e+00 1.502006345973745916e+01
1.861222499310442924e+00 1.508214012499999868e+01
1.862099211468090765e+00 1.515825437500000028e+01
1.863114148241524548e+00 1.523436862500000011e+01
1.863294124999999912e+00 1.524637564229828079e+01
1.864419822949282990e+00 1.531048287500000171e+01
1.866300208333333543e+00 1.536479810490505038e+01
1.867025426059384374e+00 1.538659712499999799e+01
1.869306291666666731e+00 1.545302562405541025e+01
1.869646841533344039e+00 1.546271137500000137e+01
1.871998276658273230e+00 1.553882562499999764e+01
1.872312374999999918e+00 1.554873896290894919e+01
1.874298570251024199e+00 1.561493987500000102e+01
1.875318458333333327e+00 1.564031785615024539e+01
1.877134075423535275e+00 1.569105412500000085e+01
1.878324541666666736e+00 1.572877749294068828e+01
1.879450056634918154e+00 1.576716837500000068e+01
1.881330624999999923e+00 1.582195816596616211e+01
1.882089818740852349e+00 1.584328262499999695e+01
1.884336708333333554e+00 1.590744467574721277e+01
1.884740639594427503e+00 1.591939687500000211e+01
1.887342791666666519e+00 1.599460611572836122e+01
1.887373113972790950e+00 1.599551112500000016e+01
1.889606834589375062e+00 1.607162537500000354e+01
1.890348874999999929e+00 1.609865050117547369e+01
1.891650179312496016e+00 1.614773962499999982e+01
1.893201915479525432e+00 1.622385387500000320e+01
1.893354958333333338e+00 1.623249300851677290e+01
1.894490983754394842e+00 1.629996812500000303e+01
1.895309109171477324e+00 1.637608237500000286e+01
1.895961928921188422e+00 1.645219662500000268e+01
1.896361041666666525e+00 1.652071265546706513e+01
1.896410139810103423e+00 1.652831087499999896e+01
1.896589021694039090e+00 1.660442512500000234e+01
1.896706717688524391e+00 1.668053937500000217e+01
1.896646211081449263e+00 1.675665362500000199e+01
1.896455415464374461e+00 1.683276787500000182e+01
1.896897509771891421e+00 1.690888212499999810e+01
1.897630281908102567e+00 1.698499637500000148e+01
1.899367124999999934e+00 1.705650105415957896e+01
1.899498530831953635e+00 1.706111062500000131e+01
1.901627026651529606e+00 1.713722487500000113e+01
1.902373208333333343e+00 1.716193378754373811e+01
1.903695608262525596e+00 1.721333912500000096e+01
1.905379291666666530e+00 1.727130242395546489e+01
1.905879779091576243e+00 1.728945337500000079e+01
1.907573988204325000e+00 1.736556762500000417e+01
1.908385374999999939e+00 1.740368246427786048e+01
1.909143369642083643e+00 1.744168187500000045e+01
1.910205213367088373e+00 1.751779612500000383e+01
1.910987512650174303e+00 1.759391037500000010e+01
1.911391458333333349e+00 1.763180004741874995e+01
1.911828468882567744e+00 1.767002462500000348e+01
1.912533052600403405e+00 1.774613887499999976e+01
1.912880629236708430e+00 1.782225312500000314e+01
1.913416762519004166e+00 1.789836737499999941e+01
1.913846467074699742e+00 1.797448162500000279e+01
1.914397541666666536e+00 1.802542064309304237e+01
1.914686181124736208e+00 1.805059587500000262e+01
1.915674066222433858e+00 1.812671012500000245e+01
1.916468165830873094e+00 1.820282437500000228e+01
1.917403624999999945e+00 1.826223673385778667e+01
1.917687495413341159e+00 1.827893862500000211e+01
1.918802856992898320e+00 1.835505287500000193e+01
1.919807083475463916e+00 1.843116712500000176e+01
1.920409708333333576e+00 1.847326296230303200e+01
1.920953290986178175e+00 1.850728137500000159e+01
1.922054873674906350e+00 1.858339562500000142e+01
1.923046729015002843e+00 1.865950987500000124e+01
1.923415791666666763e+00 1.868132522261385020e+01
1.924505194549226417e+00 1.873562412500000107e+01
1.925597023538237140e+00 1.881173837500000445e+01
1.926421874999999950e+00 1.886466525934534388e+01
1.926851396685496542e+00 1.888785262500000428e+01
1.929050936037969510e+00 1.896396687500000411e+01
1.929427958333333359e+00 1.897998012513065191e+01
1.931408315085856309e+00 1.904008112500000038e+01
1.932434041666666547e+00 1.906413063382237993e+01
1.935095953165613114e+00 1.911619537500000376e+01
1.935440124999999956e+00 1.912479218403408154e+01
1.938446208333333365e+00 1.918408109123344119e+01
1.938999022459467758e+00 1.919230962500000004e+01
1.941452291666666330e+00 1.926716832296517978e+01
1.941495274794712289e+00 1.926842387500000342e+01
1.943365849418830393e+00 1.934453812499999970e+01
1.944104503651067573e+00 1.942065237500000308e+01
1.944458374999999961e+00 1.943572606717780715e+01
1.947045511795367778e+00 1.949676662500000290e+01
1.947464458333333148e+00 1.950481898983481699e+01
1.949924777631466100e+00 1.957288087500000273e+01
1.950470541666666557e+00 1.960685995435258633e+01
1.950996024929893213e+00 1.964899512499999901e+01
1.952485721510751615e+00 1.972510937500000239e+01
1.953476624999999967e+00 1.975476484121900356e+01
1.956142061264337650e+00 1.972510937500000239e+01
1.956482708333333154e+00 1.972000485636729650e+01
1.959488791666666563e+00 1.968678864806883411e+01
1.962494874999999972e+00 1.968888352928475882e+01
1.965500958333333159e+00 1.968669483353452421e+01
1.968507041666666790e+00 1.967770647751017066e+01
1.971513124999999977e+00 1.969120622117550568e+01
1.974519208333333165e+00 1.970484905992970326e+01
1.976366646070974120e+00 1.972510937500000239e+01
1.977525291666666352e+00 1.973669417915795421e+01
1.980531374999999983e+00 1.975777849760988047e+01
1.983537458333333170e+00 1.977806172573054511e+01
1.985372079812029122e+00 1.980122362500000222e+01
1.986543541666666579e+00 1.981498569749395600e+01
1.989549624999999988e+00 1.984624297134561743e+01
1.991852979818842462e+00 1.987733787500000204e+01
1.992555708333333175e+00 1.988612736226916056e+01
1.995561791666666807e+00 1.992212209729350292e+01
1.998165374651451165e+00 1.995345212500000187e+01
1.998567874999999994e+00 1.995809934353094661e+01
2.001573958333333181e+00 1.999447795599767375e+01
2.004580041666666812e+00 2.002091662045683762e+01
2.005408705941304603e+00 2.002956637500000170e+01
2.007586124999999999e+00 2.005078738463967269e+01
2.010592208333333186e+00 2.007050525548465458e+01
2.013598291666666373e+00 2.008936011605300465e+01
2.016604375000000005e+00 2.010086085879220619e+01
2.017701139415298606e+00 2.010568062500000508e+01
2.019610458333333192e+00 2.011367729285219852e+01
2.022616541666666823e+00 2.012712667501241270e+01
2.025622625000000010e+00 2.013442130398450303e+01
2.028628708333333197e+00 2.015117519695390413e+01
2.031634791666666384e+00 2.016562543620565506e+01
2.033281742477561771e+00 2.018179487500000135e+01
2.034640875000000015e+00 2.019657100829371643e+01
2.037646958333333203e+00 2.023337038000574850e+01
2.039000791676288227e+00 2.025790912500000474e+01
2.040653041666666834e+00 2.028986013588763626e+01
2.042877498026261396e+00 2.033402337500000101e+01
2.043659125000000021e+00 2.035239776935007328e+01
2.045821559627098107e+00 2.041013762500000439e+01
2.046665208333333208e+00 2.043685689961954921e+01
2.048511552587283013e+00 2.048625187500000067e+01
2.049671291666666395e+00 2.053444875425681460e+01
2.050514414197412538e+00 2.056236612500000405e+01
2.052506579811855580e+00 2.063848037500000032e+01
2.052677375000000026e+00 2.064391686148908178e+01
2.054675399954600579e+00 2.071459462500000370e+01
2.055683458333333213e+00 2.074066727319643633e+01
2.058134072350083166e+00 2.079070887499999998e+01
2.058689541666666845e+00 2.080169892424516220e+01
2.061695625000000032e+00 2.086355249627433039e+01
2.061838924828288011e+00 2.086682312500000336e+01
2.064701708333333219e+00 2.092024861372322420e+01
2.067158637158933665e+00 2.094293737500000674e+01
2.067707791666666406e+00 2.094820833458671316e+01
2.070713875000000037e+00 2.097597423346474699e+01
2.073719958333333224e+00 2.099961905807401052e+01
2.076726041666666855e+00 2.101743536618530328e+01
2.076870613028220180e+00 2.101905162500000301e+01
2.079732125000000043e+00 2.104761208265098560e+01
2.082738208333333230e+00 2.108202529319381213e+01
2.083584922301261688e+00 2.109516587500000284e+01
2.085744291666666417e+00 2.112568101355077488e+01
2.088750375000000048e+00 2.116876506874844921e+01
2.088939161782122245e+00 2.117128012500000267e+01
2.091756458333333235e+00 2.120447012012431998e+01
2.094762541666666422e+00 2.121820682812103342e+01
2.097768625000000053e+00 2.124248702641999387e+01
2.098767966845859423e+00 2.124739437500000250e+01
2.100774708333333241e+00 2.125712805369588310e+01
2.103780791666666428e+00 2.126054141447622570e+01
2.106786875000000059e+00 2.126914331448722706e+01
2.109792958333333246e+00 2.127012517807547454e+01
2.112799041666666433e+00 2.126459117575207713e+01
2.115805125000000064e+00 2.125724878848465949e+01
2.117656162984376866e+00 2.124739437500000250e+01
2.118811208333333251e+00 2.124076206454693505e+01
2.121817291666666438e+00 2.122560521535729805e+01
2.124823375000000070e+00 2.122521666212611535e+01
2.127829458333333257e+00 2.121681684605126605e+01
2.130835541666666444e+00 2.120996843547613864e+01
2.133841625000000075e+00 2.120841430752364687e+01
2.136847708333333262e+00 2.119631506101427476e+01
2.139844912702947521e+00 2.117128012500000267e+01
2.139853791666666449e+00 2.117119819682447712e+01
2.142859875000000081e+00 2.114748304838391135e+01
2.145865958333333268e+00 2.111849842911916397e+01
2.147270563789227538e+00 2.109516587500000284e+01
2.148872041666666455e+00 2.106401948649149602e+01
2.150590965536592236e+00 2.101905162500000301e+01
2.151878125000000086e+00 2.096443188845370997e+01
2.152302838163343779e+00 2.094293737500000319e+01
2.153290032220469108e+00 2.086682312500000336e+01
2.154060259854110981e+00 2.079070887499999998e+01
2.154742547986971513e+00 2.071459462500000370e+01
2.154884208333333273e+00 2.070442940413591160e+01
2.155678443389304366e+00 2.063848037500000032e+01
2.156214615723512473e+00 2.056236612500000405e+01
2.156735377159533229e+00 2.048625187500000067e+01
2.157513229308839708e+00 2.041013762500000439e+01
2.157890291666666460e+00 2.038537150175815782e+01
2.158699251773173344e+00 2.033402337500000101e+01
2.160060899016318814e+00 2.025790912500000474e+01
2.160896375000000091e+00 2.022783538046585150e+01
2.163019646339230384e+00 2.018179487500000135e+01
2.163902458333333279e+00 2.016333162663395484e+01
2.166908541666666466e+00 2.014615935117103973e+01
2.169914625000000097e+00 2.011337052570693373e+01
2.170647923227634557e+00 2.010568062500000153e+01
2.172920708333333284e+00 2.008138837123947695e+01
2.175926791666666471e+00 2.004063428691618398e+01
2.176446360719926698e+00 2.002956637500000170e+01
2.178932875000000102e+00 1.998498979255889552e+01
2.180229729935770688e+00 1.995345212500000187e+01
2.181938958333333289e+00 1.990163491537148133e+01
2.182558505522188330e+00 1.987733787500000204e+01
2.184678115684069333e+00 1.980122362500000222e+01
2.184945041666666476e+00 1.979242869295237028e+01
2.186925630238138574e+00 1.972510937500000239e+01
2.187951125000000108e+00 1.968625522770442871e+01
2.188949728800457795e+00 1.964899512500000256e+01
2.190829929918993280e+00 1.957288087500000273e+01
2.190957208333333295e+00 1.956772544051452556e+01
2.192415606626737734e+00 1.949676662500000290e+01
2.193741584601418104e+00 1.942065237500000308e+01
2.193963291666666482e+00 1.941014256117494341e+01
2.195308820572239750e+00 1.934453812499999970e+01
2.196969374999999669e+00 1.927415111663301772e+01
2.197130706317911741e+00 1.926842387500000342e+01
2.199526370627155725e+00 1.919230962500000004e+01
2.199975458333333300e+00 1.918079620022247411e+01
2.202981541666666487e+00 1.912102467849151211e+01
2.203199493978567070e+00 1.911619537500000376e+01
2.205987625000000119e+00 1.905598517925560387e+01
2.206673344737782649e+00 1.904008112500000038e+01
2.208993708333333306e+00 1.898415060081767791e+01
2.209709608689555793e+00 1.896396687500000411e+01
2.211999791666666493e+00 1.891038771114676109e+01
2.212944544656235024e+00 1.888785262500000073e+01
2.215005874999999680e+00 1.884039758874074977e+01
2.216295534621161245e+00 1.881173837500000445e+01
2.218011958333333311e+00 1.877118238287154739e+01
2.219242510982909256e+00 1.873562412500000107e+01
2.221018041666666498e+00 1.867740735248716533e+01
2.221521406730667447e+00 1.865950987500000124e+01
2.223315286674395708e+00 1.858339562500000142e+01
2.224024125000000573e+00 1.855716808558497632e+01
2.225241087373767801e+00 1.850728137500000159e+01
2.227030208333333317e+00 1.843140240335912594e+01
2.227036472086669328e+00 1.843116712500000176e+01
2.229188437703509162e+00 1.835505287500000193e+01
2.230036291666666060e+00 1.832976445352811012e+01
2.231712118510606579e+00 1.827893862500000211e+01
2.233042374999999691e+00 1.824244521168953526e+01
2.234431401778478765e+00 1.820282437500000228e+01
2.236048458333333322e+00 1.815446704665116684e+01
2.236969217578119284e+00 1.812671012500000245e+01
2.239054541666666509e+00 1.805553851081410954e+01
2.239206454877153973e+00 1.805059587500000262e+01
2.241599086944104258e+00 1.797448162500000279e+01
2.242060625000000140e+00 1.796014409607430906e+01
2.244140273807394781e+00 1.789836737499999941e+01
2.245066708333333327e+00 1.787003662063618137e+01
2.246465696708201953e+00 1.782225312500000314e+01
2.248072791666666514e+00 1.776776902160644767e+01
2.248730443985961447e+00 1.774613887499999976e+01
2.250292889530101093e+00 1.767002462500000348e+01
2.251078874999999702e+00 1.763162777058738229e+01
2.251814199941959416e+00 1.759391037500000010e+01
2.252695469532989492e+00 1.751779612500000383e+01
2.253796297694134143e+00 1.744168187500000045e+01
2.254084958333333333e+00 1.742484156372467297e+01
2.254996570882315865e+00 1.736556762500000417e+01
2.255899430708853792e+00 1.728945337500000079e+01
2.256944615947035437e+00 1.721333912500000096e+01
2.257091041666666520e+00 1.720441597362266606e+01
2.258029731605806667e+00 1.713722487500000113e+01
2.259037658390037784e+00 1.706111062500000131e+01
2.260097125000000151e+00 1.698704492657009268e+01
2.260126558124735396e+00 1.698499637500000148e+01
2.261432450415149287e+00 1.690888212500000165e+01
2.262534530899884988e+00 1.683276787500000182e+01
2.263103208333333338e+00 1.680535818157927253e+01
2.264020145661895356e+00 1.675665362500000199e+01
2.265138398964165578e+00 1.668053937500000217e+01
2.266109291666666525e+00 1.662572208085250125e+01
2.266476104679233661e+00 1.660442512500000234e+01
2.267578163844020001e+00 1.652831087500000251e+01
2.268643289455875678e+00 1.645219662500000268e+01
2.269115374999999268e+00 1.642152960845875143e+01
2.269803954855617256e+00 1.637608237500000286e+01
2.270447835683047089e+00 1.629996812500000303e+01
2.271204273484195291e+00 1.622385387500000320e+01
2.271937395879971344e+00 1.614773962499999982e+01
2.272121458333333344e+00 1.613371178687289387e+01
2.272895701971162197e+00 1.607162537500000354e+01
2.273539482441813586e+00 1.599551112500000016e+01
2.274265289122199718e+00 1.591939687500000034e+01
2.275127541666666531e+00 1.584471724925075797e+01
2.275144241297542447e+00 1.584328262499999873e+01
2.276188449965046434e+00 1.576716837500000068e+01
2.277180126757189171e+00 1.569105412499999730e+01
2.278133625000000162e+00 1.563817627521761366e+01
2.278560043782880129e+00 1.561493987499999925e+01
2.280080440466234926e+00 1.553882562499999764e+01
2.281139708333333349e+00 1.549609173174375165e+01
2.281971941793951242e+00 1.546271137499999782e+01
2.283577779596528856e+00 1.538659712500000154e+01
2.284145791666666536e+00 1.536383647461618907e+01
2.285373078566704574e+00 1.531048287500000171e+01
2.287106652759752112e+00 1.523436862500000011e+01
2.287151874999999723e+00 1.523246200730559785e+01
2.288823947714214491e+00 1.515825437499999850e+01
2.290157958333333355e+00 1.509446509173171869e+01
2.290420936901462312e+00 1.508214012500000045e+01
2.291606284413812311e+00 1.500602587500000062e+01
2.292516774721800044e+00 1.492991162500000080e+01
2.293164041666666542e+00 1.487366243758880913e+01
2.293386629874990756e+00 1.485379737500000097e+01
2.294007861970386308e+00 1.477768312499999936e+01
2.294412372666799982e+00 1.470156887499999954e+01
2.294949035491734346e+00 1.462545462499999971e+01
2.295296982813296083e+00 1.454934037499999988e+01
2.295590093035149160e+00 1.447322612500000183e+01
2.295795760542958863e+00 1.439711187500000023e+01
2.296022133031953683e+00 1.432099762500000040e+01
2.296170125000000173e+00 1.427098167813229423e+01
2.296244531181034887e+00 1.424488337499999879e+01
2.296490396968094316e+00 1.416876912499999897e+01
2.296644973078198149e+00 1.409265487499999914e+01
2.296809690804892501e+00 1.401654062499999931e+01
2.296888327193964408e+00 1.394042637500000126e+01
2.296745913743486245e+00 1.386431212499999788e+01
2.296646072499865632e+00 1.378819787499999983e+01
2.296348247489111927e+00 1.371208362500000000e+01
2.296170125000000173e+00 1.367150652057366500e+01
2.296004318042645931e+00 1.363596937500000017e+01
2.295595273945561399e+00 1.355985512499999857e+01
2.295032825927817210e+00 1.348374087499999874e+01
2.294303206586102206e+00 1.340762662500000069e+01
2.293392459730849708e+00 1.333151237499999908e+01
2.293164041666666542e+00 1.331755354177308703e+01
2.292142099109870212e+00 1.325539812499999925e+01
2.290876859019082445e+00 1.317928387499999943e+01
2.290157958333333355e+00 1.314735193260767332e+01
2.289102498214273140e+00 1.310316962499999960e+01
2.287259783303168259e+00 1.302705537499999977e+01
2.287151874999999723e+00 1.302313639075378404e+01
2.285197630405934710e+00 1.295094112499999994e+01
2.284145791666666536e+00 1.291680262422953973e+01
2.282836921598026869e+00 1.287482687500000011e+01
2.281139708333333349e+00 1.282283452749058128e+01
2.280375322590789011e+00 1.279871262500000029e+01
2.278133625000000162e+00 1.273237144536872201e+01
2.277809903366392330e+00 1.272259837499999691e+01
2.275231703750179246e+00 1.264648412499999885e+01
2.275127541666666531e+00 1.264379039372979463e+01
2.272371346055100272e+00 1.257036987499999903e+01
2.272121458333333344e+00 1.256433853073740181e+01
2.269176312574682886e+00 1.249425562499999920e+01
2.269115374999999712e+00 1.249290700478465865e+01
2.266109291666666525e+00 1.242650807681114955e+01
2.265742349314233461e+00 1.241814137499999937e+01
2.263103208333332894e+00 1.236190870469748049e+01
2.262208155707527091e+00 1.234202712499999954e+01
2.260097125000000151e+00 1.229883929430164713e+01
2.258511268174016706e+00 1.226591287499999972e+01
2.257091041666666520e+00 1.223941490420221356e+01
2.254374848835270395e+00 1.218979862499999989e+01
2.254084958333333333e+00 1.218492631735476905e+01
2.251078874999999702e+00 1.213895339159457620e+01
2.249540949519244215e+00 1.211368437500000006e+01
2.248072791666666514e+00 1.209188119760958635e+01
2.245066708333333327e+00 1.204974704609298364e+01
2.244219614546961061e+00 1.203757012500000201e+01
2.242060625000000140e+00 1.200974765100689012e+01
2.239054541666666509e+00 1.197102516473697165e+01
2.238363039271623389e+00 1.196145587500000040e+01
2.236048458333333322e+00 1.193304747836751822e+01
2.233042374999999691e+00 1.189593714967185889e+01
2.232230298469309204e+00 1.188534162499999880e+01
2.230036291666666504e+00 1.185907613954470463e+01
2.227030208333333317e+00 1.182312833440090216e+01
2.225977092720384132e+00 1.180922737499999897e+01
2.224024125000000129e+00 1.178574135965611624e+01
2.221018041666666498e+00 1.175066658871398673e+01
2.219628286796520023e+00 1.173311312499999914e+01
2.218011958333333311e+00 1.171472753457233296e+01
2.215005874999999680e+00 1.168088842720089104e+01
2.213034662106132533e+00 1.165699887499999932e+01
2.211999791666666493e+00 1.164593407857318041e+01
2.208993708333333306e+00 1.161527334742761042e+01
2.205987625000000119e+00 1.158225124145173623e+01
2.205865769576587532e+00 1.158088462499999949e+01
2.202981541666666487e+00 1.155269650348062882e+01
2.199975458333333300e+00 1.152301877733474278e+01
2.198210903143444916e+00 1.150477037499999966e+01
2.196969374999999669e+00 1.149328444039263530e+01
2.193963291666666482e+00 1.146783788940662596e+01
2.190957208333333295e+00 1.144334994928751570e+01
2.189326964344892712e+00 1.142865612499999983e+01
2.187951125000000108e+00 1.141765615040995741e+01
2.184945041666666476e+00 1.139606639570104818e+01
2.181938958333333289e+00 1.137363202671468088e+01
2.179382039478635846e+00 1.135254187500000000e+01
2.178932875000000102e+00 1.134920877345080470e+01
2.175926791666666471e+00 1.132812647480445811e+01
2.172920708333333284e+00 1.130670439273234607e+01
2.169914625000000097e+00 1.128432386611591909e+01
2.168993198015375601e+00 1.127642762500000018e+01
2.166908541666666466e+00 1.126066628299067318e+01
2.163902458333333279e+00 1.123813115477907587e+01
2.160896375000000091e+00 1.121467322792474697e+01
2.159241401934484994e+00 1.120031337499999857e+01
2.157890291666666460e+00 1.118973771901411851e+01
2.154884208333333273e+00 1.116827744584162829e+01
2.151878125000000086e+00 1.114683835258365008e+01
2.148900641846442916e+00 1.112419912499999874e+01
2.148872041666666455e+00 1.112400030278566376e+01
2.145865958333333268e+00 1.110501291430172621e+01
2.142859875000000081e+00 1.108616329473586326e+01
2.139853791666666449e+00 1.106550776193356356e+01
2.137476242200583965e+00 1.104808487499999892e+01
2.136847708333333262e+00 1.104407948172984177e+01
2.133841625000000075e+00 1.102799174765502421e+01
2.130835541666666444e+00 1.101130816628868203e+01
2.127829458333333257e+00 1.099305521938136820e+01
2.124823375000000070e+00 1.097264284226864639e+01
2.124728731875085153e+00 1.097197062499999909e+01
2.121817291666666438e+00 1.095360704178443534e+01
2.118811208333333251e+00 1.093525472694621747e+01
2.115805125000000064e+00 1.091534515055654175e+01
2.113046093136147441e+00 1.089585637499999926e+01
2.112799041666666433e+00 1.089426485197001959e+01
2.109792958333333246e+00 1.087580127609301783e+01
2.106786875000000059e+00 1.085820590881169423e+01
2.103780791666666428e+00 1.083901346600617899e+01
2.100774708333333241e+00 1.081983883968697135e+01
2.100758725801010307e+00 1.081974212499999943e+01
2.097768625000000053e+00 1.080352049656824853e+01
2.094762541666666422e+00 1.078864239322679097e+01
2.091756458333333235e+00 1.077386135384301724e+01
2.088750375000000048e+00 1.075869807945909962e+01
2.085758239995501473e+00 1.074362787499999961e+01
2.085744291666666417e+00 1.074356496782642267e+01
2.082738208333333230e+00 1.073123805825413690e+01
2.079732125000000043e+00 1.072001543506223697e+01
2.076726041666666855e+00 1.070899804685580747e+01
2.073719958333333224e+00 1.069828008279746001e+01
2.070713875000000037e+00 1.068706165973353350e+01
2.067707791666666406e+00 1.067561321326586032e+01
2.065893913801278181e+00 1.066751362499999978e+01
2.064701708333333219e+00 1.066283190028144467e+01
2.061695625000000032e+00 1.065315228164549310e+01
2.058689541666666845e+00 1.064386834465496534e+01
2.055683458333333213e+00 1.063457193124795452e+01
2.052677375000000026e+00 1.062423830856835316e+01
2.049671291666666395e+00 1.061302797596863101e+01
2.046665208333333208e+00 1.060144152535090534e+01
2.044383673462826678e+00 1.059139937499999995e+01
2.043659125000000021e+00 1.058854994192890508e+01
2.040653041666666834e+00 1.057833418225743571e+01
2.037646958333333203e+00 1.056789670961959615e+01
2.034640875000000015e+00 1.055679482228328681e+01
2.031634791666666384e+00 1.054534438356456860e+01
2.028628708333333197e+00 1.053338304628822719e+01
2.025622625000000010e+00 1.051997189809151934e+01
2.024629520369569669e+00 1.051528512500000012e+01
2.022616541666666823e+00 1.050689517497905179e+01
2.019610458333333192e+00 1.049504339906513906e+01
2.016604375000000005e+00 1.048306965511523714e+01
2.013598291666666373e+00 1.047122763338555629e+01
2.010592208333333186e+00 1.045917500297797176e+01
2.007586124999999999e+00 1.044781659639340887e+01
2.005661876571537938e+00 1.043917087500000029e+01
2.004580041666666812e+00 1.043481787601195876e+01
2.001573958333333181e+00 1.042496962452784715e+01
1.998567874999999994e+00 1.041501503474368917e+01
1.995561791666666807e+00 1.040613441328344990e+01
1.992555708333333175e+00 1.039874110825626019e+01
1.989549624999999988e+00 1.039187593665378095e+01
1.986543541666666801e+00 1.038536696456765185e+01
1.983537458333333170e+00 1.037812279434625751e+01
1.980531375000000205e+00 1.037199209521206100e+01
1.977525291666666574e+00 1.036432682258063842e+01
1.977009634207680389e+00 1.036305662499999869e+01
1.974519208333333165e+00 1.035765238289666890e+01
1.971513124999999977e+00 1.035286705703835608e+01
1.968507041666666790e+00 1.035003079117680613e+01
1.965500958333333159e+00 1.034549236598528665e+01
1.962494874999999972e+00 1.034095720401391461e+01
1.959488791666666785e+00 1.033555088298726865e+01
1.956482708333333154e+00 1.033221704016194309e+01
1.953476624999999967e+00 1.032956658559605145e+01
1.950470541666666557e+00 1.032675167199726118e+01
1.947464458333333148e+00 1.032555207548474918e+01
1.944458374999999961e+00 1.032569581816304627e+01
1.941452291666666552e+00 1.032758224884418752e+01
1.938446208333333143e+00 1.032939338528575490e+01
1.935440124999999956e+00 1.033291951056056490e+01
1.932434041666666547e+00 1.033768355678456174e+01
1.929427958333333359e+00 1.034388484189184609e+01
1.926421874999999950e+00 1.034974948880130796e+01
1.923415791666666541e+00 1.035520635114792043e+01
1.920409708333333354e+00 1.036267199053801313e+01
