1.962494875000000194e+00 1.111226803551449471e+01
1.959656342601348467e+00 1.112419912499999874e+01
1.959488791666666785e+00 1.112498129593102192e+01
1.956482708333333154e+00 1.114100205053702553e+01
1.953476624999999967e+00 1.115849955505244218e+01
1.950470541666666335e+00 1.117629950013792062e+01
1.947464458333333148e+00 1.119437679532392416e+01
1.946602413873092186e+00 1.120031337499999857e+01
1.944458374999999961e+00 1.121701362355298492e+01
1.941452291666666330e+00 1.123965824473555841e+01
1.938446208333333143e+00 1.126474890667180517e+01
1.937255704451791516e+00 1.127642762500000018e+01
1.935440124999999956e+00 1.129658783121656462e+01
1.932434041666666769e+00 1.133231128659051556e+01
1.930843596767580994e+00 1.135254187500000000e+01
1.929427958333333359e+00 1.137462166219285109e+01
1.926421874999999950e+00 1.142269252708095628e+01
1.926064942132578839e+00 1.142865612499999983e+01
1.923415791666666319e+00 1.148492517637364685e+01
1.922570866141017243e+00 1.150477037499999966e+01
1.920409708333333576e+00 1.156620215807382479e+01
1.919899615730869646e+00 1.158088462499999949e+01
1.917827920479107773e+00 1.165699887499999932e+01
1.917403624999999945e+00 1.167902149156646807e+01
1.916356120938627283e+00 1.173311312499999914e+01
1.914961104244370382e+00 1.180922737500000075e+01
1.914397541666666314e+00 1.185253341900419777e+01
1.914009338219193612e+00 1.188534162500000058e+01
1.913361655028380959e+00 1.196145587500000040e+01
1.912896533968503121e+00 1.203757012500000023e+01
1.912544364191513635e+00 1.211368437500000006e+01
1.912321083107598962e+00 1.218979862499999989e+01
1.912269464881635628e+00 1.226591287499999794e+01
1.912423797649765778e+00 1.234202712500000132e+01
1.912696623845512089e+00 1.241814137499999759e+01
1.912987594070562958e+00 1.249425562499999920e+01
1.913534027914770341e+00 1.257036987499999903e+01
1.914330037628618753e+00 1.264648412499999885e+01
1.914397541666666536e+00 1.265306148927365015e+01
1.915115973632619095e+00 1.272259837499999868e+01
1.916075276126242066e+00 1.279871262500000029e+01
1.917248352605495754e+00 1.287482687500000011e+01
1.917403624999999945e+00 1.288488812282563600e+01
1.918415585598173490e+00 1.295094112499999994e+01
1.919565259029475168e+00 1.302705537499999977e+01
1.920409708333333354e+00 1.308356964179137094e+01
1.920712142705447656e+00 1.310316962499999960e+01
1.921941659667262492e+00 1.317928387499999943e+01
1.923328575150513364e+00 1.325539812499999925e+01
1.923415791666666541e+00 1.325982193260543340e+01
1.924806787277006714e+00 1.333151237500000086e+01
1.926142970225224849e+00 1.340762662500000069e+01
1.926421874999999950e+00 1.342226416366040986e+01
1.927578427416696494e+00 1.348374087500000051e+01
1.928950659524717448e+00 1.355985512500000034e+01
1.929427958333333359e+00 1.358459056287606614e+01
1.930517528836620311e+00 1.363596937500000017e+01
1.931962615745729250e+00 1.371208362500000000e+01
1.932434041666666324e+00 1.373820504303181878e+01
1.933387071106065669e+00 1.378819787499999805e+01
1.934715611533005974e+00 1.386431212499999965e+01
1.935440124999999956e+00 1.391250206927321997e+01
1.935891473677691543e+00 1.394042637499999948e+01
1.937168877098580211e+00 1.401654062500000109e+01
1.938446208333333143e+00 1.409242588885054204e+01
1.938450293289501802e+00 1.409265487500000091e+01
1.939832844177713511e+00 1.416876912499999897e+01
1.941156357533922794e+00 1.424488337499999879e+01
1.941452291666666552e+00 1.426010307561376678e+01
1.942771130247490374e+00 1.432099762499999862e+01
1.944458374999999961e+00 1.439334699418779628e+01
1.944559605025315108e+00 1.439711187499999845e+01
1.946845003487403414e+00 1.447322612500000005e+01
1.947464458333333148e+00 1.449085475422627667e+01
1.949681267668730511e+00 1.454934037499999988e+01
1.950470541666666335e+00 1.456990841596634567e+01
1.952703997299421568e+00 1.462545462499999971e+01
1.953476624999999967e+00 1.464361471462316189e+01
1.956190438622395833e+00 1.470156887499999954e+01
1.956482708333333154e+00 1.470746883940914707e+01
1.959488791666666563e+00 1.477016486702842002e+01
1.959868956110150329e+00 1.477768312499999936e+01
1.962494874999999972e+00 1.483612148792301610e+01
1.963383819376643746e+00 1.485379737500000097e+01
1.965500958333332937e+00 1.489655727081500913e+01
1.967072257033358529e+00 1.492991162500000080e+01
1.968507041666666346e+00 1.496495992661794716e+01
1.970094858259329840e+00 1.500602587500000062e+01
1.971513124999999755e+00 1.504703290435066876e+01
1.972631309805641386e+00 1.508214012499999868e+01
1.974519208333332942e+00 1.514468008505381569e+01
1.974895811287298963e+00 1.515825437500000206e+01
1.976850935351439409e+00 1.523436862500000011e+01
1.977525291666666574e+00 1.525963842608264542e+01
1.978914442591060752e+00 1.531048287500000171e+01
1.980531375000000205e+00 1.537900666356250490e+01
1.980702281854014757e+00 1.538659712499999976e+01
1.982260923616260495e+00 1.546271137499999782e+01
1.983537458333333170e+00 1.552417737722536550e+01
1.983874653821850131e+00 1.553882562499999942e+01
1.985614894072031511e+00 1.561493987499999925e+01
1.986543541666666801e+00 1.565393999992491558e+01
1.987497124620245081e+00 1.569105412500000085e+01
1.989549624999999988e+00 1.576498372960164396e+01
1.989611501921899395e+00 1.576716837499999890e+01
1.992060495042807799e+00 1.584328262499999873e+01
1.992555708333333175e+00 1.585766353296894238e+01
1.994759485961926426e+00 1.591939687500000034e+01
1.995561791666666362e+00 1.593958352068578677e+01
1.998357854778131770e+00 1.599551112500000016e+01
1.998567874999999994e+00 1.599931784748522645e+01
2.001573958333333181e+00 1.604254231279209364e+01
2.004181991543750652e+00 1.607162537500000354e+01
2.004580041666666812e+00 1.607585340118738415e+01
2.007586124999999999e+00 1.610371161121364736e+01
2.010592208333333630e+00 1.612739193395811199e+01
2.013598291666666373e+00 1.614609497028662943e+01
2.013842717924280823e+00 1.614773962499999982e+01
2.016604375000000005e+00 1.616611927845478291e+01
2.019610458333333192e+00 1.618364832358927785e+01
2.022616541666666823e+00 1.620622797211171928e+01
2.025622625000000010e+00 1.622295734602819195e+01
2.025749042543630196e+00 1.622385387500000320e+01
2.028628708333333197e+00 1.624393671795782979e+01
2.031634791666666384e+00 1.627011831214412041e+01
2.034640875000000015e+00 1.629522665948848825e+01
2.035227337920893831e+00 1.629996812500000303e+01
2.037646958333333203e+00 1.632029232774592842e+01
2.040653041666666834e+00 1.635073863885771672e+01
2.043022094551225631e+00 1.637608237500000286e+01
2.043659125000000021e+00 1.638303788507361247e+01
2.046665208333333208e+00 1.641685576301171778e+01
2.049671291666666395e+00 1.644852322517564858e+01
2.050087079133807055e+00 1.645219662500000268e+01
2.052677375000000026e+00 1.647442220173576999e+01
2.055683458333333213e+00 1.650413245990378641e+01
2.058689541666666845e+00 1.652309642750345731e+01
2.059479550549643712e+00 1.652831087500000251e+01
2.061695625000000032e+00 1.654328615058306795e+01
2.064701708333333219e+00 1.655676621657142533e+01
2.067707791666666406e+00 1.656898212957979410e+01
2.070713875000000037e+00 1.657848309044788238e+01
2.073719958333333224e+00 1.657971834781528031e+01
2.076726041666666855e+00 1.657361803912397846e+01
2.079732125000000043e+00 1.657184131356769186e+01
2.082738208333333230e+00 1.657540069500001323e+01
2.085744291666665973e+00 1.657382186973944016e+01
2.088750375000000048e+00 1.658085241046066827e+01
2.091756458333333235e+00 1.658516810004488917e+01
2.094762541666666422e+00 1.658814202843593222e+01
2.097768625000000053e+00 1.659309032221807811e+01
2.100774708333333685e+00 1.659747788400871116e+01
2.103780791666666428e+00 1.659963229601748580e+01
2.106786875000000059e+00 1.660073714485994145e+01
2.109792958333333246e+00 1.659715776500130247e+01
2.112799041666666433e+00 1.659105596224307178e+01
2.115805125000000064e+00 1.658284712436140396e+01
2.118811208333333251e+00 1.655782656247333051e+01
2.121817291666666438e+00 1.653174818193668116e+01
2.122170837937633614e+00 1.652831087500000251e+01
2.124823375000000070e+00 1.650290745614161736e+01
2.127829458333333257e+00 1.646464536964245795e+01
2.129001693265490047e+00 1.645219662500000268e+01
2.130835541666666444e+00 1.643157091471361397e+01
2.133841625000000075e+00 1.639209952098678968e+01
2.135094751625708387e+00 1.637608237500000286e+01
2.136847708333333262e+00 1.635203481848893148e+01
2.139853791666666449e+00 1.630627879988718831e+01
2.140233035110962856e+00 1.629996812500000303e+01
2.142859875000000081e+00 1.625587923651284683e+01
2.144877758018704395e+00 1.622385387500000320e+01
2.145865958333333268e+00 1.620703326087106788e+01
2.148872041666666455e+00 1.614918691533400263e+01
2.148941940033727072e+00 1.614773962499999982e+01
2.151878125000000086e+00 1.608875445275007365e+01
2.152686977666902202e+00 1.607162537500000354e+01
2.154884208333333273e+00 1.602420624866938326e+01
2.156291741379424920e+00 1.599551112500000016e+01
2.157890291666666904e+00 1.596028157832836492e+01
2.159861207526397209e+00 1.591939687500000034e+01
2.160896375000000091e+00 1.589658749960502249e+01
2.163018599828476773e+00 1.584328262499999873e+01
2.163902458333333279e+00 1.582071881670876223e+01
2.165721600025945381e+00 1.576716837499999713e+01
2.166908541666666466e+00 1.573095439082259439e+01
2.168037752506284832e+00 1.569105412500000085e+01
2.169914625000000097e+00 1.562149648771352339e+01
2.170084195954800066e+00 1.561493987499999925e+01
2.171798385128302034e+00 1.553882562500000120e+01
2.172920708333333284e+00 1.548108195353402294e+01
2.173270629298309053e+00 1.546271137499999959e+01
2.174699043268974563e+00 1.538659712499999976e+01
2.175926791666666471e+00 1.531409128048303003e+01
2.175989847366762042e+00 1.531048287499999994e+01
2.177191474591454678e+00 1.523436862500000011e+01
2.178532809972963058e+00 1.515825437500000206e+01
2.178932875000000102e+00 1.513692435134828962e+01
2.179987466540282082e+00 1.508214012500000223e+01
2.181627538110902265e+00 1.500602587500000062e+01
2.181938958333333289e+00 1.499190266699550556e+01
2.183375788628860725e+00 1.492991162500000080e+01
2.184945041666666476e+00 1.486780002986900229e+01
2.185285710338409793e+00 1.485379737500000097e+01
2.187320913383512089e+00 1.477768312500000114e+01
2.187951125000000108e+00 1.475240038159261680e+01
2.189171682084437798e+00 1.470156887499999954e+01
2.190957208333333295e+00 1.463821299031284262e+01
2.191301682213230517e+00 1.462545462499999971e+01
2.193381694490248446e+00 1.454934037499999988e+01
2.193963291666666482e+00 1.452643077112610115e+01
2.195203140169736500e+00 1.447322612500000005e+01
2.196969374999999669e+00 1.440462459537428863e+01
2.197151975837945859e+00 1.439711187500000023e+01
2.198852012755127205e+00 1.432099762500000040e+01
2.199975458333333300e+00 1.427035968940924704e+01
2.200517506764143594e+00 1.424488337499999879e+01
2.202049601557404479e+00 1.416876912499999897e+01
2.202981541666666487e+00 1.412476740522072305e+01
2.203618668537575154e+00 1.409265487499999914e+01
2.204844288160911159e+00 1.401654062499999753e+01
2.205987625000000119e+00 1.394187207530193184e+01
2.206009019739381127e+00 1.394042637499999948e+01
2.206905112088248799e+00 1.386431212499999965e+01
2.207664917198485455e+00 1.378819787499999805e+01
2.208435205958949599e+00 1.371208362500000000e+01
2.208787154740685210e+00 1.363596937500000017e+01
2.208993708333333306e+00 1.359718864188280030e+01
2.209181351614455835e+00 1.355985512500000034e+01
2.209350804044766914e+00 1.348374087499999874e+01
2.209313521232866506e+00 1.340762662500000069e+01
2.209048906868945394e+00 1.333151237500000086e+01
2.208993708333333306e+00 1.332035981548698977e+01
2.208659179348538615e+00 1.325539812499999925e+01
2.208008048859340988e+00 1.317928387499999943e+01
2.207227688981199254e+00 1.310316962499999960e+01
2.206188987370080845e+00 1.302705537499999977e+01
2.205987625000000119e+00 1.301559227038728750e+01
2.204845568242070897e+00 1.295094112499999994e+01
2.203372992117307305e+00 1.287482687500000011e+01
2.202981541666666487e+00 1.285865827730449240e+01
2.201506701923699794e+00 1.279871262500000029e+01
2.199975458333333300e+00 1.273557936710946237e+01
2.199652904945090359e+00 1.272259837499999868e+01
2.197472399212049066e+00 1.264648412499999885e+01
2.196969374999999669e+00 1.263090956586697544e+01
2.194937642815863121e+00 1.257036987499999725e+01
2.193963291666666482e+00 1.254487814560606829e+01
2.192064798974379780e+00 1.249425562499999920e+01
2.190957208333333295e+00 1.246805109187436855e+01
2.188705834689343988e+00 1.241814137499999937e+01
2.187951125000000108e+00 1.240299247903225677e+01
2.184952764370811540e+00 1.234202712499999954e+01
2.184945041666666476e+00 1.234189051067020593e+01
2.181938958333333289e+00 1.229023771635478113e+01
2.180488995813091080e+00 1.226591287499999972e+01
2.178932875000000102e+00 1.224239258529062724e+01
2.175926791666666471e+00 1.219869636446352068e+01
2.175281128606502801e+00 1.218979862499999989e+01
2.172920708333333284e+00 1.216051552423569149e+01
2.169914625000000097e+00 1.212130022616752534e+01
2.169292188709651903e+00 1.211368437500000006e+01
2.166908541666666466e+00 1.208715448117078495e+01
2.163902458333333279e+00 1.205264155094513434e+01
2.162656366750381753e+00 1.203757012499999846e+01
2.160896375000000091e+00 1.201766719155865459e+01
2.157890291666666460e+00 1.198379423849804226e+01
2.155910888757455623e+00 1.196145587500000040e+01
2.154884208333333273e+00 1.195072547484222270e+01
2.151878125000000086e+00 1.191852506636198328e+01
2.148872041666666011e+00 1.188552220192411113e+01
2.148854702019186824e+00 1.188534162500000058e+01
2.145865958333333268e+00 1.185606022498753198e+01
2.142859875000000081e+00 1.182446456508237098e+01
2.141373838155927523e+00 1.180922737499999897e+01
2.139853791666666449e+00 1.179422472664404431e+01
2.136847708333333262e+00 1.176576485134746974e+01
2.133841625000000075e+00 1.173615481820658069e+01
2.133510848544620586e+00 1.173311312499999737e+01
2.130835541666666444e+00 1.170966576496268985e+01
2.127829458333333257e+00 1.168272032549288397e+01
2.125106828111984925e+00 1.165699887499999932e+01
2.124823375000000070e+00 1.165446042737310428e+01
2.121817291666666438e+00 1.162818886558693876e+01
2.118811208333333695e+00 1.160177270244798464e+01
2.116505522062898326e+00 1.158088462499999949e+01
2.115805125000000064e+00 1.157492690364067123e+01
2.112799041666666433e+00 1.154965701640946563e+01
2.109792958333333246e+00 1.152666475566630311e+01
2.107154186703143584e+00 1.150477037499999966e+01
2.106786875000000059e+00 1.150178355594408686e+01
2.103780791666666428e+00 1.148005453922519159e+01
2.100774708333333685e+00 1.145708191295817713e+01
2.097768624999999609e+00 1.143517341417039823e+01
2.096793898211483764e+00 1.142865612499999983e+01
2.094762541666666422e+00 1.141567281115787225e+01
2.091756458333333235e+00 1.139739537006184733e+01
2.088750375000000048e+00 1.138065498440120038e+01
2.085744291666666417e+00 1.136427123099328185e+01
2.083621503562997468e+00 1.135254187500000000e+01
2.082738208333333230e+00 1.134776460844934576e+01
2.079732125000000043e+00 1.133279928050196794e+01
2.076726041666666855e+00 1.131831338664825282e+01
2.073719958333333224e+00 1.130470676396317842e+01
2.070713875000000037e+00 1.129073203955939952e+01
2.067707791666666406e+00 1.127836432364670571e+01
2.067264352256854121e+00 1.127642762500000018e+01
2.064701708333333219e+00 1.126536822500050228e+01
2.061695625000000032e+00 1.125446918171475019e+01
2.058689541666666845e+00 1.124168481980360390e+01
2.055683458333333213e+00 1.123011129354154036e+01
2.052677375000000026e+00 1.121874103595108174e+01
2.049671291666666395e+00 1.120746946175727210e+01
2.047788654135518804e+00 1.120031337499999857e+01
2.046665208333333208e+00 1.119613363291802166e+01
2.043659125000000021e+00 1.118609649927923222e+01
2.040653041666666834e+00 1.117565919661126550e+01
2.037646958333333203e+00 1.116543774063264749e+01
2.034640875000000015e+00 1.115583228844585406e+01
2.031634791666666384e+00 1.114633864218550308e+01
2.028628708333333197e+00 1.113602761986508050e+01
2.025622625000000010e+00 1.112570321585452504e+01
2.025177442742035705e+00 1.112419912499999874e+01
2.022616541666666823e+00 1.111570911116808347e+01
2.019610458333333192e+00 1.110661633344122912e+01
2.016604375000000005e+00 1.109791753373514389e+01
2.013598291666666373e+00 1.108973151032093085e+01
2.010592208333333186e+00 1.108214123092637493e+01
2.007586124999999999e+00 1.107545324831138345e+01
2.004580041666666812e+00 1.106907889809917833e+01
2.001573958333333181e+00 1.106327000120702486e+01
1.998567874999999994e+00 1.105956111499580174e+01
1.995561791666666807e+00 1.105726327888639560e+01
1.992555708333333175e+00 1.105546506195744527e+01
1.989549624999999988e+00 1.105592172213492042e+01
1.986543541666666357e+00 1.105731900657181654e+01
1.983537458333332948e+00 1.106009114086793410e+01
1.980531375000000205e+00 1.106359594368491095e+01
1.977525291666666574e+00 1.106729739808891289e+01
1.974519208333333165e+00 1.107505920073909422e+01
1.971513124999999977e+00 1.108277095997346606e+01
1.968507041666666568e+00 1.109204903148467025e+01
1.965500958333333159e+00 1.110133054921468343e+01
1.962494874999999972e+00 1.111226803551449294e+01
