1.135694104423482109e+01 1.910568216560631916e+00
1.138651466815689162e+01 1.910444724701209518e+00
1.141608829207896392e+01 1.910286314938438146e+00
1.144566191600103622e+01 1.910200759838234452e+00
1.147523553992310674e+01 1.910218272126800398e+00
1.150480916384517727e+01 1.910322777766596536e+00
1.153438278776724957e+01 1.910426694064117914e+00
1.156395641168932009e+01 1.910555359067256154e+00
1.158782147951221830e+01 1.910801430768922282e+00
1.159353003561139062e+01 1.910857132556297966e+00
1.162310365953346292e+01 1.911090482606356833e+00
1.165267728345553344e+01 1.911364746504997436e+00
1.168225090737760397e+01 1.911720053384326601e+00
1.171182453129967627e+01 1.912080651196966130e+00
1.174139815522174857e+01 1.912527223905463813e+00
1.177097177914381909e+01 1.912966532757226279e+00
1.178352105600863986e+01 1.913215557318390658e+00
1.180054540306588962e+01 1.913532108261088105e+00
1.183011902698796192e+01 1.914072317801344569e+00
1.185969265091003244e+01 1.914664240893940939e+00
1.188926627483210297e+01 1.915242812169647202e+00
1.190872617569404923e+01 1.915629683867859478e+00
1.191883989875417527e+01 1.915816747834146350e+00
1.194841352267624579e+01 1.916367153682209334e+00
1.197798714659831631e+01 1.917006262848421017e+00
1.200756077052038862e+01 1.917662406455974633e+00
1.202406417804150074e+01 1.918043810417328299e+00
1.203713439444245914e+01 1.918331393002995711e+00
1.206670801836452966e+01 1.918972821706310006e+00
1.209628164228660196e+01 1.919567773977396197e+00
1.212585526620867249e+01 1.920226256670811038e+00
1.213583802448452076e+01 1.920457936966796897e+00
1.215542889013074301e+01 1.920891734467155887e+00
1.218500251405281531e+01 1.921511061553603739e+00
1.221457613797488762e+01 1.922095388532428117e+00
1.224414976189695814e+01 1.922712955275270863e+00
1.225172916761290409e+01 1.922872063516265495e+00
1.227372338581902866e+01 1.923300275525194891e+00
1.230329700974110096e+01 1.923905033565305622e+00
1.233287063366316971e+01 1.924470564990534927e+00
1.236244425758524201e+01 1.925045788756463372e+00
1.237660657513294638e+01 1.925286190065734093e+00
1.239201788150731431e+01 1.925533662082966391e+00
1.242159150542938661e+01 1.925974494118687819e+00
1.245116512935145536e+01 1.926409190756081635e+00
1.248073875327352766e+01 1.926896547505598800e+00
1.251031237719559819e+01 1.927387712805955555e+00
1.253406087672437685e+01 1.927700316615202691e+00
1.253988600111766871e+01 1.927773087108024530e+00
1.256945962503974101e+01 1.928173185867198214e+00
1.259903324896181331e+01 1.928587054459337313e+00
1.262860687288388206e+01 1.928960553972070002e+00
1.265818049680595614e+01 1.929320378018912319e+00
1.268775412072802666e+01 1.929767983301524215e+00
1.271732774465009896e+01 1.930113374514939029e+00
1.271741878683976701e+01 1.930114443164671290e+00
1.274690136857216771e+01 1.930451814361413776e+00
1.277647499249424001e+01 1.930830988335589193e+00
1.280604861641631054e+01 1.931181684179150482e+00
1.283562224033838106e+01 1.931536985448048416e+00
1.286519586426045336e+01 1.931890818679082189e+00
1.289476948818252389e+01 1.932174666712110245e+00
1.292434311210459441e+01 1.932507045606820739e+00
1.292604634889980275e+01 1.932528569714140110e+00
1.295391673602666671e+01 1.932852446009085234e+00
1.298349035994873901e+01 1.933206126578737472e+00
1.301306398387080776e+01 1.933555528305084481e+00
1.304263760779288006e+01 1.933919272101787712e+00
1.307221123171495236e+01 1.934274840068199719e+00
1.310178485563702466e+01 1.934736884107469690e+00
1.311502127104934345e+01 1.934942696263608930e+00
1.313135847955909341e+01 1.935187233167817267e+00
1.316093210348116571e+01 1.935557105226561214e+00
1.319050572740323624e+01 1.935989201122468195e+00
1.322007935132530676e+01 1.936416495854802911e+00
1.324965297524737906e+01 1.936949728837262130e+00
1.327129149373472750e+01 1.937356822813077306e+00
1.327922659916944959e+01 1.937497575350456858e+00
1.330880022309152011e+01 1.938029249146318911e+00
1.333837384701359241e+01 1.938604246556265176e+00
1.336794747093566293e+01 1.939202212972191974e+00
1.339336985518526291e+01 1.939770949362546126e+00
1.339752109485773346e+01 1.939860306642171794e+00
1.342709471877980576e+01 1.940360240108191192e+00
1.345666834270187806e+01 1.940926663572955846e+00
1.348624196662394681e+01 1.941616939980165935e+00
1.350866977832347615e+01 1.942185075912014725e+00
1.351581559054601911e+01 1.942361820711275833e+00
1.354538921446809141e+01 1.943120453943484982e+00
1.357496283839016371e+01 1.943889683834197690e+00
1.360132398905968110e+01 1.944599202461483323e+00
1.360453646231223246e+01 1.944682588046952043e+00
1.363411008623430476e+01 1.945532723054073099e+00
1.366368371015637351e+01 1.946297981720447323e+00
1.368619792526161838e+01 1.947013329010951921e+00
1.369325733407844581e+01 1.947229540812849047e+00
1.372283095800051811e+01 1.948163331698499423e+00
1.375240458192258863e+01 1.949094108281143045e+00
1.376266956689315002e+01 1.949427455560420519e+00
1.378197820584465916e+01 1.950044700713821744e+00
1.381155182976673146e+01 1.951107537235912126e+00
1.383244365202434345e+01 1.951841582109889561e+00
1.384112545368880376e+01 1.952135703918865151e+00
1.387069907761087251e+01 1.953079713591469257e+00
1.390027270153294481e+01 1.954153165520853275e+00
1.390300836695095654e+01 1.954255708659357937e+00
1.392984632545501711e+01 1.955260177273468791e+00
1.395941994937708586e+01 1.956382039418398833e+00
1.396627802854189326e+01 1.956669835208826758e+00
1.398899357329915816e+01 1.957643576846268552e+00
1.401856719722123046e+01 1.958811969571361944e+00
1.402523180803570035e+01 1.959083961758294912e+00
1.404814082114330276e+01 1.959954095667918672e+00
1.407771444506537151e+01 1.961108448921147662e+00
1.408702628324478567e+01 1.961498088307763954e+00
1.410728806898744381e+01 1.962331667733799190e+00
1.413686169290951256e+01 1.963489261969983080e+00
1.414738103187790585e+01 1.963912214857232552e+00
1.416643531683158486e+01 1.964674788016253171e+00
1.419600894075365716e+01 1.965883723466769428e+00
1.420629532924997385e+01 1.966326341406701150e+00
1.422558256467572946e+01 1.967134508302039952e+00
1.425515618859779821e+01 1.968349431011578998e+00
1.426453890263483970e+01 1.968740467956169971e+00
1.428472981251987051e+01 1.969583422360463132e+00
1.431430343644194281e+01 1.970805137388964567e+00
1.432259065049363222e+01 1.971154594505638569e+00
1.434387706036401511e+01 1.972024354931229073e+00
1.437345068428608386e+01 1.973215745202161919e+00
1.438241693788643438e+01 1.973568721055107167e+00
1.440302430820815616e+01 1.974367709858145137e+00
1.443259793213022668e+01 1.975518221080233339e+00
1.444350988769275723e+01 1.975982847604575765e+00
1.446217155605229721e+01 1.976763023740844005e+00
1.449174517997436773e+01 1.978124682326774408e+00
1.449805387876305574e+01 1.978396974154044141e+00
1.452131880389644003e+01 1.979383159032618300e+00
1.455089242781851233e+01 1.980755074954963169e+00
1.455221895920069564e+01 1.980811100703512961e+00
1.458046605174058286e+01 1.981982310374877043e+00
1.460811332892539482e+01 1.983225227252981782e+00
1.461003967566265338e+01 1.983314904170394355e+00
1.463961329958472390e+01 1.984674057439203221e+00
1.465868764529041002e+01 1.985639353802450380e+00
1.466918692350679621e+01 1.986148373523026311e+00
1.469876054742886851e+01 1.987629941037802439e+00
1.470725439825901937e+01 1.988053480351918978e+00
1.472833417135093725e+01 1.989126452365447939e+00
1.475352552436906173e+01 1.990467606901387576e+00
1.475790779527300955e+01 1.990705290040924558e+00
1.478748141919508186e+01 1.992305493432211971e+00
1.479672616414420894e+01 1.992881733450856174e+00
1.481705504311715238e+01 1.994110534567524518e+00
1.483877318340464058e+01 1.995295860000324994e+00
1.484662866703922290e+01 1.995732324945260094e+00
1.487620229096129520e+01 1.997506571236821182e+00
1.487946433610495234e+01 1.997709986549793593e+00
1.490577591488336395e+01 1.999468038247367296e+00
1.491544498373555250e+01 2.000124113099261969e+00
1.493534953880543625e+01 2.001482954921130375e+00
1.495085621127539177e+01 2.002538239648731011e+00
1.496492316272750855e+01 2.003470504434083033e+00
1.498562139193893827e+01 2.004952366198199609e+00
1.499449678664958086e+01 2.005640194628993900e+00
1.501714324361373443e+01 2.007366492747668207e+00
1.502407041057164960e+01 2.007910594738948173e+00
1.504669735637029682e+01 2.009780619297136806e+00
1.505364403449372190e+01 2.010362994570338291e+00
1.507474546816856531e+01 2.012194745846605404e+00
1.508321765841579420e+01 2.012959520345155795e+00
1.510106484566566465e+01 2.014608872396074002e+00
1.511279128233786295e+01 2.015763292281232744e+00
1.512537533494522179e+01 2.017022998945542156e+00
1.514236490625993525e+01 2.018793018620843149e+00
1.514868907409470111e+01 2.019437125495011198e+00
1.517173554005940339e+01 2.021851252044480240e+00
1.517193853018200755e+01 2.021874507730482495e+00
1.519204436561074090e+01 2.024265378593948839e+00
1.520151215410407808e+01 2.025520196934948558e+00
1.521046221239710050e+01 2.026679505143417437e+00
1.522979702187537399e+01 2.029093631692886035e+00
1.523108577802614860e+01 2.029269677549200068e+00
1.524697103374878893e+01 2.031507758242354633e+00
1.526065940194821913e+01 2.033549963952417716e+00
1.526324790765592354e+01 2.033921884791823231e+00
1.528063374215437520e+01 2.036336011341291830e+00
1.529023302587029143e+01 2.037804997069008195e+00
1.529637915989709995e+01 2.038750137890760428e+00
1.531259013325366247e+01 2.041164264440229026e+00
1.531980664979236195e+01 2.042383869746108527e+00
1.532697717863545961e+01 2.043578390989697624e+00
1.534178401425139349e+01 2.045992517539166666e+00
1.534938027371443248e+01 2.047271280835054608e+00
1.535632079365912617e+01 2.048406644088635264e+00
1.537060030510040676e+01 2.050820770638103863e+00
1.537895389763650655e+01 2.052279827482796026e+00
1.538438537934178996e+01 2.053234897187572461e+00
1.539811918548786096e+01 2.055649023737041059e+00
1.540852752155857530e+01 2.057557231083839255e+00
1.541135475084044515e+01 2.058063150286509657e+00
1.542534709586486841e+01 2.060477276835978255e+00
1.543810114548064760e+01 2.062854883659127836e+00
1.543830380388461698e+01 2.062891403385446853e+00
1.545287939180217052e+01 2.065305529934915896e+00
1.546649838696478696e+01 2.067719656484384494e+00
1.546767476940271990e+01 2.067923141829264733e+00
1.548046266637480350e+01 2.070133783033853092e+00
1.549433418882832392e+01 2.072547909583321690e+00
1.549724839332478865e+01 2.073048988607585574e+00
1.550884587175996643e+01 2.074962036132790288e+00
1.552311204799834421e+01 2.077376162682258887e+00
1.552682201724686095e+01 2.077983001072440494e+00
1.553810375634846608e+01 2.079790289231727485e+00
1.555189524815046909e+01 2.082204415781196083e+00
1.555639564116893325e+01 2.083017924533846710e+00
1.556552274406907443e+01 2.084618542330664681e+00
1.557943684156876785e+01 2.087032668880133279e+00
1.558596926509100200e+01 2.088181176975752784e+00
1.559330766871382323e+01 2.089446795429602322e+00
1.560696555383993456e+01 2.091860921979070920e+00
1.561554288901307430e+01 2.093481053000337155e+00
1.561986067039435255e+01 2.094275048528539518e+00
1.563198441723973886e+01 2.096689175078008116e+00
1.564261338505929366e+01 2.099103301627476714e+00
1.564511651293514660e+01 2.099768182811320827e+00
1.565194422402910313e+01 2.101517428176945312e+00
1.566081035417879797e+01 2.103931554726413911e+00
1.566915945652295861e+01 2.106345681275882509e+00
1.567469013685721535e+01 2.108151776126090837e+00
1.567661532520849299e+01 2.108759807825351551e+00
1.568212109957895706e+01 2.111173934374820149e+00
1.568539415870865383e+01 2.113588060924288747e+00
1.568790155983471379e+01 2.116002187473757346e+00
1.568875064789859231e+01 2.118416314023225944e+00
1.568702090144505412e+01 2.120830440572694542e+00
1.568407116752478458e+01 2.123244567122163140e+00
1.567666579390854942e+01 2.125658693671631738e+00
1.567469013685721890e+01 2.126246566690168205e+00
1.566847752770910951e+01 2.128072820221100336e+00
1.565684339341327203e+01 2.130486946770568935e+00
1.564511651293514660e+01 2.132398364495414089e+00
1.564200508589996019e+01 2.132901073320037977e+00
1.562419383717369570e+01 2.135315199869506575e+00
1.561554288901307430e+01 2.136370731552108548e+00
1.560396934804101399e+01 2.137729326418975173e+00
1.558596926509100378e+01 2.139700130902933761e+00
1.558182248406623494e+01 2.140143452968443771e+00
1.555639564116893325e+01 2.142417918131468646e+00
1.555476393201745111e+01 2.142557579517912369e+00
1.552682201724686095e+01 2.144707154408339367e+00
1.552339027344332401e+01 2.144971706067380968e+00
1.549724839332478865e+01 2.146870492230382066e+00
1.548971353453564781e+01 2.147385832616849566e+00
1.546767476940271990e+01 2.148787295031230560e+00
1.545106744946963317e+01 2.149799959166318164e+00
1.543810114548064760e+01 2.150568019705008105e+00
1.540988584378671078e+01 2.152214085715787206e+00
1.540852752155857353e+01 2.152292402131256832e+00
1.537895389763650655e+01 2.153890069269504437e+00
1.536594546696413488e+01 2.154628212265255804e+00
1.534938027371443425e+01 2.155571036915606697e+00
1.532277589629722137e+01 2.157042338814724403e+00
1.531980664979236195e+01 2.157202716952066002e+00
1.529023302587029143e+01 2.158782786471484805e+00
1.527735106611764948e+01 2.159456465364193001e+00
1.526065940194822090e+01 2.160340368666977540e+00
1.523222517148250610e+01 2.161870591913661599e+00
1.523108577802614860e+01 2.161933165071638019e+00
1.520151215410407985e+01 2.163526083841238901e+00
1.518720911837910137e+01 2.164284718463130197e+00
1.517193853018200755e+01 2.165107627491900555e+00
1.514445649777051628e+01 2.166698845012598795e+00
1.514236490625993348e+01 2.166822612043955765e+00
1.511279128233786295e+01 2.168399371931789332e+00
1.510001898826677724e+01 2.169112971562067393e+00
1.508321765841579420e+01 2.170097210258769671e+00
1.505853529366729582e+01 2.171527098111535992e+00
1.505364403449372190e+01 2.171811636558736325e+00
1.502407041057164960e+01 2.173559560267900537e+00
1.501708565125761297e+01 2.173941224661004590e+00
1.499449678664957908e+01 2.175217228511264089e+00
1.497515478167032654e+01 2.176355351210473632e+00
1.496492316272750855e+01 2.176963212928442637e+00
1.493534953880543625e+01 2.178707979449013177e+00
1.493430306884913428e+01 2.178769477759942230e+00
1.490577591488336395e+01 2.180501853822785385e+00
1.489420341066409748e+01 2.181183604309410828e+00
1.487620229096129520e+01 2.182260771887750472e+00
1.485521632304436324e+01 2.183597730858879427e+00
1.484662866703922290e+01 2.184149384630517776e+00
1.481705504311715238e+01 2.185976560850204198e+00
1.481649059108554134e+01 2.186011857408348025e+00
1.478748141919508186e+01 2.187840804925633265e+00
1.477802596538319690e+01 2.188425983957816623e+00
1.475790779527300955e+01 2.189677368319553619e+00
1.473941160826477770e+01 2.190840110507285221e+00
1.472833417135093725e+01 2.191562839506453919e+00
1.469876054742886851e+01 2.193206007740928776e+00
1.469802041287249317e+01 2.193254237056753819e+00
1.466918692350679621e+01 2.195086637483044889e+00
1.465948186157287836e+01 2.195668363606222862e+00
1.463961329958472390e+01 2.196909812700544862e+00
1.462119162094568381e+01 2.198082490155691460e+00
1.461003967566265338e+01 2.198749981708662204e+00
1.458046605174058286e+01 2.200351953148840245e+00
1.457788913423729937e+01 2.200496616705160058e+00
1.455089242781851055e+01 2.202037561528583876e+00
1.453428300778926996e+01 2.202910743254628656e+00
1.452131880389644181e+01 2.203580630120862693e+00
1.449174517997436951e+01 2.205105142596671897e+00
1.448686803669054513e+01 2.205324869804097254e+00
1.446217155605229721e+01 2.206408354259874027e+00
1.443291151501942338e+01 2.207738996353565852e+00
1.443259793213022668e+01 2.207753068517814832e+00
1.440302430820815616e+01 2.209173242194667264e+00
1.437885494169257505e+01 2.210153122903034451e+00
1.437345068428608386e+01 2.210365894882340587e+00
1.434387706036401511e+01 2.211520370231109922e+00
1.431649097700183759e+01 2.212567249452503049e+00
1.431430343644194281e+01 2.212652246841325887e+00
1.428472981251987051e+01 2.213740623442033595e+00
1.425515618859779821e+01 2.214800725566938411e+00
1.425020251818845196e+01 2.214981376001971647e+00
1.422558256467572946e+01 2.215857155912693166e+00
1.419600894075365716e+01 2.216689972388105723e+00
1.417013867999347987e+01 2.217395502551440245e+00
1.416643531683158486e+01 2.217498006277708988e+00
1.413686169290951433e+01 2.218116092425308050e+00
1.410728806898744381e+01 2.218937078711327615e+00
1.407771444506537151e+01 2.219565274349548201e+00
1.406715049462209421e+01 2.219809629100909287e+00
1.404814082114329921e+01 2.220247051073537925e+00
1.401856719722123046e+01 2.220916383427641527e+00
1.398899357329915816e+01 2.221475502081223574e+00
1.395941994937708763e+01 2.222002743752295117e+00
1.394856667805699502e+01 2.222223755650377885e+00
1.392984632545501711e+01 2.222608893561649701e+00
1.390027270153294658e+01 2.223137114122518465e+00
1.387069907761087251e+01 2.223581695459310836e+00
1.384112545368880376e+01 2.223880594292509283e+00
1.381155182976673146e+01 2.224283179953729483e+00
1.378665037594033649e+01 2.224637882199846484e+00
1.378197820584465738e+01 2.224706791785666660e+00
1.375240458192259041e+01 2.225165505278994704e+00
1.372283095800051811e+01 2.225535418451796588e+00
1.369325733407844581e+01 2.225926002235460111e+00
1.366368371015637528e+01 2.226275463207718630e+00
1.363411008623430476e+01 2.226741530095876165e+00
1.360453646231223246e+01 2.227051475019238058e+00
1.360449492938981741e+01 2.227052008749315082e+00
1.357496283839016016e+01 2.227441378586076492e+00
1.354538921446809141e+01 2.227790485947872323e+00
1.351581559054601911e+01 2.228101076581956441e+00
1.348624196662394681e+01 2.228457923489587156e+00
1.345666834270187806e+01 2.228841212896869539e+00
1.342709471877980576e+01 2.229194854062008790e+00
1.339752109485773346e+01 2.229418407239529998e+00
1.339340558762160605e+01 2.229466135298783680e+00
1.336794747093566293e+01 2.229785358558771691e+00
1.333837384701359241e+01 2.230107814557238388e+00
1.330880022309152011e+01 2.230520181184734163e+00
1.327922659916944959e+01 2.230904447538374580e+00
1.324965297524737906e+01 2.231305347929592120e+00
1.322007935132530676e+01 2.231668226479776695e+00
1.319562151047354703e+01 2.231880261848252278e+00
1.319050572740323624e+01 2.231927133372580307e+00
1.316093210348116571e+01 2.232303021048255065e+00
1.313135847955909341e+01 2.232640021638462091e+00
1.310178485563702289e+01 2.232936558335529842e+00
1.307221123171495236e+01 2.233212548183057145e+00
1.304263760779288006e+01 2.233443460090612120e+00
1.301306398387080776e+01 2.233648575279704840e+00
1.298349035994873901e+01 2.233812248116254562e+00
1.295391673602666671e+01 2.233955642561197941e+00
1.292434311210459441e+01 2.234094947112171603e+00
1.289476948818252389e+01 2.234233213721623645e+00
1.286519586426045336e+01 2.234270043994217581e+00
1.283562224033838106e+01 2.234285471558727032e+00
1.282989702555733835e+01 2.234294388397720876e+00
1.280604861641631054e+01 2.234332918404585921e+00
1.277647499249424179e+01 2.234323289466476847e+00
1.274690136857216771e+01 2.234344415877107970e+00
1.272678018328085159e+01 2.234294388397720876e+00
1.271732774465009719e+01 2.234272205114367971e+00
1.268775412072802666e+01 2.234205178126212665e+00
1.265818049680595436e+01 2.234134797475311185e+00
1.262860687288388206e+01 2.234013903468522688e+00
1.259903324896181331e+01 2.233884118010263542e+00
1.256945962503974101e+01 2.233699414618460999e+00
1.253988600111766871e+01 2.233489888542727009e+00
1.251031237719559819e+01 2.233223017976499580e+00
1.248073875327352766e+01 2.232973402485819214e+00
1.245116512935145536e+01 2.232584862555340166e+00
1.242159150542938484e+01 2.232256764070678301e+00
1.239201788150731431e+01 2.231881154582315396e+00
1.239195271255830377e+01 2.231880261848252278e+00
1.236244425758524201e+01 2.231477564989743367e+00
1.233287063366317149e+01 2.231000014761339578e+00
1.230329700974110096e+01 2.230512065931330667e+00
1.227372338581902866e+01 2.229934782373704127e+00
1.224993817736267587e+01 2.229466135298783680e+00
1.224414976189695814e+01 2.229369453507455301e+00
1.221457613797488584e+01 2.228792740934202321e+00
1.218500251405281531e+01 2.228200384817817792e+00
1.215542889013074301e+01 2.227551048272859546e+00
1.213416452057361639e+01 2.227052008749315082e+00
1.212585526620867249e+01 2.226867226694302371e+00
1.209628164228660196e+01 2.226169313112870363e+00
1.206670801836452966e+01 2.225505168697563541e+00
1.203713439444245914e+01 2.224765603353326071e+00
1.203270957396883745e+01 2.224637882199846484e+00
1.200756077052038862e+01 2.223959412756207676e+00
1.197798714659831631e+01 2.223209941251885091e+00
1.194841352267624579e+01 2.222290112891922131e+00
1.194629859872703825e+01 2.222223755650378330e+00
1.191883989875417527e+01 2.221392736102172361e+00
1.188926627483210297e+01 2.220474115250074654e+00
1.186901739152481028e+01 2.219809629100909287e+00
1.185969265091003244e+01 2.219514192025427324e+00
1.183011902698796192e+01 2.218477303435858694e+00
1.180062076941842442e+01 2.217395502551440245e+00
1.180054540306588962e+01 2.217392874828923777e+00
1.177097177914381909e+01 2.216339231442153945e+00
1.174139815522174679e+01 2.215178774942533124e+00
1.173643562684880592e+01 2.214981376001971647e+00
1.171182453129967627e+01 2.214015713242980965e+00
1.168225090737760397e+01 2.212754239441099724e+00
1.167811146463168548e+01 2.212567249452503049e+00
1.165267728345553344e+01 2.211460564811938312e+00
1.162458519994333805e+01 2.210153122903034451e+00
1.162310365953346292e+01 2.210085688457815056e+00
1.159353003561139062e+01 2.208732342394890136e+00
1.157320266086681571e+01 2.207738996353565852e+00
1.156395641168931832e+01 2.207302255298395188e+00
1.153438278776724957e+01 2.205793891761052006e+00
1.152542112345822289e+01 2.205324869804097254e+00
1.150480916384517727e+01 2.204236055069873856e+00
1.148154844673477015e+01 2.202910743254628656e+00
1.147523553992310674e+01 2.202561554409187661e+00
1.144566191600103622e+01 2.200900776772367173e+00
1.143882761013247773e+01 2.200496616705160058e+00
1.141608829207896392e+01 2.199180536817118892e+00
1.139786762691620225e+01 2.198082490155691460e+00
1.138651466815689339e+01 2.197399439768661367e+00
1.136036671111184582e+01 2.195668363606222862e+00
1.135694104423482109e+01 2.195444296214922986e+00
1.132736742031275057e+01 2.193525736750533195e+00
1.132342053400061488e+01 2.193254237056753819e+00
1.129779379639067827e+01 2.191460118744140928e+00
1.128922030472755367e+01 2.190840110507285221e+00
1.126822017246860597e+01 2.189331991057525961e+00
1.125589119848771347e+01 2.188425983957816179e+00
1.123864654854653722e+01 2.187146048832576906e+00
1.122415780427913923e+01 2.186011857408348025e+00
1.120907292462446492e+01 2.184810230129625275e+00
1.119448024167214228e+01 2.183597730858879427e+00
1.117949930070239439e+01 2.182341547327932396e+00
1.116615288635610526e+01 2.181183604309410384e+00
1.114992567678032387e+01 2.179760272614302608e+00
1.113880019311287128e+01 2.178769477759942230e+00
1.112035205285825157e+01 2.177060543126492664e+00
1.111277796124899275e+01 2.176355351210473632e+00
1.109077842893618104e+01 2.174253509837645648e+00
1.108758663151883717e+01 2.173941224661004590e+00
1.106351281496433003e+01 2.171527098111535992e+00
1.106120480501411052e+01 2.171293649944936011e+00
1.103987399722081086e+01 2.169112971562067393e+00
1.103163118109203822e+01 2.168236083837828954e+00
1.101753174832939663e+01 2.166698845012598795e+00
1.100205755716996769e+01 2.164961104892805466e+00
1.099597734600451915e+01 2.164284718463130197e+00
1.097487722796688381e+01 2.161870591913661599e+00
1.097248393324789539e+01 2.161585099269911936e+00
1.095453502375310784e+01 2.159456465364193001e+00
1.094291030932582487e+01 2.158045323047597108e+00
1.093461109138098131e+01 2.157042338814724403e+00
1.091546216613085996e+01 2.154628212265255804e+00
1.091333668540375257e+01 2.154356373653575130e+00
1.089617027797601168e+01 2.152214085715787206e+00
1.088376306148168204e+01 2.150595224905803793e+00
1.087761309031497348e+01 2.149799959166318164e+00
1.085966906234668983e+01 2.147385832616849566e+00
1.085418943755961152e+01 2.146598924005300280e+00
1.084235583718071894e+01 2.144971706067380968e+00
1.082507759249464030e+01 2.142557579517912369e+00
1.082461581363753922e+01 2.142492458344112283e+00
1.080764270239602709e+01 2.140143452968443771e+00
1.079504218971546869e+01 2.138318542388022436e+00
1.079093501408967803e+01 2.137729326418975173e+00
1.077454477571699698e+01 2.135315199869506575e+00
1.076546856579339817e+01 2.133948204854366537e+00
1.075817854134747265e+01 2.132901073320037977e+00
1.074223160326764592e+01 2.130486946770568935e+00
1.073589494187132587e+01 2.129460818914695075e+00
1.072698116820100012e+01 2.128072820221100336e+00
1.071126601799582900e+01 2.125658693671631738e+00
1.070632131794925535e+01 2.124869484279786835e+00
1.069570417704829524e+01 2.123244567122163140e+00
1.068048100186372018e+01 2.120830440572694542e+00
1.067674769402718482e+01 2.120232733685643467e+00
1.066505614284936954e+01 2.118416314023225944e+00
1.065050772850978156e+01 2.116002187473757346e+00
1.064717407010511252e+01 2.115436870463015318e+00
1.063572478914371366e+01 2.113588060924288747e+00
1.062155972729129694e+01 2.111173934374820149e+00
1.061760044618304200e+01 2.110482143028396873e+00
1.060732137998579816e+01 2.108759807825351551e+00
1.059356775918844917e+01 2.106345681275882509e+00
1.058802682226097147e+01 2.105365142034449910e+00
1.057947789537746530e+01 2.103931554726413466e+00
1.056571426808488212e+01 2.101517428176945312e+00
1.055845319833889917e+01 2.100204036698020360e+00
1.055201440020328896e+01 2.099103301627476714e+00
1.053838088800254091e+01 2.096689175078008116e+00
1.052887957441682687e+01 2.094928605289481105e+00
1.052517211007354803e+01 2.094275048528539518e+00
1.051168014488031410e+01 2.091860921979070920e+00
1.049930595049475635e+01 2.089521507908430831e+00
1.049889075097565616e+01 2.089446795429602322e+00
1.048581617100877494e+01 2.087032668880133279e+00
1.047355836921972738e+01 2.084618542330664681e+00
1.046973232657268582e+01 2.083846450206323642e+00
1.046125219263558215e+01 2.082204415781196083e+00
1.044908334781497139e+01 2.079790289231727485e+00
1.044015870265061352e+01 2.077895631546262667e+00
1.043752515720045260e+01 2.077376162682258887e+00
1.042565983996921375e+01 2.074962036132790288e+00
1.041454628288859041e+01 2.072547909583321690e+00
1.041058507872854300e+01 2.071665119232538821e+00
1.040332113415207793e+01 2.070133783033853092e+00
1.039244882588229224e+01 2.067719656484384494e+00
1.038224643144580028e+01 2.065305529934915896e+00
1.038101145480647247e+01 2.064996536047986719e+00
1.037205222077038869e+01 2.062891403385446853e+00
1.036171595448444904e+01 2.060477276835978255e+00
1.035226893616195731e+01 2.058063150286509657e+00
1.035143783088440017e+01 2.057846742532984052e+00
1.034233796474271827e+01 2.055649023737040615e+00
1.033314146367106012e+01 2.053234897187572461e+00
1.032460281223796805e+01 2.050820770638103863e+00
1.032186420696232965e+01 2.050012857834343727e+00
1.031605016801260177e+01 2.048406644088635264e+00
1.030810453199474352e+01 2.045992517539166222e+00
1.030060953537371837e+01 2.043578390989697624e+00
1.029367765789846700e+01 2.041164264440229026e+00
1.029229058304025912e+01 2.040649343328694520e+00
1.028672441218622602e+01 2.038750137890760428e+00
1.027997703274522934e+01 2.036336011341291830e+00
1.027366408044839297e+01 2.033921884791823231e+00
1.026799339764567165e+01 2.031507758242354633e+00
1.026282491140876019e+01 2.029093631692886035e+00
1.026271695911818682e+01 2.029039700657975676e+00
1.025755936778999988e+01 2.026679505143417437e+00
1.025290949476817914e+01 2.024265378593948839e+00
1.024857367062302416e+01 2.021851252044480240e+00
1.024445415100507262e+01 2.019437125495011198e+00
1.024100563092168414e+01 2.017022998945542600e+00
1.023805959717911307e+01 2.014608872396074002e+00
1.023558452985491662e+01 2.012194745846605404e+00
1.023319034633891356e+01 2.009780619297136806e+00
1.023314333519611630e+01 2.009710291767029311e+00
1.023139512128833495e+01 2.007366492747668207e+00
1.022963156559186615e+01 2.004952366198199609e+00
1.022865588304064488e+01 2.002538239648731011e+00
1.022821592235649746e+01 2.000124113099261969e+00
1.022829918192608645e+01 1.997709986549793593e+00
1.022881124892122173e+01 1.995295860000325217e+00
1.023014619689828386e+01 1.992881733450855952e+00
1.023201927227143315e+01 1.990467606901387576e+00
1.023314333519611630e+01 1.989151000509836731e+00
1.023401501258242696e+01 1.988053480351918978e+00
1.023661154609531820e+01 1.985639353802450380e+00
1.024023542641086237e+01 1.983225227252981782e+00
1.024406392864039717e+01 1.980811100703513183e+00
1.024902945741629523e+01 1.978396974154044363e+00
1.025484631072528785e+01 1.975982847604575987e+00
1.026076720125236719e+01 1.973568721055107389e+00
1.026271695911818682e+01 1.972932473847456070e+00
1.026805921196491944e+01 1.971154594505638347e+00
1.027614748382118393e+01 1.968740467956169748e+00
1.028524719207388394e+01 1.966326341406701150e+00
1.029229058304025912e+01 1.964669670948495206e+00
1.029549514771679242e+01 1.963912214857232552e+00
1.030651139227619240e+01 1.961498088307763954e+00
1.031895122069558290e+01 1.959083961758294912e+00
1.032186420696232965e+01 1.958547288372880502e+00
1.033236801926077675e+01 1.956669835208826758e+00
1.034783659093949382e+01 1.954255708659357937e+00
1.035143783088440017e+01 1.953732115951333892e+00
1.036450726751342266e+01 1.951841582109889561e+00
1.038101145480647247e+01 1.949698603307976619e+00
1.038313698410268593e+01 1.949427455560420519e+00
1.040375853259494221e+01 1.947013329010951699e+00
1.041058507872854300e+01 1.946237554462750374e+00
1.042627688693734811e+01 1.944599202461483323e+00
1.044015870265061352e+01 1.943229258138575721e+00
1.045128425564395158e+01 1.942185075912014725e+00
1.046973232657268582e+01 1.940590368785238162e+00
1.047955326273599397e+01 1.939770949362546126e+00
1.049930595049475635e+01 1.938180457888382335e+00
1.050974796294679514e+01 1.937356822813077084e+00
1.052887957441682865e+01 1.935920698927845018e+00
1.054362960412292871e+01 1.934942696263608708e+00
1.055845319833889917e+01 1.933997524781112531e+00
1.058191357317850922e+01 1.932528569714140110e+00
1.058802682226097147e+01 1.932145594374136133e+00
1.061760044618304200e+01 1.930482637684060698e+00
1.062474467642250886e+01 1.930114443164671512e+00
1.064717407010511252e+01 1.928966190713794493e+00
1.067277390462836628e+01 1.927700316615202691e+00
1.067674769402718482e+01 1.927502720634475253e+00
1.070632131794925535e+01 1.926114945880312179e+00
1.072558150960845325e+01 1.925286190065734093e+00
1.073589494187132587e+01 1.924846224132045869e+00
1.076546856579339817e+01 1.923679286315082893e+00
1.078685654047420961e+01 1.922872063516265495e+00
1.079504218971546869e+01 1.922561386138490480e+00
1.082461581363753922e+01 1.921478560488485421e+00
1.085418943755961152e+01 1.920467062937330160e+00
1.085446798852450812e+01 1.920457936966796897e+00
1.088376306148168204e+01 1.919464332218954628e+00
1.091333668540375257e+01 1.918598513801368588e+00
1.093363863460118068e+01 1.918043810417328521e+00
1.094291030932582665e+01 1.917780020331336210e+00
1.097248393324789539e+01 1.916955922341607277e+00
1.100205755716996769e+01 1.916203376187719298e+00
1.102534529884488279e+01 1.915629683867859701e+00
1.103163118109203999e+01 1.915472927248891066e+00
1.106120480501411052e+01 1.914800313898602058e+00
1.109077842893618104e+01 1.914163299389819439e+00
1.112035205285825157e+01 1.913560700196504261e+00
1.114003608007286061e+01 1.913215557318390658e+00
1.114992567678032387e+01 1.913030187352436462e+00
1.117949930070239262e+01 1.912641544301741936e+00
1.120907292462446492e+01 1.912129019235224714e+00
1.123864654854653722e+01 1.911720900902983633e+00
1.126822017246860774e+01 1.911423213472475124e+00
1.129779379639067827e+01 1.911104691074060780e+00
1.132736742031275057e+01 1.910844612081548100e+00
1.133213675072384241e+01 1.910801430768922282e+00
1.135694104423482109e+01 1.910568216560631916e+00
