1.160613132377059742e+01 1.923010761166850990e+00
1.162624326586945323e+01 1.922855743404956463e+00
1.164635520796830903e+01 1.922694287427676230e+00
1.166646715006716306e+01 1.922565973032517306e+00
1.168657909216601709e+01 1.922438146267289039e+00
1.170669103426487112e+01 1.922319763358220523e+00
1.172680297636372693e+01 1.922209294622068576e+00
1.174691491846258273e+01 1.922125801194175310e+00
1.176702686056143676e+01 1.922044294232622130e+00
1.178713880266029079e+01 1.921975285339040829e+00
1.180725074475914660e+01 1.921915173098307283e+00
1.182736268685800063e+01 1.921855845937175289e+00
1.184747462895685644e+01 1.921818107257492247e+00
1.186758657105571046e+01 1.921779119269636515e+00
1.188769851315456449e+01 1.921750821434095036e+00
1.190781045525342030e+01 1.921736867617760414e+00
1.192792239735227611e+01 1.921720886255025462e+00
1.194803433945113014e+01 1.921706295686385069e+00
1.196814628154998417e+01 1.921715243110152294e+00
1.198825822364883820e+01 1.921728343659490523e+00
1.200837016574769400e+01 1.921752175276539853e+00
1.202848210784654981e+01 1.921770186698337213e+00
1.204859404994540384e+01 1.921810806931310456e+00
1.206870599204425787e+01 1.921841733147058529e+00
1.208881793414311367e+01 1.921888742603840239e+00
1.210892987624196948e+01 1.921941249279178976e+00
1.212904181834082351e+01 1.921995228418043933e+00
1.214915376043967754e+01 1.922056942548427960e+00
1.216926570253853157e+01 1.922123603870247166e+00
1.218937764463738738e+01 1.922192932976646507e+00
1.220948958673624318e+01 1.922279836946774179e+00
1.222960152883509721e+01 1.922360660198320748e+00
1.224971347093395124e+01 1.922452492249230538e+00
1.226982541303280527e+01 1.922547995011123501e+00
1.228993735513166108e+01 1.922641038855561479e+00
1.231004929723051688e+01 1.922749228762490770e+00
1.233016123932937091e+01 1.922861464116093710e+00
1.235027318142822494e+01 1.922971604309316795e+00
1.236422520303727524e+01 1.923045640059306116e+00
1.237038512352708075e+01 1.923076938893132137e+00
1.239049706562593656e+01 1.923181793951321827e+00
1.241060900772479059e+01 1.923291311361697176e+00
1.243072094982364462e+01 1.923399719186206003e+00
1.245083289192249865e+01 1.923520142180993542e+00
1.247094483402135445e+01 1.923638243443495988e+00
1.249105677612021026e+01 1.923760553401798745e+00
1.251116871821906429e+01 1.923869605973196339e+00
1.253128066031791832e+01 1.923988355663122540e+00
1.255139260241677412e+01 1.924106762250143099e+00
1.257150454451562638e+01 1.924231485778161499e+00
1.259161648661448396e+01 1.924361867267053272e+00
1.261172842871333799e+01 1.924484723241783213e+00
1.261715516546427907e+01 1.924520486314055479e+00
1.263184037081219202e+01 1.924613808752382971e+00
1.265195231291104783e+01 1.924733286806936228e+00
1.267206425500990363e+01 1.924842531737271045e+00
1.269217619710875766e+01 1.924960739460134240e+00
1.271228813920761169e+01 1.925070592933254776e+00
1.273240008130646572e+01 1.925193302959948172e+00
1.275251202340532153e+01 1.925302494861561797e+00
1.277262396550417733e+01 1.925401009557538234e+00
1.279273590760303136e+01 1.925496009415273324e+00
1.281284784970188539e+01 1.925587796477405522e+00
1.283295979180073942e+01 1.925688489027280070e+00
1.285307173389959345e+01 1.925794677105483022e+00
1.287318367599845104e+01 1.925894715993745621e+00
1.289329561809730507e+01 1.925985822720939877e+00
1.289519558108787045e+01 1.925995332568805063e+00
1.291340756019615910e+01 1.926083185142039911e+00
1.293351950229501490e+01 1.926174484585732039e+00
1.295363144439387071e+01 1.926266290630330502e+00
1.297374338649272474e+01 1.926365054704647584e+00
1.299385532859157877e+01 1.926478203708994918e+00
1.301396727069043280e+01 1.926564759351135470e+00
1.303407921278928860e+01 1.926657322924120841e+00
1.305419115488814441e+01 1.926744218325772806e+00
1.307430309698699844e+01 1.926848680205492936e+00
1.309441503908585247e+01 1.926944979563167903e+00
1.311452698118470828e+01 1.927036054405626864e+00
1.313463892328356408e+01 1.927129897237813472e+00
1.315475086538241811e+01 1.927221610211968805e+00
1.317486280748127214e+01 1.927331024479602029e+00
1.319497474958012617e+01 1.927431956212325215e+00
1.320204998153065468e+01 1.927470178823554425e+00
1.321508669167898198e+01 1.927537641200401719e+00
1.323519863377783778e+01 1.927636567594842809e+00
1.325531057587669181e+01 1.927756148487736798e+00
1.327542251797554584e+01 1.927870252383362182e+00
1.329553446007439987e+01 1.927983361516605321e+00
1.331564640217325568e+01 1.928096904933408906e+00
1.333575834427211149e+01 1.928214534512806999e+00
1.335587028637096552e+01 1.928337047666230486e+00
1.337598222846981955e+01 1.928478806407503132e+00
1.339609417056867535e+01 1.928622088508966659e+00
1.341620611266753116e+01 1.928770308040605119e+00
1.343631805476638519e+01 1.928910034946492935e+00
1.344118837769048547e+01 1.928945025078304010e+00
1.345642999686523922e+01 1.929050320369532390e+00
1.347654193896409325e+01 1.929185014908526341e+00
1.349665388106294905e+01 1.929340236395750141e+00
1.351676582316180486e+01 1.929496308402011362e+00
1.353687776526065889e+01 1.929671469873083245e+00
1.355698970735951292e+01 1.929843253229827083e+00
1.357710164945836695e+01 1.930005900809187214e+00
1.359721359155722098e+01 1.930190083172292237e+00
1.361732553365608034e+01 1.930366242812676658e+00
1.362309143584881355e+01 1.930419871333053372e+00
1.363743747575493259e+01 1.930548622512323620e+00
1.365754941785378662e+01 1.930737885716969915e+00
1.367766135995264420e+01 1.930923920164832053e+00
1.369777330205149823e+01 1.931124886233734461e+00
1.371788524415035226e+01 1.931325323813179562e+00
1.373799718624920452e+01 1.931540847718125509e+00
1.375810912834806032e+01 1.931743036956891979e+00
1.377239379533499708e+01 1.931894717587802957e+00
1.377822107044691613e+01 1.931954567807009138e+00
1.379833301254577194e+01 1.932180222731700647e+00
1.381844495464462597e+01 1.932402269824485597e+00
1.383855689674348000e+01 1.932624871123858945e+00
1.385866883884233580e+01 1.932867354482287858e+00
1.387878078094118806e+01 1.933115096977526592e+00
1.389889272304004564e+01 1.933348992944638134e+00
1.390056659098425662e+01 1.933369563842552541e+00
1.391900466513889967e+01 1.933589496604054769e+00
1.393911660723775370e+01 1.933837388895904619e+00
1.395922854933660950e+01 1.934081775558845528e+00
1.397934049143546353e+01 1.934334251373591274e+00
1.399945243353431934e+01 1.934588885707137607e+00
1.401956437563317337e+01 1.934836768556306152e+00
1.402014923433476312e+01 1.934844410097301903e+00
1.403967631773202740e+01 1.935091505139008294e+00
1.405978825983088321e+01 1.935360940321162682e+00
1.407990020192973901e+01 1.935631459147683753e+00
1.410001214402859304e+01 1.935905813778061813e+00
1.412012408612744707e+01 1.936176366178981034e+00
1.413066252291194047e+01 1.936319256352051266e+00
1.414023602822630288e+01 1.936444437569525778e+00
1.416034797032515868e+01 1.936730584242369657e+00
1.418045991242401271e+01 1.937022965021301779e+00
1.420057185452286674e+01 1.937312694096360088e+00
1.422068379662172255e+01 1.937610864430510338e+00
1.423319265102149167e+01 1.937794102606801072e+00
1.424079573872057658e+01 1.937902155808895799e+00
1.426090768081943239e+01 1.938212858208775424e+00
1.428101962291828642e+01 1.938514629076099505e+00
1.430113156501714045e+01 1.938828884412820974e+00
1.432124350711599448e+01 1.939153894167587211e+00
1.432850168381598621e+01 1.939268948861550435e+00
1.434135544921485028e+01 1.939466995115707304e+00
1.436146739131370609e+01 1.939793573382968983e+00
1.438157933341256012e+01 1.940127044997263628e+00
1.440169127551141415e+01 1.940462772364184518e+00
1.441897834674814405e+01 1.940743795116299797e+00
1.442180321761026995e+01 1.940788721038262832e+00
1.444191515970912576e+01 1.941120825841938569e+00
1.446202710180797979e+01 1.941471590658423008e+00
1.448213904390683382e+01 1.941817068964796444e+00
1.450225098600568785e+01 1.942183692984522647e+00
1.450410904536982137e+01 1.942218641371049159e+00
1.452236292810454366e+01 1.942550785398277302e+00
1.454247487020339946e+01 1.942920458892835267e+00
1.456258681230225349e+01 1.943293916146229261e+00
1.458269583164567074e+01 1.943693487625798744e+00
1.458269875440110752e+01 1.943693544364128112e+00
1.460281069649996510e+01 1.944075767540603739e+00
1.462292263859881558e+01 1.944467676122738631e+00
1.464303458069767316e+01 1.944869925584458814e+00
1.465739368609850324e+01 1.945168333880547884e+00
1.466314652279652719e+01 1.945284850858544079e+00
1.468325846489538122e+01 1.945684659614892897e+00
1.470337040699423703e+01 1.946099040560636206e+00
1.472348234909309284e+01 1.946529247057257495e+00
1.472860183301711068e+01 1.946643180135297690e+00
1.474359429119194687e+01 1.946969168779772108e+00
1.476370623329080090e+01 1.947407871791614564e+00
1.478381817538965315e+01 1.947873329076383442e+00
1.479453219611169779e+01 1.948118026390047053e+00
1.480393011748851073e+01 1.948328188629643076e+00
1.482404205958736654e+01 1.948797973477526480e+00
1.484415400168622234e+01 1.949293316224425254e+00
1.485655626567945831e+01 1.949592872644796415e+00
1.486426594378507460e+01 1.949773788929117346e+00
1.488437788588393040e+01 1.950260021949668854e+00
1.490448982798278621e+01 1.950805592036873204e+00
1.491404333058552467e+01 1.951067718899546000e+00
1.492460177008164024e+01 1.951351966163511475e+00
1.494471371218049427e+01 1.951908948579248015e+00
1.496482565427934830e+01 1.952484271015540118e+00
1.496678321265616063e+01 1.952542565154295584e+00
1.498493759637820411e+01 1.953074564035485405e+00
1.500504953847706169e+01 1.953682770272890945e+00
1.501569962033003591e+01 1.954017411409044946e+00
1.502516148057591394e+01 1.954308777312087964e+00
1.504527342267476797e+01 1.954942393106102072e+00
1.506213383463818190e+01 1.955492257663794309e+00
1.506538536477362200e+01 1.955596624182647236e+00
1.508549730687247781e+01 1.956245457797741061e+00
1.510560924897133361e+01 1.956925535839456165e+00
1.510679162355961935e+01 1.956967103918543893e+00
1.512572119107018764e+01 1.957619645537763020e+00
1.514583313316904345e+01 1.958328290861869769e+00
1.514894425007079803e+01 1.958441950173293256e+00
1.516594507526789570e+01 1.959054108701794750e+00
1.518605701736675329e+01 1.959811859431246139e+00
1.518876723133086770e+01 1.959916796428042840e+00
1.520616895946560732e+01 1.960585056381828784e+00
1.522628090156446135e+01 1.961376382852048295e+00
1.522665160179199795e+01 1.961391642682792202e+00
1.524639284366331538e+01 1.962191667676453477e+00
1.526242537085970952e+01 1.962866488937541787e+00
1.526650478576217118e+01 1.963036462984442121e+00
1.528661672786102699e+01 1.963922656886793128e+00
1.529604730113659805e+01 1.964341335192290927e+00
1.530672866995988102e+01 1.964811783945865864e+00
1.532684061205873505e+01 1.965753583121997661e+00
1.532813598707350344e+01 1.965816181447040734e+00
1.534695255415758908e+01 1.966718486131844523e+00
1.535836181389074895e+01 1.967291027701790096e+00
1.536706449625644311e+01 1.967724477090493806e+00
1.538708751206081260e+01 1.968765873956539680e+00
1.538717643835530069e+01 1.968770507272310955e+00
1.540728838045415472e+01 1.969840740701689130e+00
1.541446937457822663e+01 1.970240720211288821e+00
1.542740032255300875e+01 1.970960760526388356e+00
1.544041167016378502e+01 1.971715566466038627e+00
1.544751226465186456e+01 1.972127315519061508e+00
1.546526926074620611e+01 1.973190412720787990e+00
1.546762420675072036e+01 1.973332140212691543e+00
1.548773614884957261e+01 1.974589427010150944e+00
1.548889838949024877e+01 1.974665258975537352e+00
1.550784809094842842e+01 1.975910827050872731e+00
1.551122290779101220e+01 1.976140105230286936e+00
1.552796003304728245e+01 1.977281287442583135e+00
1.553268027602320700e+01 1.977614951485036743e+00
1.554807197514613826e+01 1.978711552583357403e+00
1.555317518103056074e+01 1.979089797739785883e+00
1.556818391724499584e+01 1.980214959607256020e+00
1.557271208977405763e+01 1.980564643994535245e+00
1.558829585934384809e+01 1.981795597458638314e+00
1.559130441885480955e+01 1.982039490249284830e+00
1.560840780144270212e+01 1.983446356834329682e+00
1.560920462990383761e+01 1.983514336504034414e+00
1.562626424177232920e+01 1.984989182758783777e+00
1.562851974354155971e+01 1.985188538398931835e+00
1.564262872237077673e+01 1.986464029013533139e+00
1.564863168564041018e+01 1.987018652310525990e+00
1.565832114593447422e+01 1.987938875268282723e+00
1.566874362773926777e+01 1.988950820732835911e+00
1.567342143211121375e+01 1.989413721523032086e+00
1.568792352371627530e+01 1.990888567777781670e+00
1.568885556983812180e+01 1.990985146736003131e+00
1.570188957415978948e+01 1.992363414032531033e+00
1.570896751193697760e+01 1.993130854923839568e+00
1.571536929583353270e+01 1.993838260287280839e+00
1.572826722959872647e+01 1.995313106542029979e+00
1.572907945403583163e+01 1.995407618695521634e+00
1.574077217502320991e+01 1.996787952796779564e+00
1.574919139613468744e+01 1.997818337424370760e+00
1.575277882311199917e+01 1.998262799051529148e+00
1.576429874692443889e+01 1.999737645306278289e+00
1.576930333823354147e+01 2.000395281955157589e+00
1.577548183917451752e+01 2.001212491561028095e+00
1.578628798475013362e+01 2.002687337815777457e+00
1.578941528033239550e+01 2.003127782387067235e+00
1.579669637767222312e+01 2.004162184070526820e+00
1.580661992843004171e+01 2.005637030325276182e+00
1.580952722243125130e+01 2.006078284733062045e+00
1.581636331537918672e+01 2.007111876580025545e+00
1.582577778860187223e+01 2.008586722834775351e+00
1.582963916453010533e+01 2.009212755601707201e+00
1.583486699064885528e+01 2.010061569089524713e+00
1.584360762068187967e+01 2.011536415344274076e+00
1.584975110662896114e+01 2.012611813735006194e+00
1.585203121313598373e+01 2.013011261599023882e+00
1.586017290068146224e+01 2.014486107853773245e+00
1.586795595931698521e+01 2.015960954108522607e+00
1.586986304872781517e+01 2.016335777607015878e+00
1.587555760043357722e+01 2.017435800363271969e+00
1.588294256277208660e+01 2.018910646618021332e+00
1.588997499082666920e+01 2.020384596188093962e+00
1.588997931381511108e+01 2.020385492872771138e+00
1.589691260092168790e+01 2.021860339127520501e+00
1.590349125386616791e+01 2.023335185382269863e+00
1.590972993480770903e+01 2.024810031637019225e+00
1.591008693292552501e+01 2.024896547928334734e+00
1.591587629659850123e+01 2.026284877891769032e+00
1.592173780964972352e+01 2.027759724146518394e+00
1.592732571567206179e+01 2.029234570401267757e+00
1.593019887502437903e+01 2.030024503837083216e+00
1.593274985568131008e+01 2.030709416656017119e+00
1.593808513046631603e+01 2.032184262910766925e+00
1.594314059190599231e+01 2.033659109165516288e+00
1.594794127680260765e+01 2.035133955420265650e+00
1.595031081712323484e+01 2.035889278092744004e+00
1.595262988203283605e+01 2.036608801675015012e+00
1.595714695389697724e+01 2.038083647929764375e+00
1.596143085013443041e+01 2.039558494184514181e+00
1.596554447032657542e+01 2.041033340439263544e+00
1.596944840196728599e+01 2.042508186694012906e+00
1.597042275922208887e+01 2.042891790400126695e+00
1.597329260968968256e+01 2.043983032948762268e+00
1.597698170617709046e+01 2.045457879203512075e+00
1.598048429146904681e+01 2.046932725458261437e+00
1.598380425138604899e+01 2.048407571713010800e+00
1.598693975378214560e+01 2.049882417967760162e+00
1.598994848513264877e+01 2.051357264222509968e+00
1.599053470132094468e+01 2.051661385165937546e+00
1.599286821840724571e+01 2.052832110477259331e+00
1.599570181888695686e+01 2.054306956732008693e+00
1.599836708442631661e+01 2.055781802986758056e+00
1.600092335895641327e+01 2.057256649241507418e+00
1.600332944043658756e+01 2.058731495496257224e+00
1.600555925041098959e+01 2.060206341751006587e+00
1.600768695510219786e+01 2.061681188005755949e+00
1.600967887551308166e+01 2.063156034260505756e+00
1.601064664341979693e+01 2.063913833924956975e+00
1.601160029039766286e+01 2.064630880515255118e+00
1.601346360301463179e+01 2.066105726770004480e+00
1.601523392786302935e+01 2.067580573024753843e+00
1.601689548977426369e+01 2.069055419279503205e+00
1.601842200288109552e+01 2.070530265534253012e+00
1.601986065296733130e+01 2.072005111789002374e+00
1.602120120950677773e+01 2.073479958043751736e+00
1.602244023324969646e+01 2.074954804298501099e+00
1.602357886262903364e+01 2.076429650553250905e+00
1.602460563258026482e+01 2.077904496808000268e+00
1.602555995511616160e+01 2.079379343062749630e+00
1.602640144325460980e+01 2.080854189317498992e+00
1.602714490943290926e+01 2.082329035572248799e+00
1.602779924666407041e+01 2.083803881826998161e+00
1.602834597200745748e+01 2.085278728081747524e+00
1.602882613831766534e+01 2.086753574336496886e+00
1.602921093154540344e+01 2.088228420591246248e+00
1.602949588024500116e+01 2.089703266845996055e+00
1.602965460937253894e+01 2.091178113100745417e+00
1.602973052758294870e+01 2.092652959355494779e+00
1.602968475941929327e+01 2.094127805610244586e+00
1.602951896219268590e+01 2.095602651864993948e+00
1.602927184896320156e+01 2.097077498119743311e+00
1.602889517523465912e+01 2.098552344374492673e+00
1.602838858155658386e+01 2.100027190629242035e+00
1.602772399719753693e+01 2.101502036883991842e+00
1.602697505564037428e+01 2.102976883138741204e+00
1.602609942049442182e+01 2.104451729393490567e+00
1.602508714807059675e+01 2.105926575648239929e+00
1.602394786848213926e+01 2.107401421902989735e+00
1.602262975640118015e+01 2.108876268157739098e+00
1.602118534579842901e+01 2.110351114412488460e+00
1.601958921468938613e+01 2.111825960667237823e+00
1.601783187952868204e+01 2.113300806921987629e+00
1.601591046721499367e+01 2.114775653176736991e+00
1.601377989128694423e+01 2.116250499431486354e+00
1.601150021776735244e+01 2.117725345686235716e+00
1.601064664341979693e+01 2.118244307111543101e+00
1.600913210499446038e+01 2.119200191940985079e+00
1.600659603684349008e+01 2.120675038195734885e+00
1.600386208391094911e+01 2.122149884450484247e+00
1.600093385710816207e+01 2.123624730705233610e+00
1.599778751048620151e+01 2.125099576959983416e+00
1.599441430132018738e+01 2.126574423214732779e+00
1.599079386188913610e+01 2.128049269469482141e+00
1.599053470132094468e+01 2.128150296501190031e+00
1.598710351832459864e+01 2.129524115724231503e+00
1.598318178699297576e+01 2.130998961978980866e+00
1.597898676493307946e+01 2.132473808233730672e+00
1.597457272671051243e+01 2.133948654488480035e+00
1.597042275922208887e+01 2.135257932169769557e+00
1.596990985145659891e+01 2.135423500743229397e+00
1.596513928600264087e+01 2.136898346997978759e+00
1.596008222057636416e+01 2.138373193252728566e+00
1.595475478306944694e+01 2.139848039507477928e+00
1.595031081712323484e+01 2.141012030995492310e+00
1.594914990397220933e+01 2.141322885762227290e+00
1.594341380618738668e+01 2.142797732016976653e+00
1.593734762633510016e+01 2.144272578271726459e+00
1.593097603947557417e+01 2.145747424526475822e+00
1.593019887502437903e+01 2.145921016895213196e+00
1.592446169702175851e+01 2.147222270781225184e+00
1.591761931677543629e+01 2.148697117035974546e+00
1.591048473839259891e+01 2.150171963290723465e+00
1.591008693292552501e+01 2.150250884277551400e+00
1.590305054083377989e+01 2.151646809545473715e+00
1.589527464938199230e+01 2.153121655800223078e+00
1.588997499082666920e+01 2.154083268599685574e+00
1.588718236632171710e+01 2.154596502054972440e+00
1.587886311596308353e+01 2.156071348309721802e+00
1.587007355919894636e+01 2.157546194564471609e+00
1.586986304872781339e+01 2.157580673294882345e+00
1.586094436797100471e+01 2.159021040819220971e+00
1.585139170688789712e+01 2.160495887073970334e+00
1.584975110662896114e+01 2.160742390412535130e+00
1.584161911735035844e+01 2.161970733328719696e+00
1.583143018097946531e+01 2.163445579583469502e+00
1.582963916453010533e+01 2.163698538621471101e+00
1.582094951194405752e+01 2.164920425838218865e+00
1.580994564263714253e+01 2.166395272092968227e+00
1.580952722243125130e+01 2.166450256511048611e+00
1.579854605184632277e+01 2.167870118347717590e+00
1.578941528033239550e+01 2.169009564113558941e+00
1.578668609147470292e+01 2.169344964602466952e+00
1.577431677119298925e+01 2.170819810857216758e+00
1.576930333823354147e+01 2.171401981369665890e+00
1.576148679803630515e+01 2.172294657111966121e+00
1.574919139613468744e+01 2.173651159410020739e+00
1.574809635676572483e+01 2.173769503366715483e+00
1.573427203385273643e+01 2.175244349621465290e+00
1.572907945403583341e+01 2.175780383797061734e+00
1.571980740851216041e+01 2.176719195876214652e+00
1.570896751193697582e+01 2.177789738446279877e+00
1.570476512849645623e+01 2.178194042130964014e+00
1.568910458393379947e+01 2.179668888385713377e+00
1.568885556983812180e+01 2.179692127451642314e+00
1.567266378488400491e+01 2.181143734640462739e+00
1.566874362773926777e+01 2.181487027954351898e+00
1.565554925219537097e+01 2.182618580895212546e+00
1.564863168564041018e+01 2.183201677871623225e+00
1.563767150691372620e+01 2.184093427149961908e+00
1.562851974354155615e+01 2.184830204453348745e+00
1.561904637454717815e+01 2.185568273404711270e+00
1.560840780144270212e+01 2.186387321368452596e+00
1.559965458444024833e+01 2.187043119659460633e+00
1.558829585934384809e+01 2.187891961925443773e+00
1.557955981545539537e+01 2.188517965914210439e+00
1.556818391724499406e+01 2.189314508557058669e+00
1.555795790169063153e+01 2.189992812168959802e+00
1.554807197514613648e+01 2.190653188950096641e+00
1.553543019342007270e+01 2.191467658423709164e+00
1.552796003304728245e+01 2.191943960108695411e+00
1.551177154826391380e+01 2.192942504678458526e+00
1.550784809094842842e+01 2.193184039869642721e+00
1.548773614884957439e+01 2.194376946926988925e+00
1.548702746323279200e+01 2.194417350933208333e+00
1.546762420675072036e+01 2.195530568583138553e+00
1.546094230078541720e+01 2.195892197187957695e+00
1.544751226465186633e+01 2.196623659730242650e+00
1.543324863499233501e+01 2.197367043442707057e+00
1.542740032255300875e+01 2.197672783129670293e+00
1.540728838045415472e+01 2.198694613765676209e+00
1.540422074779707451e+01 2.198841889697456420e+00
1.538717643835530069e+01 2.199663383945611450e+00
1.537308638358022073e+01 2.200316735952205782e+00
1.536706449625644488e+01 2.200597676514608914e+00
1.534695255415759085e+01 2.201491954992280231e+00
1.533995622472052744e+01 2.201791582206955589e+00
1.532684061205873505e+01 2.202359155472507268e+00
1.530672866995988102e+01 2.203182554483660738e+00
1.530459497570532434e+01 2.203266428461704951e+00
1.528661672786102699e+01 2.203983721665480289e+00
1.526684216794311588e+01 2.204741274716454313e+00
1.526650478576216940e+01 2.204754324410935773e+00
1.524639284366331538e+01 2.205507925949764747e+00
1.522656317569575180e+01 2.206216120971204120e+00
1.522628090156446135e+01 2.206226331478461589e+00
1.520616895946560732e+01 2.206935608205066845e+00
1.518605701736675329e+01 2.207603892950368962e+00
1.518343179802427301e+01 2.207690967225953482e+00
1.516594507526789748e+01 2.208281602048463022e+00
1.514583313316904167e+01 2.208913556023310409e+00
1.513770091225114811e+01 2.209165813480702845e+00
1.512572119107018764e+01 2.209542234189294518e+00
1.510560924897133361e+01 2.210142950956789143e+00
1.508804340913073005e+01 2.210640659735452207e+00
1.508549730687247781e+01 2.210713756145607611e+00
1.506538536477362200e+01 2.211289061211605844e+00
1.504527342267476797e+01 2.211845934081178022e+00
1.503522543547602908e+01 2.212115505990201569e+00
1.502516148057591394e+01 2.212391969511847467e+00
1.500504953847705991e+01 2.212921967287051039e+00
1.498493759637820411e+01 2.213421931619481420e+00
1.497819122460617791e+01 2.213590352244951376e+00
1.496482565427934830e+01 2.213930036204573959e+00
1.494471371218049427e+01 2.214418362921106276e+00
1.492460177008164024e+01 2.214892270064784618e+00
1.491715585867555660e+01 2.215065198499700738e+00
1.490448982798278621e+01 2.215364726557166986e+00
1.488437788588393040e+01 2.215823863885411971e+00
1.486426594378507460e+01 2.216249305468184438e+00
1.484997355190767543e+01 2.216540044754450101e+00
1.484415400168622234e+01 2.216660586570664115e+00
1.482404205958736654e+01 2.217065511115601240e+00
1.480393011748851073e+01 2.217453042211265934e+00
1.478381817538965493e+01 2.217833259116161138e+00
1.477440854639200829e+01 2.218014891009199463e+00
1.476370623329080090e+01 2.218227584109288664e+00
1.474359429119194687e+01 2.218609657315859796e+00
1.472348234909309284e+01 2.218983838076343584e+00
1.470337040699423703e+01 2.219336315586001529e+00
1.469438047777527245e+01 2.219489737263948825e+00
1.468325846489538122e+01 2.219683639882548576e+00
1.466314652279652719e+01 2.220059866304135543e+00
1.464303458069767316e+01 2.220432213183927583e+00
1.462292263859881736e+01 2.220768898122684298e+00
1.461072874180453596e+01 2.220964583518698632e+00
1.460281069649996333e+01 2.221095048994287779e+00
1.458269875440110752e+01 2.221421109782880876e+00
1.456258681230225349e+01 2.221711524389544667e+00
1.454247487020339946e+01 2.222026087302149122e+00
1.452236292810454366e+01 2.222311488021661230e+00
1.451321602151596224e+01 2.222439429773447994e+00
1.450225098600568607e+01 2.222596872156058723e+00
1.448213904390683382e+01 2.222879409947808416e+00
1.446202710180797979e+01 2.223145695048767134e+00
1.444191515970912576e+01 2.223407523491106819e+00
1.442180321761026995e+01 2.223657578292498105e+00
1.440169127551141415e+01 2.223898365443116365e+00
1.440036089222708426e+01 2.223914276028197357e+00
1.438157933341256012e+01 2.224144754622164655e+00
1.436146739131370609e+01 2.224357524581107803e+00
1.434135544921484851e+01 2.224572692223969472e+00
1.432124350711599448e+01 2.224775313698800439e+00
1.430113156501714045e+01 2.224976154352792168e+00
1.428101962291828642e+01 2.225156829302745276e+00
1.426090768081943239e+01 2.225340082348409521e+00
1.425507132766025009e+01 2.225389122282947163e+00
1.424079573872057658e+01 2.225512524207699183e+00
1.422068379662172077e+01 2.225680340599971441e+00
1.420057185452286497e+01 2.225838046615664645e+00
1.418045991242401271e+01 2.225979394276844658e+00
1.416034797032515868e+01 2.226124870051260807e+00
1.414023602822630288e+01 2.226267863853629070e+00
1.412012408612744707e+01 2.226390380794440738e+00
1.410001214402859304e+01 2.226531654586054731e+00
1.407990020192973901e+01 2.226632284923132588e+00
1.405978825983088321e+01 2.226749848486778927e+00
1.403967631773202740e+01 2.226860484239283178e+00
1.403900869816571806e+01 2.226863968537696525e+00
1.401956437563317337e+01 2.226969275445182195e+00
1.399945243353431934e+01 2.227065820763519888e+00
1.397934049143546531e+01 2.227173138508393713e+00
1.395922854933660950e+01 2.227253591822271339e+00
1.393911660723775370e+01 2.227335296154212774e+00
1.391900466513889967e+01 2.227418935455891535e+00
1.389889272304004564e+01 2.227495904777783586e+00
1.387878078094118983e+01 2.227575720591402408e+00
1.385866883884233580e+01 2.227657360634022865e+00
1.383855689674348000e+01 2.227730642386616111e+00
1.381844495464462597e+01 2.227799293301912620e+00
1.379833301254577194e+01 2.227873269429539782e+00
1.377822107044691613e+01 2.227941633869929383e+00
1.375810912834806032e+01 2.228011829291169477e+00
1.373799718624920629e+01 2.228073286267509001e+00
1.371788524415035226e+01 2.228137606110988322e+00
1.369777330205149823e+01 2.228200154194557303e+00
1.367766135995264243e+01 2.228263419135364742e+00
1.365754941785378662e+01 2.228327341409266360e+00
1.365356511675241613e+01 2.228338814792445888e+00
1.363743747575493259e+01 2.228387091900773331e+00
1.361732553365607856e+01 2.228452498398712400e+00
1.359721359155722276e+01 2.228512628031513287e+00
1.357710164945836695e+01 2.228569019027572207e+00
1.355698970735951292e+01 2.228630019332619394e+00
1.353687776526065889e+01 2.228679799371943826e+00
1.351676582316180486e+01 2.228728090900594427e+00
1.349665388106294728e+01 2.228781451616149933e+00
1.347654193896409325e+01 2.228824834391117449e+00
1.345642999686523922e+01 2.228861292103213820e+00
1.343631805476638519e+01 2.228902909379306685e+00
1.341620611266753116e+01 2.228941542619840455e+00
1.339609417056867535e+01 2.228978179173039642e+00
1.337598222846981955e+01 2.228998249452978975e+00
1.335587028637096552e+01 2.229013839041758871e+00
1.333575834427211149e+01 2.229046320313884610e+00
1.331564640217325746e+01 2.229074634476007066e+00
1.329553446007439987e+01 2.229100195664685202e+00
1.327542251797554584e+01 2.229102512497628474e+00
1.325531057587669181e+01 2.229107611332224792e+00
1.323519863377783778e+01 2.229106379647403102e+00
1.321508669167898198e+01 2.229095880885965997e+00
1.319497474958012617e+01 2.229090797863330309e+00
1.317486280748127214e+01 2.229070600248749479e+00
1.315475086538241811e+01 2.229047307987067406e+00
1.313463892328356408e+01 2.229033825144910885e+00
1.311452698118470828e+01 2.229008116154877595e+00
1.309441503908585247e+01 2.228974243251384824e+00
1.307430309698699844e+01 2.228955517213338844e+00
1.305419115488814441e+01 2.228909670539061416e+00
1.303407921278928683e+01 2.228871677807447771e+00
1.301396727069043280e+01 2.228818980718813236e+00
1.299385532859157699e+01 2.228753517012779906e+00
1.297374338649272474e+01 2.228679556492664027e+00
1.295363144439387071e+01 2.228604264324471895e+00
1.293351950229501490e+01 2.228527958417269250e+00
1.291340756019615910e+01 2.228436338466763811e+00
1.289329561809730507e+01 2.228341711801673952e+00
1.289264836604541031e+01 2.228338814792445888e+00
1.287318367599845104e+01 2.228254944747228183e+00
1.285307173389959523e+01 2.228156249945452583e+00
1.283295979180074120e+01 2.228047410674230289e+00
1.281284784970188539e+01 2.227944076449589694e+00
1.279273590760303136e+01 2.227827781662893081e+00
1.277262396550417733e+01 2.227707858390649776e+00
1.275251202340532153e+01 2.227584790954478589e+00
1.273240008130646572e+01 2.227459694674499335e+00
1.271228813920761169e+01 2.227327328622075608e+00
1.269217619710875766e+01 2.227184044563903953e+00
1.267206425500990363e+01 2.227028869689862578e+00
1.265195231291104783e+01 2.226879298613651414e+00
1.265006355002071459e+01 2.226863968537696525e+00
1.263184037081219202e+01 2.226720979911608556e+00
1.261172842871333799e+01 2.226553106497287438e+00
1.259161648661448396e+01 2.226393644837608932e+00
1.257150454451562815e+01 2.226227747331368967e+00
1.255139260241677412e+01 2.226050165821514604e+00
1.253128066031791832e+01 2.225864326893415956e+00
1.251116871821906429e+01 2.225668935123639613e+00
1.249105677612021026e+01 2.225464440583119430e+00
1.248386505636926636e+01 2.225389122282947163e+00
1.247094483402135445e+01 2.225259268484426123e+00
1.245083289192249865e+01 2.225047629015051598e+00
1.243072094982364462e+01 2.224815787897972630e+00
1.241060900772479059e+01 2.224581332146658319e+00
1.239049706562593478e+01 2.224337320718261068e+00
1.237038512352707897e+01 2.224108897826838405e+00
1.235517600303685626e+01 2.223914276028197357e+00
1.235027318142822494e+01 2.223853591038925437e+00
1.233016123932937091e+01 2.223591891429440803e+00
1.231004929723051688e+01 2.223311902627996606e+00
1.228993735513166108e+01 2.223046519955852673e+00
1.226982541303280527e+01 2.222759304437868622e+00
1.224971347093395124e+01 2.222454999852212953e+00
1.224874108584593380e+01 2.222439429773447994e+00
1.222960152883509721e+01 2.222141903189117418e+00
1.220948958673624318e+01 2.221822445134240542e+00
1.218937764463738738e+01 2.221482175649617030e+00
1.216926570253853157e+01 2.221139457949316220e+00
1.215960674627038784e+01 2.220964583518698632e+00
1.214915376043967754e+01 2.220781659226794158e+00
1.212904181834082351e+01 2.220421239318340678e+00
1.210892987624196948e+01 2.220045315571754330e+00
1.208881793414311190e+01 2.219651624621327812e+00
1.208067545594882120e+01 2.219489737263948825e+00
1.206870599204425787e+01 2.219258826495163373e+00
1.204859404994540384e+01 2.218856159076326495e+00
1.202848210784654981e+01 2.218427427599348079e+00
1.200999895675440499e+01 2.218014891009199463e+00
1.200837016574769400e+01 2.217979646270574978e+00
1.198825822364883820e+01 2.217542233267320473e+00
1.196814628154998417e+01 2.217084912366391158e+00
1.194803433945113014e+01 2.216607974866763975e+00
1.194530184245486737e+01 2.216540044754450101e+00
1.192792239735227611e+01 2.216117717326090641e+00
1.190781045525342030e+01 2.215605266203366508e+00
1.188769851315456449e+01 2.215088421393431872e+00
1.188685185116547416e+01 2.215065198499700738e+00
1.186758657105571046e+01 2.214550807232745555e+00
1.184747462895685466e+01 2.214005526153579595e+00
1.183289477594621886e+01 2.213590352244951376e+00
1.182736268685800063e+01 2.213436971127389352e+00
1.180725074475914660e+01 2.212864328985722384e+00
1.178713880266029079e+01 2.212288223317878000e+00
1.178133603372238092e+01 2.212115505990201569e+00
1.176702686056143676e+01 2.211701631143693003e+00
1.174691491846258096e+01 2.211089613863620684e+00
1.173257190965052210e+01 2.210640659735452207e+00
1.172680297636372693e+01 2.210463242255981786e+00
1.170669103426487112e+01 2.209828183427319015e+00
1.168659769751132416e+01 2.209165813480702845e+00
1.168657909216601709e+01 2.209165214167539748e+00
1.166646715006716306e+01 2.208505192539148343e+00
1.164635520796830903e+01 2.207807387888260475e+00
1.164310093694793657e+01 2.207690967225953482e+00
1.162624326586945323e+01 2.207102669160421193e+00
1.160613132377059742e+01 2.206386543834719216e+00
1.160147417172202644e+01 2.206216120971204120e+00
1.158601938167174339e+01 2.205660529912399248e+00
1.156590743957288936e+01 2.204916645739546599e+00
1.156130448777694575e+01 2.204741274716454313e+00
1.154579549747403355e+01 2.204161817800592171e+00
1.152568355537517952e+01 2.203379927471203814e+00
1.152284084156499766e+01 2.203266428461704951e+00
1.150557161327632372e+01 2.202585757876742711e+00
1.148630600250931266e+01 2.201791582206955589e+00
1.148545967117746969e+01 2.201757345755851691e+00
1.146534772907861566e+01 2.200929745116389835e+00
1.145076239600948043e+01 2.200316735952205782e+00
1.144523578697975985e+01 2.200087905136538069e+00
1.142512384488090404e+01 2.199216050201368677e+00
1.141672881385791172e+01 2.198841889697456420e+00
1.140501190278205002e+01 2.198328321889322368e+00
1.138489996068319599e+01 2.197427132849772313e+00
1.138358931032108678e+01 2.197367043442707057e+00
1.136478801858434196e+01 2.196513871173213062e+00
1.135165850009778232e+01 2.195892197187957695e+00
1.134467607648548615e+01 2.195567427515480396e+00
1.132456413438663034e+01 2.194605599891699121e+00
1.132074892799166577e+01 2.194417350933208333e+00
1.130445219228777631e+01 2.193623413501035735e+00
1.129090160841049695e+01 2.192942504678458526e+00
1.128434025018892228e+01 2.192615632015382676e+00
1.126422830809006825e+01 2.191577863855093788e+00
1.126212674572207284e+01 2.191467658423709164e+00
1.124411636599121245e+01 2.190530991479525902e+00
1.123408617497961970e+01 2.189992812168959802e+00
1.122400442389235664e+01 2.189457508674752972e+00
1.120694679817923323e+01 2.188517965914210439e+00
1.120389248179350261e+01 2.188350947481846998e+00
1.118378053969464858e+01 2.187225257561636660e+00
1.118062254649872855e+01 2.187043119659460633e+00
1.116366859759579278e+01 2.186069604893710050e+00
1.115505429654560388e+01 2.185568273404711270e+00
1.114355665549693697e+01 2.184903944829800437e+00
1.113002928642194433e+01 2.184093427149961908e+00
1.112344471339808294e+01 2.183698994009101391e+00
1.110595051993513316e+01 2.182618580895212546e+00
1.110333277129922891e+01 2.182457873495362133e+00
1.108322082920037310e+01 2.181193127440759216e+00
1.108244959557529974e+01 2.181143734640462739e+00
1.106310888710151907e+01 2.179905111862482148e+00
1.105948111080332374e+01 2.179668888385713377e+00
1.104299694500266327e+01 2.178596469087989096e+00
1.103696200464405841e+01 2.178194042130964014e+00
1.102288500290380924e+01 2.177252440030816416e+00
1.101508686396366876e+01 2.176719195876214652e+00
1.100277306080495521e+01 2.175879026024134966e+00
1.099360037803870860e+01 2.175244349621465290e+00
1.098266111870609940e+01 2.174487392173739764e+00
1.097251669247106953e+01 2.173769503366715483e+00
1.096254917660724537e+01 2.173061375146831953e+00
1.095196364858946403e+01 2.172294657111966121e+00
1.094243723450838957e+01 2.171603205946491144e+00
1.093183180092594675e+01 2.170819810857216758e+00
1.092232529240953554e+01 2.170114721022592619e+00
1.091210051287697524e+01 2.169344964602466952e+00
1.090221335031067973e+01 2.168595656864262367e+00
1.089279956583211906e+01 2.167870118347717590e+00
1.088210140821182570e+01 2.167039655860698577e+00
1.087387695166539459e+01 2.166395272092968227e+00
1.086198946611296989e+01 2.165454077174318481e+00
1.085534250914825094e+01 2.164920425838218865e+00
1.084187752401411586e+01 2.163829074199645763e+00
1.083719732670708247e+01 2.163445579583469502e+00
1.082176558191526183e+01 2.162164356025398693e+00
1.081945430011758624e+01 2.161970733328719696e+00
1.080202109494412532e+01 2.160495887073970334e+00
1.080165363981640603e+01 2.160464618530767655e+00
1.078475735247603318e+01 2.159021040819220971e+00
1.078154169771755200e+01 2.158742700971557849e+00
1.076779867619513631e+01 2.157546194564471609e+00
1.076142975561869619e+01 2.156982759435291719e+00
1.075113991161180138e+01 2.156071348309721802e+00
1.074131781351984216e+01 2.155183868556317606e+00
1.073493021038638240e+01 2.154596502054972440e+00
1.072120587142098813e+01 2.153314077336250687e+00
1.071914406542511955e+01 2.153121655800223078e+00
1.070351714787519093e+01 2.151646809545473715e+00
1.070109392932213233e+01 2.151415265475011829e+00
1.068809358765029316e+01 2.150171963290723909e+00
1.068098198722327652e+01 2.149477716383692005e+00
1.067305021730674852e+01 2.148697117035974546e+00
1.066087004512442249e+01 2.147467476334217640e+00
1.065842711932886822e+01 2.147222270781225184e+00
1.064393225757473971e+01 2.145747424526475822e+00
1.064075810302556846e+01 2.145419546987967774e+00
1.062970172492185839e+01 2.144272578271726459e+00
1.062064616092671265e+01 2.143304835167269218e+00
1.061586640400997616e+01 2.142797732016976653e+00
1.060224169985507103e+01 2.141322885762227290e+00
1.060053421882785685e+01 2.141136067715556202e+00
1.058869074779823904e+01 2.139848039507477928e+00
1.058042227672900282e+01 2.138920427746355379e+00
1.057550975846476682e+01 2.138373193252728566e+00
1.056257195078443800e+01 2.136898346997978759e+00
1.056031033463014879e+01 2.136635161239695435e+00
1.054985816897078621e+01 2.135423500743229397e+00
1.054019839253129476e+01 2.134272167281078492e+00
1.053746761528228859e+01 2.133948654488480035e+00
1.052528200516815993e+01 2.132473808233730672e+00
1.052008645043243895e+01 2.131830593111757377e+00
1.051331137927181381e+01 2.130998961978980866e+00
1.050167150137769845e+01 2.129524115724231503e+00
1.049997450833358492e+01 2.129306674774224195e+00
1.049001009666328521e+01 2.128049269469482141e+00
1.047986256623472912e+01 2.126723807432116864e+00
1.047870229146922227e+01 2.126574423214732779e+00
1.046744677304158522e+01 2.125099576959983416e+00
1.045975062413587509e+01 2.124055957049512777e+00
1.045653680723263435e+01 2.123624730705233610e+00
1.044571018122931605e+01 2.122149884450484247e+00
1.043963868203702106e+01 2.121300064412853459e+00
1.043512763617341932e+01 2.120675038195734885e+00
1.042474564141240734e+01 2.119200191940985079e+00
1.041952673993816525e+01 2.118438418760794306e+00
1.041454470239591501e+01 2.117725345686235716e+00
1.040442969725260625e+01 2.116250499431486354e+00
1.039941479783930944e+01 2.115498122607064602e+00
1.039452445125154334e+01 2.114775653176736991e+00
1.038478443647434268e+01 2.113300806921987629e+00
1.037930285574045541e+01 2.112449582022201788e+00
1.037517814653404713e+01 2.111825960667237823e+00
1.036564782678207486e+01 2.110351114412488460e+00
1.035919091364160138e+01 2.109326718244432630e+00
1.035631064721338035e+01 2.108876268157739098e+00
1.034703370105934539e+01 2.107401421902989735e+00
1.033907897154274558e+01 2.106093525383306186e+00
1.033803256563542305e+01 2.105926575648239929e+00
1.032891169063747228e+01 2.104451729393490567e+00
1.032004587725919009e+01 2.102976883138741204e+00
1.031896702944389155e+01 2.102794862091773354e+00
1.031120042518030466e+01 2.101502036883991842e+00
1.030262762712330016e+01 2.100027190629242035e+00
1.029885508734503574e+01 2.099364255939391910e+00
1.029412453733963062e+01 2.098552344374492673e+00
1.028570780577476285e+01 2.097077498119743311e+00
1.027874314524618171e+01 2.095822487725423233e+00
1.027747890745793491e+01 2.095602651864993948e+00
1.026912621864665986e+01 2.094127805610244586e+00
1.026104282292834569e+01 2.092652959355494779e+00
1.025863120314732768e+01 2.092207323037910349e+00
1.025295901470008531e+01 2.091178113100745417e+00
1.024505358471615857e+01 2.089703266845996055e+00
1.023851926104847188e+01 2.088451133301352680e+00
1.023732468823147101e+01 2.088228420591246248e+00
1.022951464946730482e+01 2.086753574336496886e+00
1.022193232219958858e+01 2.085278728081747524e+00
1.021840731894961785e+01 2.084574596694833026e+00
1.021443481615069437e+01 2.083803881826998161e+00
1.020699795842627111e+01 2.082329035572248799e+00
1.019982317413114359e+01 2.080854189317498992e+00
1.019829537685076204e+01 2.080534706338198259e+00
1.019259680660166545e+01 2.079379343062750074e+00
1.018553504338890292e+01 2.077904496808000268e+00
1.017867837064097714e+01 2.076429650553250905e+00
1.017818343475190801e+01 2.076321377656992873e+00
1.017174359560339170e+01 2.074954804298500655e+00
1.016503860458682240e+01 2.073479958043751736e+00
1.015859342423023293e+01 2.072005111789002374e+00
1.015807149265305398e+01 2.071883635507250521e+00
1.015208151465211728e+01 2.070530265534253012e+00
1.014580561450050311e+01 2.069055419279503205e+00
1.013978926656362667e+01 2.067580573024753843e+00
1.013795955055419817e+01 2.067122724566418768e+00
1.013375047694368192e+01 2.066105726770004480e+00
1.012786073175727175e+01 2.064630880515255118e+00
1.012222580325795818e+01 2.063156034260505756e+00
1.011784760845534237e+01 2.061972576875921170e+00
1.011672683784530591e+01 2.061681188005755949e+00
1.011126278209560958e+01 2.060206341751006587e+00
1.010605175256857535e+01 2.058731495496257224e+00
1.010105024917719518e+01 2.057256649241507418e+00
1.009773566635648834e+01 2.056239480538740061e+00
1.009619090601001901e+01 2.055781802986757612e+00
1.009144183827092434e+01 2.054306956732008693e+00
1.008689454980930833e+01 2.052832110477259331e+00
1.008258639891982789e+01 2.051357264222509968e+00
1.007853752142835368e+01 2.049882417967760162e+00
1.007762372425763431e+01 2.049534434730524879e+00
1.007454399086343244e+01 2.048407571713010800e+00
1.007073040444174339e+01 2.046932725458261437e+00
1.006713641492499711e+01 2.045457879203512075e+00
1.006380683336821136e+01 2.043983032948762268e+00
1.006067493378573374e+01 2.042508186694012906e+00
1.005778477868217102e+01 2.041033340439263544e+00
1.005751178215877673e+01 2.040883912704691383e+00
1.005497674083283322e+01 2.039558494184514181e+00
1.005237909735012281e+01 2.038083647929764375e+00
1.005002640635369104e+01 2.036608801675015012e+00
1.004787021887501908e+01 2.035133955420265650e+00
1.004596821354806124e+01 2.033659109165516288e+00
1.004426046656215910e+01 2.032184262910766925e+00
1.004279553635242372e+01 2.030709416656017119e+00
1.004156975357133774e+01 2.029234570401267757e+00
1.004055706439829088e+01 2.027759724146518394e+00
1.003977270782034026e+01 2.026284877891769032e+00
1.003920079910961327e+01 2.024810031637019225e+00
1.003890257021364185e+01 2.023335185382269863e+00
1.003884470989472000e+01 2.021860339127520501e+00
1.003902093743319845e+01 2.020385492872771138e+00
1.003944685573002360e+01 2.018910646618021332e+00
1.004009438717064207e+01 2.017435800363271969e+00
1.004098959634256794e+01 2.015960954108522607e+00
1.004214972181321386e+01 2.014486107853773245e+00
1.004357985044529578e+01 2.013011261599023882e+00
1.004533422524019670e+01 2.011536415344274076e+00
1.004736880886684247e+01 2.010061569089524713e+00
1.004966820553251772e+01 2.008586722834775351e+00
1.005226631707173723e+01 2.007111876580025545e+00
1.005523865517526794e+01 2.005637030325276182e+00
1.005751178215877850e+01 2.004612551771098428e+00
1.005849066458025654e+01 2.004162184070526820e+00
1.006197565784248837e+01 2.002687337815777457e+00
1.006577911957461069e+01 2.001212491561028095e+00
1.006998139921259039e+01 1.999737645306278289e+00
1.007457410135993570e+01 1.998262799051529148e+00
1.007762372425763431e+01 1.997357738048138653e+00
1.007952036082987846e+01 1.996787952796779564e+00
1.008473082462547410e+01 1.995313106542029757e+00
1.009041882201165485e+01 1.993838260287280617e+00
1.009648049462843389e+01 1.992363414032531033e+00
1.009773566635648834e+01 1.992076373285646795e+00
1.010291101797410462e+01 1.990888567777781670e+00
1.010981310643707687e+01 1.989413721523032086e+00
1.011717357535793660e+01 1.987938875268282501e+00
1.011784760845534237e+01 1.987809647307051453e+00
1.012491910526851768e+01 1.986464029013533139e+00
1.013320815677840159e+01 1.984989182758783999e+00
1.013795955055419817e+01 1.984180582574069263e+00
1.014184827091392194e+01 1.983514336504034414e+00
1.015087406509193535e+01 1.982039490249285052e+00
1.015807149265305398e+01 1.980929130439470054e+00
1.016045465495514932e+01 1.980564643994535245e+00
1.017045899339563775e+01 1.979089797739785883e+00
1.017818343475190801e+01 1.978015019407379782e+00
1.018107143446738050e+01 1.977614951485036521e+00
1.019218255080950897e+01 1.976140105230286714e+00
1.019829537685076204e+01 1.975360111831941712e+00
1.020381067890035531e+01 1.974665258975537352e+00
1.021605815448941712e+01 1.973190412720787990e+00
1.021840731894961785e+01 1.972911670647282900e+00
1.022864558005736590e+01 1.971715566466038627e+00
1.023851926104847188e+01 1.970620453566541030e+00
1.024199073189723030e+01 1.970240720211289043e+00
1.025594948961733799e+01 1.968765873956539680e+00
1.025863120314732768e+01 1.968489415049388569e+00
1.027028496913399636e+01 1.967291027701790096e+00
1.027874314524618171e+01 1.966452633965456887e+00
1.028536539582811216e+01 1.965816181447040734e+00
1.029885508734503574e+01 1.964561125477128689e+00
1.030126341723767069e+01 1.964341335192291149e+00
1.031779678525900223e+01 1.962866488937541787e+00
1.031896702944389155e+01 1.962764051677034161e+00
1.033503250819900821e+01 1.961391642682792202e+00
1.033907897154274558e+01 1.961054507842041605e+00
1.035302637693784433e+01 1.959916796428042840e+00
1.035919091364160138e+01 1.959426335915688933e+00
1.037189610987947042e+01 1.958441950173293034e+00
1.037930285574045541e+01 1.957879076434472676e+00
1.039164626986316620e+01 1.956967103918544115e+00
1.039941479783930944e+01 1.956402992442511479e+00
1.041234634309285489e+01 1.955492257663794309e+00
1.041952673993816525e+01 1.954993177626390910e+00
1.043402716205216407e+01 1.954017411409044946e+00
1.043963868203702106e+01 1.953645998588148247e+00
1.045688471599094704e+01 1.952542565154295584e+00
1.045975062413587331e+01 1.952361791407112301e+00
1.047986256623472912e+01 1.951156717778286032e+00
1.048135930034822394e+01 1.951067718899546000e+00
1.049997450833358492e+01 1.949975322657080401e+00
1.050679221013598230e+01 1.949592872644796415e+00
1.052008645043243895e+01 1.948852324307964512e+00
1.053399953175152781e+01 1.948118026390047053e+00
1.054019839253129476e+01 1.947794709336927443e+00
1.056031033463014879e+01 1.946770066037862179e+00
1.056287324893594715e+01 1.946643180135297690e+00
1.058042227672900282e+01 1.945779387016288942e+00
1.059327360639169946e+01 1.945168333880548328e+00
1.060053421882785862e+01 1.944823853390106994e+00
1.062064616092671265e+01 1.943911977502833288e+00
1.062563430117012686e+01 1.943693487625798744e+00
1.064075810302556846e+01 1.943034246196351011e+00
1.066081991502736948e+01 1.942218641371049159e+00
1.066087004512442249e+01 1.942216601298474066e+00
1.068098198722327652e+01 1.941406781909479573e+00
1.069845239761057698e+01 1.940743795116299797e+00
1.070109392932213055e+01 1.940643016522367148e+00
1.072120587142098813e+01 1.939913177598335592e+00
1.073940244387378229e+01 1.939268948861550435e+00
1.074131781351984216e+01 1.939201041194076769e+00
1.076142975561869619e+01 1.938499581179244036e+00
1.078154169771755200e+01 1.937838322323148565e+00
1.078296333776978244e+01 1.937794102606800850e+00
1.080165363981640780e+01 1.937208599483567495e+00
1.082176558191526183e+01 1.936604877170094774e+00
1.083125958846621018e+01 1.936319256352051266e+00
1.084187752401411409e+01 1.935995728870106181e+00
1.086198946611296989e+01 1.935404582671658158e+00
1.088210140821182570e+01 1.934854910965457364e+00
1.088249249001098207e+01 1.934844410097301903e+00
1.090221335031067973e+01 1.934311183572104964e+00
1.092232529240953554e+01 1.933795675071556364e+00
1.094002399591387054e+01 1.933369563842552541e+00
1.094243723450838957e+01 1.933310249410555182e+00
1.096254917660724715e+01 1.932819811974961777e+00
1.098266111870609940e+01 1.932357920076790414e+00
1.100277306080495521e+01 1.931909911690783632e+00
1.100345390422861591e+01 1.931894717587802957e+00
1.102288500290380924e+01 1.931456220021933401e+00
1.104299694500266327e+01 1.931035891847293851e+00
1.106310888710151907e+01 1.930619450873726883e+00
1.107335367090252376e+01 1.930419871333053372e+00
1.108322082920037310e+01 1.930224059595379016e+00
1.110333277129922891e+01 1.929810496018063315e+00
1.112344471339808294e+01 1.929430645165953973e+00
1.114355665549693697e+01 1.929049751589393624e+00
1.114929493239523417e+01 1.928945025078304010e+00
1.116366859759579278e+01 1.928674415822980270e+00
1.118378053969464858e+01 1.928315473658197332e+00
1.120389248179350261e+01 1.927981138919531379e+00
1.122400442389235664e+01 1.927655911906874797e+00
1.123614648466539734e+01 1.927470178823554647e+00
1.124411636599121245e+01 1.927345969206483822e+00
1.126422830809006825e+01 1.927017270987108510e+00
1.128434025018892228e+01 1.926704858241116813e+00
1.130445219228777631e+01 1.926413748481712318e+00
1.132456413438663034e+01 1.926128021257323297e+00
1.133393691873277831e+01 1.925995332568805063e+00
1.134467607648548615e+01 1.925838921752088151e+00
1.136478801858434018e+01 1.925572017572544148e+00
1.138489996068319599e+01 1.925317231496853854e+00
1.140501190278205002e+01 1.925053321736579282e+00
1.142512384488090404e+01 1.924808517225984339e+00
1.144523578697975985e+01 1.924572625737576370e+00
1.144971986265409036e+01 1.924520486314055479e+00
1.146534772907861566e+01 1.924332507364102218e+00
1.148545967117746969e+01 1.924107902456910990e+00
1.150557161327632372e+01 1.923902520968778784e+00
1.152568355537517952e+01 1.923704596295178426e+00
1.154579549747403355e+01 1.923513836854936265e+00
1.156590743957288936e+01 1.923341345125459956e+00
1.158601938167174339e+01 1.923173443840126007e+00
1.160193329883583502e+01 1.923045640059306116e+00
1.160613132377059742e+01 1.923010761166850990e+00
