1.154579549747403355e+01 1.862470695432914880e+00
1.156590743957288936e+01 1.862372935583096245e+00
1.158601938167174517e+01 1.862261150149071343e+00
1.160613132377059920e+01 1.862141072529128749e+00
1.162624326586945323e+01 1.862031569356867422e+00
1.164635520796830903e+01 1.861934115571026727e+00
1.166646715006716306e+01 1.861883909283011729e+00
1.168657909216601709e+01 1.861827596166285348e+00
1.170669103426487112e+01 1.861736752385497073e+00
1.172680297636372693e+01 1.861697185673642618e+00
1.174691491846258273e+01 1.861635040246912620e+00
1.176702686056143676e+01 1.861610784293228793e+00
1.178713880266029079e+01 1.861573321858918328e+00
1.180725074475914838e+01 1.861530259447160773e+00
1.182736268685800063e+01 1.861499001754806759e+00
1.184747462895685644e+01 1.861502612970305615e+00
1.186758657105571046e+01 1.861487016401174310e+00
1.188769851315456449e+01 1.861473620167572118e+00
1.190781045525342030e+01 1.861468330689246331e+00
1.192792239735227611e+01 1.861485214217910356e+00
1.194803433945113014e+01 1.861457039869187424e+00
1.196814628154998417e+01 1.861460830508824049e+00
1.198825822364883820e+01 1.861441419569605404e+00
1.200837016574769578e+01 1.861483370008858440e+00
1.202848210784654981e+01 1.861474902824874267e+00
1.204859404994540384e+01 1.861461397538457962e+00
1.206870599204425787e+01 1.861465447612881796e+00
1.208881793414311190e+01 1.861464818763804541e+00
1.210892987624196948e+01 1.861461649040658806e+00
1.212904181834082351e+01 1.861489626531842800e+00
1.214915376043967754e+01 1.861506769018615115e+00
1.216926570253853157e+01 1.861489992297380214e+00
1.218937764463738738e+01 1.861463960277731866e+00
1.220948958673624318e+01 1.861446150035341862e+00
1.222960152883509721e+01 1.861431727693375837e+00
1.224971347093395124e+01 1.861429062371746657e+00
1.226982541303280527e+01 1.861420459148309225e+00
1.228993735513165930e+01 1.861412095872294614e+00
1.231004929723051688e+01 1.861389341937640385e+00
1.233016123932937091e+01 1.861363625800307897e+00
1.235027318142822494e+01 1.861356801782380943e+00
1.237038512352708075e+01 1.861345858429234834e+00
1.239049706562593656e+01 1.861324244230729397e+00
1.241060900772479059e+01 1.861297533073022148e+00
1.243072094982364462e+01 1.861277987610689078e+00
1.245083289192249865e+01 1.861248117131516944e+00
1.247094483402135445e+01 1.861242556960014394e+00
1.249105677612021026e+01 1.861246474055519462e+00
1.251116871821906429e+01 1.861244708438263507e+00
1.253128066031791832e+01 1.861238658326285433e+00
1.255139260241677412e+01 1.861237773646173599e+00
1.257150454451562815e+01 1.861243069756926438e+00
1.259161648661448396e+01 1.861250057186131901e+00
1.261172842871333799e+01 1.861265606242826776e+00
1.263184037081219202e+01 1.861269284090164122e+00
1.265195231291104783e+01 1.861292102707050589e+00
1.267206425500990363e+01 1.861296965458313801e+00
1.269217619710875766e+01 1.861340860956411936e+00
1.271228813920761169e+01 1.861345147753876939e+00
1.273240008130646572e+01 1.861376274816331611e+00
1.275251202340532153e+01 1.861391394595253601e+00
1.277262396550417733e+01 1.861428087390700981e+00
1.279273590760303136e+01 1.861437096440567318e+00
1.281284784970188539e+01 1.861462138342860007e+00
1.283295979180074120e+01 1.861503767234614637e+00
1.285307173389959523e+01 1.861537430206164467e+00
1.287318367599845104e+01 1.861597500581350317e+00
1.289329561809730507e+01 1.861689201129562043e+00
1.291340756019615910e+01 1.861740588028071297e+00
1.293351950229501490e+01 1.861766905523300597e+00
1.295363144439387071e+01 1.861814597657740267e+00
1.297374338649272474e+01 1.861873488236350571e+00
1.299385532859157877e+01 1.861919548437266148e+00
1.301396727069043280e+01 1.861987290727984412e+00
1.303407921278928683e+01 1.862039846006125599e+00
1.305419115488814441e+01 1.862146703237876899e+00
1.307430309698699844e+01 1.862197390962139210e+00
1.309441503908585247e+01 1.862254871916815047e+00
1.311452698118470828e+01 1.862339511318056084e+00
1.313463892328356408e+01 1.862428002884422895e+00
1.315475086538241811e+01 1.862491471133104204e+00
1.317257236958989886e+01 1.862576943614578040e+00
1.317486280748127214e+01 1.862587343335796453e+00
1.319497474958012617e+01 1.862673603765809593e+00
1.321508669167898198e+01 1.862758784286165481e+00
1.323519863377783778e+01 1.862822279525453206e+00
1.325531057587669181e+01 1.862906776622728966e+00
1.327542251797554584e+01 1.863016311010218917e+00
1.329553446007439987e+01 1.863102829666824167e+00
1.331564640217325568e+01 1.863201786736523591e+00
1.333575834427211149e+01 1.863310821385359084e+00
1.335587028637096552e+01 1.863441352780410121e+00
1.337598222846981955e+01 1.863553438387774541e+00
1.339609417056867535e+01 1.863698790654015447e+00
1.341620611266753116e+01 1.863819788129687405e+00
1.343631805476638519e+01 1.863946480921215620e+00
1.345385894818119255e+01 1.864051789869327402e+00
1.345642999686523922e+01 1.864066909181716358e+00
1.347654193896409325e+01 1.864148903394376999e+00
1.349665388106294905e+01 1.864319998808125822e+00
1.351676582316180486e+01 1.864452510688304976e+00
1.353687776526065889e+01 1.864625884000510769e+00
1.355698970735951292e+01 1.864767354761532658e+00
1.357710164945836873e+01 1.864871254502414200e+00
1.359721359155722276e+01 1.865037828281288945e+00
1.361732553365607856e+01 1.865169925691841701e+00
1.363743747575493259e+01 1.865321103805857250e+00
1.365754941785378662e+01 1.865470054287793333e+00
1.366450049975179937e+01 1.865526636124076987e+00
1.367766135995264243e+01 1.865624236445587725e+00
1.369777330205149823e+01 1.865773504388916537e+00
1.371788524415035226e+01 1.865936573784130470e+00
1.373799718624920629e+01 1.866100971402294473e+00
1.375810912834806032e+01 1.866275297987370685e+00
1.377822107044691613e+01 1.866444535481683431e+00
1.379833301254577194e+01 1.866621988812641852e+00
1.381844495464462597e+01 1.866799485774306877e+00
1.383855689674348177e+01 1.866986427816734295e+00
1.383985835983633805e+01 1.867001482378826349e+00
1.385866883884233580e+01 1.867206411223126139e+00
1.387878078094118983e+01 1.867387562287309066e+00
1.389889272304004564e+01 1.867566304028458468e+00
1.391900466513889967e+01 1.867791281895522904e+00
1.393911660723775192e+01 1.867956407958555332e+00
1.395922854933661128e+01 1.868109811024297295e+00
1.397934049143546531e+01 1.868324915268395836e+00
1.399497045059638367e+01 1.868476328633575712e+00
1.399945243353431934e+01 1.868517737166905723e+00
1.401956437563317337e+01 1.868710521777287914e+00
1.403967631773202740e+01 1.868917226406103804e+00
1.405978825983088321e+01 1.869139812728084493e+00
1.407990020192973901e+01 1.869331950677437293e+00
1.410001214402859304e+01 1.869515127641192098e+00
1.412012408612744707e+01 1.869731596816201158e+00
1.413928078542996047e+01 1.869951174888325518e+00
1.414023602822630288e+01 1.869961601822230035e+00
1.416034797032515868e+01 1.870194204676844052e+00
1.418045991242401271e+01 1.870463595125880785e+00
1.420057185452286674e+01 1.870680492307614795e+00
1.422068379662172077e+01 1.870904575177619211e+00
1.424079573872057480e+01 1.871140232854564101e+00
1.426090768081943416e+01 1.871396015305994087e+00
1.426300222728365696e+01 1.871426021143074658e+00
1.428101962291828642e+01 1.871671741063049232e+00
1.430113156501714045e+01 1.871920996753203559e+00
1.432124350711599448e+01 1.872167917005922888e+00
1.434135544921484851e+01 1.872419721979121432e+00
1.436146739131370609e+01 1.872662250920271942e+00
1.437904475320619824e+01 1.872900867397824243e+00
1.438157933341256012e+01 1.872933902918272553e+00
1.440169127551141415e+01 1.873219714110072598e+00
1.442180321761026995e+01 1.873485806708062640e+00
1.444191515970912576e+01 1.873778695632833280e+00
1.446202710180797979e+01 1.874077007856719712e+00
1.448213904390683382e+01 1.874359274163568623e+00
1.448320473289813570e+01 1.874375713652573827e+00
1.450225098600568785e+01 1.874653910995827122e+00
1.452236292810454366e+01 1.874962751149646056e+00
1.454247487020339946e+01 1.875252296309498634e+00
1.456258681230225349e+01 1.875546260675830190e+00
1.458183232631674997e+01 1.875850559907323190e+00
1.458269875440110752e+01 1.875863807506464198e+00
1.460281069649996333e+01 1.876147170943530895e+00
1.462292263859881913e+01 1.876433548047065525e+00
1.464303458069767494e+01 1.876749245853336134e+00
1.466314652279652719e+01 1.877072750666400225e+00
1.467944413973153672e+01 1.877325406162072330e+00
1.468325846489538122e+01 1.877381681731240981e+00
1.470337040699423703e+01 1.877674932365611449e+00
1.472348234909309284e+01 1.877962822153042888e+00
1.474359429119194687e+01 1.878314046826867756e+00
1.476370623329080090e+01 1.878696610771026121e+00
1.476955044746715551e+01 1.878800252416822136e+00
1.478381817538965493e+01 1.879043914002257676e+00
1.480393011748851251e+01 1.879396957119047862e+00
1.482404205958736654e+01 1.879717852829652536e+00
1.484415400168622057e+01 1.880099878910416411e+00
1.485395935052949667e+01 1.880275098671571499e+00
1.486426594378507460e+01 1.880451828636485967e+00
1.488437788588392863e+01 1.880798186719990106e+00
1.490448982798278621e+01 1.881187104646957930e+00
1.492460177008164202e+01 1.881602661007671262e+00
1.493158947229409605e+01 1.881749944926321083e+00
1.494471371218049427e+01 1.882018231170033085e+00
1.496482565427934830e+01 1.882437144411747809e+00
1.498493759637820411e+01 1.882883340301395148e+00
1.499942818610418271e+01 1.883224791181070445e+00
1.500504953847705991e+01 1.883352099848040639e+00
1.502516148057591394e+01 1.883837463204820484e+00
1.504527342267476797e+01 1.884312501129865369e+00
1.506091330114026405e+01 1.884699637435820030e+00
1.506538536477362200e+01 1.884806658619730735e+00
1.508549730687247781e+01 1.885305015494829206e+00
1.510560924897133361e+01 1.885813129737285543e+00
1.511889865596641158e+01 1.886174483690569392e+00
1.512572119107018764e+01 1.886355777637297670e+00
1.514583313316904167e+01 1.886905711269541541e+00
1.516594507526789748e+01 1.887513895792031215e+00
1.517045777399542850e+01 1.887649329945318977e+00
1.518605701736675329e+01 1.888102666903150206e+00
1.520616895946560732e+01 1.888724610498144996e+00
1.521830402140680150e+01 1.889124176200068339e+00
1.522628090156446135e+01 1.889383551376673465e+00
1.524639284366331538e+01 1.890055387054368374e+00
1.526159093149397705e+01 1.890599022454817923e+00
1.526650478576217296e+01 1.890768530883928378e+00
1.528661672786102699e+01 1.891475437590726782e+00
1.530257812175192100e+01 1.892073868709567286e+00
1.530672866995988102e+01 1.892229116644841502e+00
1.532684061205873682e+01 1.893027702034411952e+00
1.533949617339371585e+01 1.893548714964316648e+00
1.534695255415759085e+01 1.893847906499400047e+00
1.536706449625644488e+01 1.894681200850809155e+00
1.537474185154760065e+01 1.895023561219066011e+00
1.538717643835530069e+01 1.895566286655214761e+00
1.540728838045415650e+01 1.896475082132394574e+00
1.540779113851443505e+01 1.896498407473815817e+00
1.542740032255300875e+01 1.897398237475429017e+00
1.543924897797212026e+01 1.897973253728565179e+00
1.544751226465186456e+01 1.898367264827135470e+00
1.546762420675072036e+01 1.899398435151844922e+00
1.546855512792265230e+01 1.899448099983314542e+00
1.548773614884957439e+01 1.900460882351042269e+00
1.549633367163657027e+01 1.900922946238063904e+00
1.550784809094842842e+01 1.901534014806899542e+00
1.552289241353566318e+01 1.902397792492813489e+00
1.552796003304728245e+01 1.902695455437629413e+00
1.554723263409617928e+01 1.903872638747563073e+00
1.554807197514613826e+01 1.903922284387538522e+00
1.556818391724499406e+01 1.905125501737387372e+00
1.557176039299873693e+01 1.905347485002312435e+00
1.558829585934384987e+01 1.906357963778602560e+00
1.559546954141262276e+01 1.906822331257061798e+00
1.560840780144270212e+01 1.907662088465130967e+00
1.561802449732818232e+01 1.908297177511811382e+00
1.562851974354155793e+01 1.908985739608143106e+00
1.563991371129867858e+01 1.909772023766560967e+00
1.564863168564041018e+01 1.910374051575970622e+00
1.566075523143432413e+01 1.911246870021310329e+00
1.566874362773926777e+01 1.911821387222247370e+00
1.568084331207421123e+01 1.912721716276059913e+00
1.568885556983812180e+01 1.913314336237575741e+00
1.570029435115774419e+01 1.914196562530809498e+00
1.570896751193697760e+01 1.914870041526034239e+00
1.571928328980926182e+01 1.915671408785558860e+00
1.572907945403582985e+01 1.916433456647355538e+00
1.573791124634832350e+01 1.917146255040308223e+00
1.574919139613468566e+01 1.918061745102139337e+00
1.575596661879923843e+01 1.918621101295058029e+00
1.576930333823353969e+01 1.919733610641254584e+00
1.577356450211989269e+01 1.920095947549807169e+00
1.578941528033239550e+01 1.921443549014919538e+00
1.579083361029899457e+01 1.921570793804556754e+00
1.580701259565235084e+01 1.923045640059306116e+00
1.580952722243125130e+01 1.923273590743058703e+00
1.582348765279801839e+01 1.924520486314055479e+00
1.582963916453010356e+01 1.925078095823923530e+00
1.583961644497009402e+01 1.925995332568805063e+00
1.584975110662896114e+01 1.926934984984577603e+00
1.585534819766558101e+01 1.927470178823554425e+00
1.586986304872781517e+01 1.928888330717824173e+00
1.587044213033082229e+01 1.928945025078303788e+00
1.588550983376805448e+01 1.930419871333053372e+00
1.588997499082666920e+01 1.930863939069648483e+00
1.590029841601708327e+01 1.931894717587802957e+00
1.591008693292552501e+01 1.932895231326929864e+00
1.591470061928545832e+01 1.933369563842552097e+00
1.592877797448175059e+01 1.934844410097301903e+00
1.593019887502437903e+01 1.934994855038153272e+00
1.594259334385286309e+01 1.936319256352051266e+00
1.595031081712323484e+01 1.937156602612428724e+00
1.595627916705677407e+01 1.937794102606801072e+00
1.596952567237672760e+01 1.939268948861550212e+00
1.597042275922208887e+01 1.939369416502164878e+00
1.598245740240499302e+01 1.940743795116299797e+00
1.599053470132094645e+01 1.941685104015498098e+00
1.599512780931177680e+01 1.942218641371049159e+00
1.600730586539534173e+01 1.943693487625798744e+00
1.601064664341979693e+01 1.944104638317725176e+00
1.601954272441561500e+01 1.945168333880547884e+00
1.603075858551865451e+01 1.946551884465839155e+00
1.603150025224174158e+01 1.946643180135297690e+00
1.604338177657612619e+01 1.948118026390047053e+00
1.605087052761750854e+01 1.949107212232628505e+00
1.605454500993945999e+01 1.949592872644796415e+00
1.606572158949840556e+01 1.951067718899546000e+00
1.607098246971636257e+01 1.951785985815112312e+00
1.607671502347207593e+01 1.952542565154295362e+00
1.608750398248325908e+01 1.954017411409044946e+00
1.609109441181522016e+01 1.954522112190437255e+00
1.609810834283675973e+01 1.955492257663794309e+00
1.610816595708881493e+01 1.956967103918543893e+00
1.611120635391407063e+01 1.957417348594025164e+00
1.611827043274047355e+01 1.958441950173293256e+00
1.612797235307964527e+01 1.959916796428042840e+00
1.613131829601292822e+01 1.960438542582031207e+00
1.613759308476734233e+01 1.961391642682792202e+00
1.614689365117828146e+01 1.962866488937541787e+00
1.615143023811178224e+01 1.963612249495490403e+00
1.615602739608254979e+01 1.964341335192291371e+00
1.616503749365010378e+01 1.965816181447040734e+00
1.617154218021063627e+01 1.966926768638664891e+00
1.617375563761195068e+01 1.967291027701790096e+00
1.618253460825099665e+01 1.968765873956539458e+00
1.619073596586880726e+01 1.970240720211289043e+00
1.619165412230949386e+01 1.970407487934668023e+00
1.619914828939056406e+01 1.971715566466038627e+00
1.620710320274254457e+01 1.973190412720787990e+00
1.621176606440834433e+01 1.974087073216555188e+00
1.621492099666278719e+01 1.974665258975537352e+00
1.622274238585078621e+01 1.976140105230286936e+00
1.623016092436184366e+01 1.977614951485036521e+00
1.623187800650720192e+01 1.977964870621003346e+00
1.623762645194783261e+01 1.979089797739786105e+00
1.624487004927595279e+01 1.980564643994535245e+00
1.625167091559273658e+01 1.982039490249284830e+00
1.625198994860605595e+01 1.982110091023999932e+00
1.625872267027317264e+01 1.983514336504034414e+00
1.626548099992117358e+01 1.984989182758783777e+00
1.627183100364949553e+01 1.986464029013533139e+00
1.627210189070490998e+01 1.986527659027826687e+00
1.627848838501872564e+01 1.987938875268282723e+00
1.628485476790579156e+01 1.989413721523032308e+00
1.629088848318088623e+01 1.990888567777781670e+00
1.629221383280376756e+01 1.991222571560960164e+00
1.629707153747139614e+01 1.992363414032531255e+00
1.630306791466250971e+01 1.993838260287280617e+00
1.630875938332661690e+01 1.995313106542029979e+00
1.631232577490261804e+01 1.996270337378936777e+00
1.631438715781528970e+01 1.996787952796779564e+00
1.632009369248371300e+01 1.998262799051528926e+00
1.632545713374776497e+01 1.999737645306278289e+00
1.633060274296782310e+01 2.001212491561028095e+00
1.633243771700147562e+01 2.001753205974508454e+00
1.633583904088972005e+01 2.002687337815777457e+00
1.634098415721343756e+01 2.004162184070526820e+00
1.634582374576673658e+01 2.005637030325276182e+00
1.635047682065103203e+01 2.007111876580025545e+00
1.635254965910032965e+01 2.007788453077560931e+00
1.635519524592878327e+01 2.008586722834775351e+00
1.635991061389430712e+01 2.010061569089524713e+00
1.636436524074623833e+01 2.011536415344274076e+00
1.636863618190217906e+01 2.013011261599023882e+00
1.637266160119918013e+01 2.014485429748730017e+00
1.637266361985243535e+01 2.014486107853773245e+00
1.637698550452024548e+01 2.015960954108522607e+00
1.638107127819887765e+01 2.017435800363271969e+00
1.638498486709176660e+01 2.018910646618021332e+00
1.638870258325403739e+01 2.020385492872771138e+00
1.639223605763605818e+01 2.021860339127520501e+00
1.639277354329804126e+01 2.022092432711573906e+00
1.639590731388986455e+01 2.023335185382269863e+00
1.639942725954819380e+01 2.024810031637019225e+00
1.640278939785177670e+01 2.026284877891769032e+00
1.640598474255401129e+01 2.027759724146518394e+00
1.640901440962170810e+01 2.029234570401267757e+00
1.641188492691217249e+01 2.030709416656017119e+00
1.641288548539689529e+01 2.031234628066374892e+00
1.641491031241961807e+01 2.032184262910766925e+00
1.641789649764977455e+01 2.033659109165516288e+00
1.642072560723163832e+01 2.035133955420265650e+00
1.642342597966621298e+01 2.036608801675015012e+00
1.642594638415947372e+01 2.038083647929764375e+00
1.642833007228216147e+01 2.039558494184514181e+00
1.643062226222767919e+01 2.041033340439263544e+00
1.643279048590568081e+01 2.042508186694012906e+00
1.643299742749574932e+01 2.042655399118345372e+00
1.643508503531404585e+01 2.043983032948762268e+00
1.643727648542422415e+01 2.045457879203512075e+00
1.643936330123562684e+01 2.046932725458261437e+00
1.644131660838160158e+01 2.048407571713010800e+00
1.644314341810858338e+01 2.049882417967760162e+00
1.644491425848706001e+01 2.051357264222509968e+00
1.644655056592472064e+01 2.052832110477259331e+00
1.644812266589805105e+01 2.054306956732008693e+00
1.644960517232018304e+01 2.055781802986758056e+00
1.645102117511348183e+01 2.057256649241507418e+00
1.645236278025088339e+01 2.058731495496257224e+00
1.645310936959460335e+01 2.059635253999544613e+00
1.645363582184085516e+01 2.060206341751006587e+00
1.645495414548163993e+01 2.061681188005755949e+00
1.645616578305553190e+01 2.063156034260505756e+00
1.645731187773934678e+01 2.064630880515255118e+00
1.645839868073142043e+01 2.066105726770004480e+00
1.645944288143522982e+01 2.067580573024753843e+00
1.646041772804501591e+01 2.069055419279503205e+00
1.646130433104799096e+01 2.070530265534253012e+00
1.646213141247068279e+01 2.072005111789002374e+00
1.646291178875511463e+01 2.073479958043751736e+00
1.646363183999389790e+01 2.074954804298501099e+00
1.646429515243890052e+01 2.076429650553250905e+00
1.646489055510497579e+01 2.077904496808000268e+00
1.646545528732965735e+01 2.079379343062749630e+00
1.646595246378561583e+01 2.080854189317498992e+00
1.646640276741938536e+01 2.082329035572248799e+00
1.646681357698471260e+01 2.083803881826998161e+00
1.646715931778306441e+01 2.085278728081747524e+00
1.646747020223195790e+01 2.086753574336496886e+00
1.646773814287969628e+01 2.088228420591246248e+00
1.646795854011645588e+01 2.089703266845996055e+00
1.646810899639433501e+01 2.091178113100745417e+00
1.646822080896156493e+01 2.092652959355494779e+00
1.646827337340742758e+01 2.094127805610244586e+00
1.646825394836213619e+01 2.095602651864993948e+00
1.646820626127840370e+01 2.097077498119743311e+00
1.646809286669891748e+01 2.098552344374492673e+00
1.646791114604348394e+01 2.100027190629242035e+00
1.646764671195957419e+01 2.101502036883991842e+00
1.646735380755999856e+01 2.102976883138741204e+00
1.646698848945406013e+01 2.104451729393490567e+00
1.646654105431068871e+01 2.105926575648239929e+00
1.646605958562933836e+01 2.107401421902989735e+00
1.646547398998882272e+01 2.108876268157739098e+00
1.646483578559184835e+01 2.110351114412488460e+00
1.646411508123870604e+01 2.111825960667237823e+00
1.646331795106263485e+01 2.113300806921987629e+00
1.646244392236163634e+01 2.114775653176736991e+00
1.646145796333752287e+01 2.116250499431486354e+00
1.646040053709171502e+01 2.117725345686235716e+00
1.645926429754350551e+01 2.119200191940985079e+00
1.645802266904583178e+01 2.120675038195734885e+00
1.645668034512552325e+01 2.122149884450484247e+00
1.645520398975300225e+01 2.123624730705233610e+00
1.645363186081086582e+01 2.125099576959983416e+00
1.645310936959460335e+01 2.125556184527789938e+00
1.645207493410631372e+01 2.126574423214732779e+00
1.645046684566667494e+01 2.128049269469482141e+00
1.644876122410875041e+01 2.129524115724231503e+00
1.644692927232205903e+01 2.130998961978980866e+00
1.644496114034839707e+01 2.132473808233730672e+00
1.644289673108362848e+01 2.133948654488480035e+00
1.644070127306230944e+01 2.135423500743229397e+00
1.643837316797275250e+01 2.136898346997978759e+00
1.643588147392823373e+01 2.138373193252728566e+00
1.643325755198324245e+01 2.139848039507477928e+00
1.643299742749574932e+01 2.139987494429540060e+00
1.643073619787215023e+01 2.141322885762227290e+00
1.642810371795256330e+01 2.142797732016976653e+00
1.642528899339693638e+01 2.144272578271726459e+00
1.642235686561387809e+01 2.145747424526475822e+00
1.641923892108965433e+01 2.147222270781225184e+00
1.641591591250480420e+01 2.148697117035974546e+00
1.641288548539689529e+01 2.149996984755174090e+00
1.641251557969475883e+01 2.150171963290723909e+00
1.640924350291736289e+01 2.151646809545473715e+00
1.640581373626654127e+01 2.153121655800223078e+00
1.640217995109600224e+01 2.154596502054972440e+00
1.639833020795664353e+01 2.156071348309721802e+00
1.639426261208351931e+01 2.157546194564471609e+00
1.639277354329804126e+01 2.158068181120120332e+00
1.639027290160025530e+01 2.159021040819220971e+00
1.638626621526636029e+01 2.160495887073970334e+00
1.638203195463770356e+01 2.161970733328719696e+00
1.637758481787672338e+01 2.163445579583469502e+00
1.637290555665813940e+01 2.164920425838218865e+00
1.637266160119918368e+01 2.164994991153144532e+00
1.636839949836356212e+01 2.166395272092968227e+00
1.636370310535954786e+01 2.167870118347717590e+00
1.635877420425323336e+01 2.169344964602466952e+00
1.635353650273220794e+01 2.170819810857216758e+00
1.635254965910032965e+01 2.171090952397944029e+00
1.634847200837257830e+01 2.172294657111966121e+00
1.634324897828110323e+01 2.173769503366715483e+00
1.633777056696933272e+01 2.175244349621465290e+00
1.633243771700147562e+01 2.176604817265160641e+00
1.633202135535441002e+01 2.176719195876214652e+00
1.632656091887654526e+01 2.178194042130964014e+00
1.632084013932196953e+01 2.179668888385713377e+00
1.631487672808495049e+01 2.181143734640462739e+00
1.631232577490261804e+01 2.181749405952139398e+00
1.630887091629167429e+01 2.182618580895212546e+00
1.630277548622074590e+01 2.184093427149961908e+00
1.629641845474280970e+01 2.185568273404711270e+00
1.629221383280376756e+01 2.186512039725289291e+00
1.628996689545460796e+01 2.187043119659460633e+00
1.628367166904903840e+01 2.188517965914210439e+00
1.627696367347101258e+01 2.189992812168959802e+00
1.627210189070490998e+01 2.191026966004328003e+00
1.627012347471590203e+01 2.191467658423709164e+00
1.626334387312612151e+01 2.192942504678458526e+00
1.625618178407080450e+01 2.194417350933208333e+00
1.625198994860605595e+01 2.195256008632688882e+00
1.624894176863755391e+01 2.195892197187957695e+00
1.624175852821388588e+01 2.197367043442707057e+00
1.623417648346899256e+01 2.198841889697456420e+00
1.623187800650720192e+01 2.199281086607475899e+00
1.622669128597926758e+01 2.200316735952205782e+00
1.621901471732306632e+01 2.201791582206955589e+00
1.621176606440834433e+01 2.203120142204670451e+00
1.621100980317708817e+01 2.203266428461704951e+00
1.620336021890779321e+01 2.204741274716454313e+00
1.619527988593785395e+01 2.206216120971204120e+00
1.619165412230949386e+01 2.206862353572382140e+00
1.618712212230952829e+01 2.207690967225953482e+00
1.617887073610015847e+01 2.209165813480702845e+00
1.617154218021063627e+01 2.210425399767610877e+00
1.617032979209672305e+01 2.210640659735452207e+00
1.616181909493258217e+01 2.212115505990201569e+00
1.615291054167615670e+01 2.213590352244951376e+00
1.615143023811178224e+01 2.213831657617862270e+00
1.614399144245374274e+01 2.215065198499700738e+00
1.613473217669480420e+01 2.216540044754450101e+00
1.613131829601292822e+01 2.217071435116712674e+00
1.612544176415406127e+01 2.218014891009199463e+00
1.611592514035417167e+01 2.219489737263948825e+00
1.611120635391407063e+01 2.220202065061898544e+00
1.610620587782667812e+01 2.220964583518698632e+00
1.609626878249504145e+01 2.222439429773448438e+00
1.609109441181522016e+01 2.223185947505737836e+00
1.608620701433414268e+01 2.223914276028197357e+00
1.607600529370076003e+01 2.225389122282947163e+00
1.607098246971636257e+01 2.226094013309857012e+00
1.606549910899385836e+01 2.226863968537696525e+00
1.605466266168948763e+01 2.228338814792445888e+00
1.605087052761751210e+01 2.228837089019055639e+00
1.604349647775787346e+01 2.229813661047195250e+00
1.603200245157304948e+01 2.231288507301944612e+00
1.603075858551865451e+01 2.231445563785863673e+00
1.602027404724164938e+01 2.232763353556694419e+00
1.601064664341979693e+01 2.233914768803094475e+00
1.600792238442265614e+01 2.234238199811443781e+00
1.599522071053037386e+01 2.235713046066193144e+00
1.599053470132094645e+01 2.236242231114399015e+00
1.598217575583329264e+01 2.237187892320942950e+00
1.597042275922208887e+01 2.238500942991903830e+00
1.596896426216052234e+01 2.238662738575692313e+00
1.595514469970760985e+01 2.240137584830441675e+00
1.595031081712323484e+01 2.240635901780108519e+00
1.594076219334156086e+01 2.241612431085191037e+00
1.593019887502437903e+01 2.242665442579781843e+00
1.592584389798490818e+01 2.243087277339940400e+00
1.591008693292552501e+01 2.244562101515799490e+00
1.591008669093543304e+01 2.244562123594690206e+00
1.589366189895745052e+01 2.246036969849439568e+00
1.588997499082666920e+01 2.246358353631011884e+00
1.587657431489309801e+01 2.247511816104188931e+00
1.586986304872781517e+01 2.248075895582541506e+00
1.585850526470818878e+01 2.248986662358938293e+00
1.584975110662896114e+01 2.249667785515749419e+00
1.583911505356755711e+01 2.250461508613687656e+00
1.582963916453010533e+01 2.251164698590640612e+00
1.581896300338189931e+01 2.251936354868437462e+00
1.580952722243125130e+01 2.252610824740338913e+00
1.579772924279225776e+01 2.253411201123186824e+00
1.578941528033239727e+01 2.253963988231991955e+00
1.577508190369855257e+01 2.254886047377936187e+00
1.576930333823354147e+01 2.255256377672669288e+00
1.575143900532574825e+01 2.256360893632685993e+00
1.574919139613468388e+01 2.256499388496369107e+00
1.572907945403583163e+01 2.257669375506218046e+00
1.572606244906091000e+01 2.257835739887435356e+00
1.570896751193697760e+01 2.258774341925924301e+00
1.569878582284245638e+01 2.259310586142184718e+00
1.568885556983812180e+01 2.259833449827517882e+00
1.566965401313732542e+01 2.260785432396934080e+00
1.566874362773926777e+01 2.260830961369808545e+00
1.564863168564041018e+01 2.261794946191459044e+00
1.563846442032417627e+01 2.262260278651683443e+00
1.562851974354155615e+01 2.262721217379113359e+00
1.560840780144270212e+01 2.263605837801869747e+00
1.560537222481927344e+01 2.263735124906433249e+00
1.558829585934384809e+01 2.264470618200198793e+00
1.556933212185327520e+01 2.265209971161182612e+00
1.556818391724499406e+01 2.265256221498763711e+00
1.554807197514614003e+01 2.266044035515947463e+00
1.553029879333663388e+01 2.266684817415931974e+00
1.552796003304728245e+01 2.266769972601477168e+00
1.550784809094842842e+01 2.267503588993625030e+00
1.548822266518126867e+01 2.268159663670681780e+00
1.548773614884957261e+01 2.268176419526180432e+00
1.546762420675072036e+01 2.268865205462714751e+00
1.544751226465186278e+01 2.269523072698728772e+00
1.544384874586650724e+01 2.269634509925431143e+00
1.542740032255300875e+01 2.270150715745829384e+00
1.540728838045415472e+01 2.270785578686896677e+00
1.539659005611295406e+01 2.271109356180180505e+00
1.538717643835530069e+01 2.271404980271302332e+00
1.536706449625644311e+01 2.271982873276925829e+00
1.534695255415759085e+01 2.272551238147813901e+00
1.534575245740716554e+01 2.272584202434929868e+00
1.532684061205873505e+01 2.273121252620497579e+00
1.530672866995988102e+01 2.273640872330962459e+00
1.529070862047553092e+01 2.274059048689679230e+00
1.528661672786102699e+01 2.274176538340887177e+00
1.526650478576217296e+01 2.274728521107181045e+00
1.524639284366331538e+01 2.275262718587733879e+00
1.523605316218800709e+01 2.275533894944429036e+00
1.522628090156446135e+01 2.275790599692531391e+00
1.520616895946560732e+01 2.276307020554368954e+00
1.518605701736675329e+01 2.276825004217556181e+00
1.517854615964474618e+01 2.277008741199178399e+00
1.516594507526789748e+01 2.277333345619895866e+00
1.514583313316904167e+01 2.277846494400825428e+00
1.512572119107018764e+01 2.278337872027650146e+00
1.511955015501294319e+01 2.278483587453927761e+00
1.510560924897133361e+01 2.278827061471190518e+00
1.508549730687247781e+01 2.279306369625966333e+00
1.506538536477362200e+01 2.279755751498769634e+00
1.505632577578419529e+01 2.279958433708677124e+00
1.504527342267476797e+01 2.280220427938208783e+00
1.502516148057591394e+01 2.280680170316558009e+00
1.500504953847705991e+01 2.281124495499469162e+00
1.499072774773424221e+01 2.281433279963426486e+00
1.498493759637820411e+01 2.281562841804147368e+00
1.496482565427934830e+01 2.282009276211698801e+00
1.494471371218049427e+01 2.282448547581189313e+00
1.492460177008164024e+01 2.282864960039025615e+00
1.492261305114933734e+01 2.282908126218176292e+00
1.490448982798278621e+01 2.283317231395564306e+00
1.488437788588393218e+01 2.283722669555130480e+00
1.486426594378507460e+01 2.284102530866602532e+00
1.484974046428872541e+01 2.284382972472925655e+00
1.484415400168622234e+01 2.284496520761476468e+00
1.482404205958736831e+01 2.284879995991437429e+00
1.480393011748851251e+01 2.285222646061797480e+00
1.478381817538965493e+01 2.285581911633730368e+00
1.476713390068507969e+01 2.285857818727675017e+00
1.476370623329080090e+01 2.285917377690209307e+00
1.474359429119194687e+01 2.286261951480838661e+00
1.472348234909309284e+01 2.286601631876569840e+00
1.470337040699423525e+01 2.286864375146649753e+00
1.468325846489538122e+01 2.287165608127705863e+00
1.467012962944926002e+01 2.287332664982424824e+00
1.466314652279652542e+01 2.287425220017499150e+00
1.464303458069767316e+01 2.287737351611465186e+00
1.462292263859881913e+01 2.287997820555671247e+00
1.460281069649996333e+01 2.288251624625648351e+00
1.458269875440110752e+01 2.288481724763085090e+00
1.456258681230225349e+01 2.288688062776864651e+00
1.455182895543985211e+01 2.288807511237174186e+00
1.454247487020339946e+01 2.288916496972263737e+00
1.452236292810454188e+01 2.289114653868411065e+00
1.450225098600568785e+01 2.289291045997076779e+00
1.448213904390683382e+01 2.289470042680624040e+00
1.446202710180797979e+01 2.289653466503648538e+00
1.444191515970912576e+01 2.289803810400946382e+00
1.442180321761026995e+01 2.289920405976064721e+00
1.440169127551141415e+01 2.290039934354086704e+00
1.438157933341256012e+01 2.290139839122418586e+00
1.436146739131370609e+01 2.290228094772746026e+00
1.434891597209841940e+01 2.290282357491923548e+00
1.434135544921485206e+01 2.290316866846117794e+00
1.432124350711599448e+01 2.290381325521280154e+00
1.430113156501714045e+01 2.290405688142739926e+00
1.428101962291828642e+01 2.290446491414482644e+00
1.426090768081943239e+01 2.290476277019018347e+00
1.424079573872057658e+01 2.290502819310388460e+00
1.422068379662172077e+01 2.290504237241832719e+00
1.420057185452286674e+01 2.290520148448276228e+00
1.418045991242401271e+01 2.290542936873887658e+00
1.416034797032515868e+01 2.290545329678769448e+00
1.414023602822630110e+01 2.290549422734274643e+00
1.412012408612744707e+01 2.290531835151771833e+00
1.410001214402859304e+01 2.290554607074476223e+00
1.407990020192973901e+01 2.290534139019672732e+00
1.405978825983088143e+01 2.290557529276957105e+00
1.403967631773202918e+01 2.290568371260977898e+00
1.401956437563317337e+01 2.290549197845781482e+00
1.399945243353431934e+01 2.290496123307061538e+00
1.397934049143546531e+01 2.290467224168073024e+00
1.395922854933660950e+01 2.290389524560102252e+00
1.393911660723775370e+01 2.290325652898279607e+00
1.391900466513889967e+01 2.290292063073908757e+00
1.390926788481057841e+01 2.290282357491923548e+00
1.389889272304004564e+01 2.290272632996492419e+00
1.387878078094118983e+01 2.290205628610317845e+00
1.385866883884233580e+01 2.290173916628924111e+00
1.383855689674348000e+01 2.290147043840168539e+00
1.381844495464462597e+01 2.290120659283208848e+00
1.379833301254577194e+01 2.290068965589493466e+00
1.377822107044691613e+01 2.290034395683398394e+00
1.375810912834806032e+01 2.290015142226590861e+00
1.373799718624920629e+01 2.289988495876733143e+00
1.371788524415035226e+01 2.289941813383971514e+00
1.369777330205149823e+01 2.289902466044872575e+00
1.367766135995264243e+01 2.289880061553230206e+00
1.365754941785378662e+01 2.289829233617411308e+00
1.363743747575493259e+01 2.289770569541067058e+00
1.361732553365607856e+01 2.289739307623498199e+00
1.359721359155722098e+01 2.289718768985403941e+00
1.357710164945836695e+01 2.289703247028542776e+00
1.355698970735951292e+01 2.289704415868210496e+00
1.353687776526065889e+01 2.289687349880222822e+00
1.351676582316180486e+01 2.289669867380427881e+00
1.349665388106294905e+01 2.289630448607703705e+00
1.347654193896409325e+01 2.289592229897220221e+00
1.345642999686523922e+01 2.289561205409949451e+00
1.343631805476638519e+01 2.289519054658955888e+00
1.341620611266753116e+01 2.289480665030512618e+00
1.339609417056867713e+01 2.289427398547774217e+00
1.337598222846981955e+01 2.289394375655293690e+00
1.335587028637096552e+01 2.289353595848315770e+00
1.333575834427211149e+01 2.289316935279452458e+00
1.331564640217325568e+01 2.289273538816138931e+00
1.329553446007439987e+01 2.289197452749541117e+00
1.327542251797554584e+01 2.289133599820449838e+00
1.325531057587669181e+01 2.289084049307644975e+00
1.323519863377783778e+01 2.289045528872000634e+00
1.321508669167898198e+01 2.288970223268992132e+00
1.319497474958012617e+01 2.288882530606975330e+00
1.317617439822252301e+01 2.288807511237174186e+00
1.317486280748127214e+01 2.288802608267632710e+00
1.315475086538241811e+01 2.288727745263711810e+00
1.313463892328356408e+01 2.288660564688870025e+00
1.311452698118470828e+01 2.288588580950887685e+00
1.309441503908585247e+01 2.288491641319089887e+00
1.307430309698699844e+01 2.288433070052195095e+00
1.305419115488814441e+01 2.288322620034334509e+00
1.303407921278928860e+01 2.288231908489156918e+00
1.301396727069043280e+01 2.288140187294433137e+00
1.299385532859157877e+01 2.288043449415488872e+00
1.297374338649272474e+01 2.287927271185764777e+00
1.295363144439387071e+01 2.287776960715191876e+00
1.293351950229501313e+01 2.287664492342166511e+00
1.291340756019615910e+01 2.287565378906032620e+00
1.289329561809730329e+01 2.287435812524986734e+00
1.287318367599845104e+01 2.287346897151868674e+00
1.287105284434764130e+01 2.287332664982424824e+00
1.285307173389959523e+01 2.287218533326770498e+00
1.283295979180074120e+01 2.287099043371448204e+00
1.281284784970188539e+01 2.286963209802341801e+00
1.279273590760303136e+01 2.286830352291668422e+00
1.277262396550417733e+01 2.286692282959945199e+00
1.275251202340532153e+01 2.286551319525682580e+00
1.273240008130646572e+01 2.286396049624010551e+00
1.271228813920760992e+01 2.286222835937891773e+00
1.269217619710875766e+01 2.286076477106775418e+00
1.267206425500990363e+01 2.285881041708163863e+00
1.266925338694775149e+01 2.285857818727675017e+00
1.265195231291104783e+01 2.285723380262195459e+00
1.263184037081219202e+01 2.285549453836420941e+00
1.261172842871333799e+01 2.285382149029952181e+00
1.259161648661448396e+01 2.285230687962957141e+00
1.257150454451562638e+01 2.285063368605710021e+00
1.255139260241677235e+01 2.284869246245877505e+00
1.253128066031791832e+01 2.284670834342254597e+00
1.251116871821906429e+01 2.284490556638626657e+00
1.250141932892870145e+01 2.284382972472925655e+00
1.249105677612021026e+01 2.284273836134376623e+00
1.247094483402135445e+01 2.284068392506481526e+00
1.245083289192249865e+01 2.283885059348713664e+00
1.243072094982364462e+01 2.283661504915082130e+00
1.241060900772479059e+01 2.283484287119783129e+00
1.239049706562593656e+01 2.283297925357187008e+00
1.237038512352708075e+01 2.283079445492191883e+00
1.235475592097294850e+01 2.282908126218176292e+00
1.235027318142822494e+01 2.282861912883559885e+00
1.233016123932937091e+01 2.282642786845437310e+00
1.231004929723051688e+01 2.282406391594828499e+00
1.228993735513166108e+01 2.282183504244611694e+00
1.226982541303280705e+01 2.281942839426459813e+00
1.224971347093395124e+01 2.281679502626586142e+00
1.223223526882170376e+01 2.281433279963426486e+00
1.222960152883509721e+01 2.281398268862547152e+00
1.220948958673624318e+01 2.281135450897126660e+00
1.218937764463738738e+01 2.280861683407693796e+00
1.216926570253853157e+01 2.280571955669643991e+00
1.214915376043967576e+01 2.280280334481128879e+00
1.212904181834082351e+01 2.279965780666553865e+00
1.212859259803863132e+01 2.279958433708677124e+00
1.210892987624196948e+01 2.279649607453404059e+00
1.208881793414311367e+01 2.279327300991540017e+00
1.206870599204425787e+01 2.278993038162312246e+00
1.204859404994540384e+01 2.278643495849602907e+00
1.203924496463622695e+01 2.278483587453927761e+00
1.202848210784654981e+01 2.278306599693323609e+00
1.200837016574769400e+01 2.277913075851498270e+00
1.198825822364883820e+01 2.277531802254662452e+00
1.196814628154998417e+01 2.277137749540365075e+00
1.196194820016596339e+01 2.277008741199178399e+00
1.194803433945113014e+01 2.276732533249704815e+00
1.192792239735227611e+01 2.276296441302013029e+00
1.190781045525342030e+01 2.275845543710089292e+00
1.189399167992145401e+01 2.275533894944429036e+00
1.188769851315456449e+01 2.275398406236104343e+00
1.186758657105571046e+01 2.274906937622050762e+00
1.184747462895685644e+01 2.274411130697730599e+00
1.183459552697223671e+01 2.274059048689679230e+00
1.182736268685800063e+01 2.273869240781355661e+00
1.180725074475914660e+01 2.273336583537523659e+00
1.178713880266029079e+01 2.272812970498818697e+00
1.177882105039229366e+01 2.272584202434929868e+00
1.176702686056143676e+01 2.272269134142216984e+00
1.174691491846258273e+01 2.271714766340508618e+00
1.172689466906773781e+01 2.271109356180180505e+00
1.172680297636372693e+01 2.271106701656218974e+00
1.170669103426487112e+01 2.270515949886392271e+00
1.168657909216601709e+01 2.269897678025205590e+00
1.167860067917109745e+01 2.269634509925431143e+00
1.166646715006716306e+01 2.269250795922246766e+00
1.164635520796830903e+01 2.268600161502673185e+00
1.163347387092973229e+01 2.268159663670681780e+00
1.162624326586945323e+01 2.267918476812216255e+00
1.160613132377059742e+01 2.267227253195036596e+00
1.159108535835079934e+01 2.266684817415931974e+00
1.158601938167174339e+01 2.266507581376048019e+00
1.156590743957288936e+01 2.265790623243762347e+00
1.155031147561300386e+01 2.265209971161182612e+00
1.154579549747403355e+01 2.265047508694490563e+00
1.152568355537517952e+01 2.264283415972867530e+00
1.151171713895530857e+01 2.263735124906433249e+00
1.150557161327632372e+01 2.263501254646900218e+00
1.148545967117746969e+01 2.262714387533753424e+00
1.147440619873861678e+01 2.262260278651683443e+00
1.146534772907861566e+01 2.261898963842708721e+00
1.144523578697975807e+01 2.261074979174567900e+00
1.143832986878769375e+01 2.260785432396933636e+00
1.142512384488090404e+01 2.260250400513647229e+00
1.140501190278205002e+01 2.259391299043036927e+00
1.140319204101274053e+01 2.259310586142184718e+00
1.138489996068319599e+01 2.258517469026421587e+00
1.136971096929618241e+01 2.257835739887435356e+00
1.136478801858434018e+01 2.257621451029366177e+00
1.134467607648548615e+01 2.256711245887076611e+00
1.133721441121714690e+01 2.256360893632685993e+00
1.132456413438663034e+01 2.255777423058862308e+00
1.130548661436322533e+01 2.254886047377936187e+00
1.130445219228777631e+01 2.254839341488765303e+00
1.128434025018892228e+01 2.253892079747219501e+00
1.127433770082780384e+01 2.253411201123186824e+00
1.126422830809006648e+01 2.252932270196634779e+00
1.124411636599121067e+01 2.251964394133147085e+00
1.124356491153754156e+01 2.251936354868437462e+00
1.122400442389235664e+01 2.250965367702376430e+00
1.121414166674849611e+01 2.250461508613687656e+00
1.120389248179350261e+01 2.249950610485881963e+00
1.118525061625768657e+01 2.248986662358938293e+00
1.118378053969464858e+01 2.248912090682940956e+00
1.116366859759579455e+01 2.247868480372466227e+00
1.115701325207063377e+01 2.247511816104188931e+00
1.114355665549693697e+01 2.246804740648100207e+00
1.112933928448879151e+01 2.246036969849439568e+00
1.112344471339808294e+01 2.245723117130339119e+00
1.110333277129922891e+01 2.244595587507176582e+00
1.110274768968244175e+01 2.244562123594690206e+00
1.108322082920037310e+01 2.243457960475630397e+00
1.107682794786065728e+01 2.243087277339940400e+00
1.106310888710151907e+01 2.242304078304437454e+00
1.105132219211870570e+01 2.241612431085191037e+00
1.104299694500266327e+01 2.241128209041879149e+00
1.102645664501984157e+01 2.240137584830441675e+00
1.102288500290380924e+01 2.239924928417733607e+00
1.100277306080495521e+01 2.238685040283281857e+00
1.100241514090148165e+01 2.238662738575692313e+00
1.098266111870609940e+01 2.237448525415735467e+00
1.097856464359075090e+01 2.237187892320942950e+00
1.096254917660724537e+01 2.236170484732858732e+00
1.095556285285375253e+01 2.235713046066193144e+00
1.094243723450838957e+01 2.234854417203304244e+00
1.093322876186906178e+01 2.234238199811444225e+00
1.092232529240953554e+01 2.233509478850733032e+00
1.091148089903099816e+01 2.232763353556694419e+00
1.090221335031067973e+01 2.232132348635035957e+00
1.089014420916733883e+01 2.231288507301944612e+00
1.088210140821182570e+01 2.230720790137426413e+00
1.086932008819393047e+01 2.229813661047195250e+00
1.086198946611296989e+01 2.229293426993366189e+00
1.084913284974360081e+01 2.228338814792445888e+00
1.084187752401411586e+01 2.227803596881611004e+00
1.082905651585015327e+01 2.226863968537696525e+00
1.082176558191526183e+01 2.226322413043928083e+00
1.080961316135508987e+01 2.225389122282947163e+00
1.080165363981640603e+01 2.224775472788866448e+00
1.079047299132805193e+01 2.223914276028197357e+00
1.078154169771755200e+01 2.223225323990188684e+00
1.077148245297586548e+01 2.222439429773447994e+00
1.076142975561869619e+01 2.221642049725608636e+00
1.075297165906613372e+01 2.220964583518698632e+00
1.074131781351984216e+01 2.220024231122122327e+00
1.073481528480416358e+01 2.219489737263948825e+00
1.072120587142098813e+01 2.218363436002221079e+00
1.071706207016122647e+01 2.218014891009199463e+00
1.070109392932213233e+01 2.216649278497397457e+00
1.069980842933135001e+01 2.216540044754450101e+00
1.068266978023361879e+01 2.215065198499700738e+00
1.068098198722327652e+01 2.214920368234458259e+00
1.066568306866651383e+01 2.213590352244951376e+00
1.066087004512442249e+01 2.213164940523443924e+00
1.064907449164915398e+01 2.212115505990201569e+00
1.064075810302556846e+01 2.211365079278464041e+00
1.063267311398459114e+01 2.210640659735452207e+00
1.062064616092671088e+01 2.209547360357971613e+00
1.061641564854023123e+01 2.209165813480702845e+00
1.060053421882785862e+01 2.207709495499247332e+00
1.060033664480002003e+01 2.207690967225953482e+00
1.058458126977282809e+01 2.206216120971204120e+00
1.058042227672900282e+01 2.205818895599636509e+00
1.056896357139632769e+01 2.204741274716454313e+00
1.056031033463014879e+01 2.203916382963549747e+00
1.055346060400000496e+01 2.203266428461704951e+00
1.054019839253129476e+01 2.201974052487152722e+00
1.053831327193589118e+01 2.201791582206955589e+00
1.052301029358786977e+01 2.200316735952205782e+00
1.052008645043243895e+01 2.200029804711940429e+00
1.050801810783303480e+01 2.198841889697456420e+00
1.049997450833358315e+01 2.198035189248191745e+00
1.049325314415453647e+01 2.197367043442707057e+00
1.047986256623472912e+01 2.195996047476413970e+00
1.047882841762607242e+01 2.195892197187957251e+00
1.046413504864797872e+01 2.194417350933208333e+00
1.045975062413587509e+01 2.193971600302870861e+00
1.044957314689840899e+01 2.192942504678458526e+00
1.043963868203702106e+01 2.191915026699376767e+00
1.043522598788277200e+01 2.191467658423709164e+00
1.042094514026497087e+01 2.189992812168959802e+00
1.041952673993816525e+01 2.189845559986100643e+00
1.040654565785563612e+01 2.188517965914210439e+00
1.039941479783930944e+01 2.187770488707431404e+00
1.039235538194605368e+01 2.187043119659460633e+00
1.037930285574045541e+01 2.185665523266488108e+00
1.037838308813820198e+01 2.185568273404711270e+00
1.036449508779604578e+01 2.184093427149961908e+00
1.035919091364160138e+01 2.183516338168721038e+00
1.035066053402761099e+01 2.182618580895212546e+00
1.033907897154274558e+01 2.181360842057412874e+00
1.033704176936695340e+01 2.181143734640462739e+00
1.032330217295464081e+01 2.179668888385713377e+00
1.031896702944389155e+01 2.179193249436429447e+00
1.030976353990417493e+01 2.178194042130964014e+00
1.029885508734503574e+01 2.176969045908418110e+00
1.029657531012251148e+01 2.176719195876214652e+00
1.028323858440007932e+01 2.175244349621465290e+00
1.027874314524618171e+01 2.174731331157294001e+00
1.027010414203986599e+01 2.173769503366715483e+00
1.025863120314732768e+01 2.172459067881991501e+00
1.025714491191167177e+01 2.172294657111966121e+00
1.024392331981314896e+01 2.170819810857216758e+00
1.023851926104847188e+01 2.170198579073429723e+00
1.023097185388838604e+01 2.169344964602466952e+00
1.021840731894961785e+01 2.167870240605681786e+00
1.021840623752004262e+01 2.167870118347717590e+00
1.020546328024384231e+01 2.166395272092968227e+00
1.019829537685076204e+01 2.165542656670091048e+00
1.019301255473995838e+01 2.164920425838218865e+00
1.018080882173314095e+01 2.163445579583469502e+00
1.017818343475190801e+01 2.163121669326821372e+00
1.016840613022677786e+01 2.161970733328719696e+00
1.015807149265305398e+01 2.160702893975138483e+00
1.015634941073151332e+01 2.160495887073970334e+00
1.014420880232989042e+01 2.159021040819220971e+00
1.013795955055419817e+01 2.158229622852093854e+00
1.013235594114824245e+01 2.157546194564471609e+00
1.012067781952187673e+01 2.156071348309721802e+00
1.011784760845534237e+01 2.155705080817184705e+00
1.010896659009973675e+01 2.154596502054972440e+00
1.009773566635648834e+01 2.153126393583898679e+00
1.009769838041364665e+01 2.153121655800222634e+00
1.008618841908381469e+01 2.151646809545473715e+00
1.007762372425763431e+01 2.150491196018477158e+00
1.007517118528654620e+01 2.150171963290723909e+00
1.006406462850040739e+01 2.148697117035974546e+00
1.005751178215877850e+01 2.147782058043389508e+00
1.005338145590315513e+01 2.147222270781225184e+00
1.004280191942419798e+01 2.145747424526475822e+00
1.003739984005992447e+01 2.144969791840503959e+00
1.003232295566914090e+01 2.144272578271726459e+00
1.002199995131070587e+01 2.142797732016976653e+00
1.001728789796106867e+01 2.142100291495477649e+00
1.001169313718762233e+01 2.141322885762227290e+00
1.000143344276044743e+01 2.139848039507477928e+00
9.997175955862214636e+00 2.139214423608673865e+00
9.991296264325953302e+00 2.138373193252728566e+00
9.981387721914426692e+00 2.136898346997978759e+00
9.977064013763360606e+00 2.136231469084152845e+00
9.971578817695460728e+00 2.135423500743229397e+00
9.961930137609741109e+00 2.133948654488480035e+00
9.956952071664504800e+00 2.133157029926624926e+00
9.952432898094647484e+00 2.132473808233730672e+00
9.942974932228025864e+00 2.130998961978980866e+00
9.936840129565650770e+00 2.129996503047907108e+00
9.933819562067006004e+00 2.129524115724231503e+00
9.924530669460336796e+00 2.128049269469482141e+00
9.916728187466794964e+00 2.126738623107551795e+00
9.915698624882752554e+00 2.126574423214733223e+00
9.906599356255131994e+00 2.125099576959983416e+00
9.898042467937763433e+00 2.123624730705233610e+00
9.896616245367940934e+00 2.123377315289538103e+00
9.889093464706206760e+00 2.122149884450484247e+00
9.880475794802197953e+00 2.120675038195734885e+00
9.876504303269085128e+00 2.119972240210294956e+00
9.871919831577613991e+00 2.119200191940985079e+00
9.863434557512032796e+00 2.117725345686235716e+00
9.856392361170231098e+00 2.116449993980862310e+00
9.855234343321846779e+00 2.116250499431486354e+00
9.846830365196861834e+00 2.114775653176737436e+00
9.838847330430121829e+00 2.113300806921987629e+00
9.836280419071375292e+00 2.112815769397706323e+00
9.830718556172838518e+00 2.111825960667237823e+00
9.822723813219301547e+00 2.110351114412488460e+00
9.816168476972519485e+00 2.109089028812490607e+00
9.814982195148548527e+00 2.108876268157739098e+00
9.806822912696244288e+00 2.107401421902989735e+00
9.799079518743653239e+00 2.105926575648239929e+00
9.796056534873667232e+00 2.105336651323790775e+00
9.791192062421337994e+00 2.104451729393490567e+00
9.783291975097640147e+00 2.102976883138741204e+00
9.775944592774811426e+00 2.101535580655819579e+00
9.775765141809085179e+00 2.101502036883991842e+00
9.767950910574681345e+00 2.100027190629242035e+00
9.760453714663126945e+00 2.098552344374492673e+00
9.755832650675957396e+00 2.097606744499707077e+00
9.753052162757626320e+00 2.097077498119743311e+00
9.745441100518382527e+00 2.095602651864993948e+00
9.738178205941794729e+00 2.094127805610244586e+00
9.735720708577101590e+00 2.093616407174811123e+00
9.730799018019618885e+00 2.092652959355494779e+00
9.723456391943475552e+00 2.091178113100745417e+00
9.716447153564093497e+00 2.089703266845996055e+00
9.715608766478247560e+00 2.089524577571249875e+00
9.708982955166206352e+00 2.088228420591246248e+00
9.701746351339540553e+00 2.086753574336496886e+00
9.695496824379393530e+00 2.085428611278174582e+00
9.694749941071854948e+00 2.085278728081747524e+00
9.687524730374377668e+00 2.083803881826998161e+00
9.680610007145556750e+00 2.082329035572248799e+00
9.675384882280535948e+00 2.081164957078730726e+00
9.673909623514834522e+00 2.080854189317498992e+00
9.667005498265822894e+00 2.079379343062749630e+00
9.660438302053682591e+00 2.077904496808000268e+00
9.655272940181681918e+00 2.076704866024872587e+00
9.653975365769886352e+00 2.076429650553250905e+00
9.647141096515245096e+00 2.074954804298501099e+00
9.640619304677585433e+00 2.073479958043751736e+00
9.635160998082827888e+00 2.072180263919191301e+00
9.634372400766237021e+00 2.072005111789002374e+00
9.627815576290135624e+00 2.070530265534253012e+00
9.621571331529718663e+00 2.069055419279503205e+00
9.615642619681858960e+00 2.067580573024753843e+00
9.615049055983973858e+00 2.067431143641232261e+00
9.609365823425733311e+00 2.066105726770004480e+00
9.603325407435645999e+00 2.064630880515255118e+00
9.597594665654554547e+00 2.063156034260505756e+00
9.594937113885118052e+00 2.062451558969552234e+00
9.591816499245965133e+00 2.061681188005755949e+00
9.586042451676412668e+00 2.060206341751006587e+00
9.580574746582886547e+00 2.058731495496257224e+00
9.575343612269572091e+00 2.057256649241507418e+00
9.574825171786264022e+00 2.057107875107179407e+00
9.569825827042494737e+00 2.055781802986758056e+00
9.564543853777349725e+00 2.054306956732008693e+00
9.559489185164512293e+00 2.052832110477259331e+00
9.554713229687408216e+00 2.051368803626332671e+00
9.554672372750680154e+00 2.051357264222509968e+00
9.549625010950599346e+00 2.049882417967760162e+00
9.544779877313924743e+00 2.048407571713010800e+00
9.540151012627832827e+00 2.046932725458261437e+00
9.535756290668935264e+00 2.045457879203512075e+00
9.534601287588554186e+00 2.045054656973849028e+00
9.531282857547328291e+00 2.043983032948762268e+00
9.526859889926994285e+00 2.042508186694012906e+00
9.522695532668388196e+00 2.041033340439263544e+00
9.518692636494581194e+00 2.039558494184514181e+00
9.514899174246059133e+00 2.038083647929764375e+00
9.514489345489700156e+00 2.037918907026659010e+00
9.510880467276180639e+00 2.036608801675015012e+00
9.506985902918689391e+00 2.035133955420265650e+00
9.503316019770778666e+00 2.033659109165516288e+00
9.499778395347515669e+00 2.032184262910766925e+00
9.496459862018992837e+00 2.030709416656017119e+00
9.494377403390844350e+00 2.029740610621087349e+00
9.493205117787123726e+00 2.029234570401267757e+00
9.489923095944485354e+00 2.027759724146518394e+00
9.486822832995622790e+00 2.026284877891769032e+00
9.483886897967579444e+00 2.024810031637019225e+00
9.481127525778351384e+00 2.023335185382269863e+00
9.478534940103017448e+00 2.021860339127520501e+00
9.476056517318816930e+00 2.020385492872771138e+00
9.474265461291990320e+00 2.019240944932272352e+00
9.473701164191266955e+00 2.018910646618021332e+00
9.471308464407831806e+00 2.017435800363271969e+00
9.469036861124614290e+00 2.015960954108522607e+00
9.466912455890357236e+00 2.014486107853773689e+00
9.464954404222776674e+00 2.013011261599023882e+00
9.463177962601420745e+00 2.011536415344274076e+00
9.461519577728234154e+00 2.010061569089524713e+00
9.460002660439897681e+00 2.008586722834775351e+00
9.458553730610171684e+00 2.007111876580025545e+00
9.457339339010193413e+00 2.005637030325276182e+00
9.456261435503082069e+00 2.004162184070526820e+00
9.455313737321043632e+00 2.002687337815777457e+00
9.454501989764914072e+00 2.001212491561028095e+00
9.454153519193134514e+00 2.000405567640415327e+00
9.453832478320446597e+00 1.999737645306278289e+00
9.453293592906574005e+00 1.998262799051528926e+00
9.452937405119248737e+00 1.996787952796779564e+00
9.452710841592022462e+00 1.995313106542029979e+00
9.452716813266814455e+00 1.993838260287280617e+00
9.452812290460416378e+00 1.992363414032531255e+00
9.453183314757650280e+00 1.990888567777781892e+00
9.453726105266841984e+00 1.989413721523032308e+00
9.454153519193134514e+00 1.988568371308626404e+00
9.454445003616351428e+00 1.987938875268282723e+00
9.455267641056309458e+00 1.986464029013533139e+00
9.456328427808415427e+00 1.984989182758783777e+00
9.457517505912903744e+00 1.983514336504034414e+00
9.458875097350446737e+00 1.982039490249284830e+00
9.460494873996202259e+00 1.980564643994535245e+00
9.462313518629795084e+00 1.979089797739785883e+00
9.464393770277787610e+00 1.977614951485036521e+00
9.466710668176563814e+00 1.976140105230287158e+00
9.469219415342895019e+00 1.974665258975537352e+00
9.471976269890062028e+00 1.973190412720787990e+00
9.474265461291990320e+00 1.972043984941938000e+00
9.474879788262187574e+00 1.971715566466038627e+00
9.477876519462940408e+00 1.970240720211289043e+00
9.481113030132295449e+00 1.968765873956539680e+00
9.484576424571658393e+00 1.967291027701790096e+00
9.488292178743202854e+00 1.965816181447040512e+00
9.492371204606579127e+00 1.964341335192291149e+00
9.494377403390846126e+00 1.963642059965764464e+00
9.496483499769970749e+00 1.962866488937541787e+00
9.500506638725552122e+00 1.961391642682792202e+00
9.504877574148892450e+00 1.959916796428042840e+00
9.509583266547760871e+00 1.958441950173293256e+00
9.514455107594995908e+00 1.956967103918543671e+00
9.514489345489700156e+00 1.956957127741278946e+00
9.519345692996003194e+00 1.955492257663794309e+00
9.524371015225879589e+00 1.954017411409044946e+00
9.529793117583786000e+00 1.952542565154295584e+00
9.534601287588554186e+00 1.951267954777571090e+00
9.535329277356254352e+00 1.951067718899546000e+00
9.540888472531820597e+00 1.949592872644796415e+00
9.546716188323197017e+00 1.948118026390047053e+00
9.552827276171505844e+00 1.946643180135297913e+00
9.554713229687408216e+00 1.946201287094639909e+00
9.558936155181934069e+00 1.945168333880548106e+00
9.565029291147000734e+00 1.943693487625798522e+00
9.571598332345415017e+00 1.942218641371049159e+00
9.574825171786264022e+00 1.941503783331507194e+00
9.578187630115634121e+00 1.940743795116299797e+00
9.585031816755382295e+00 1.939268948861550212e+00
9.592205654602413034e+00 1.937794102606800628e+00
9.594937113885118052e+00 1.937243473029015561e+00
9.599347863944334591e+00 1.936319256352051266e+00
9.606574013172364701e+00 1.934844410097301903e+00
9.614241598463800997e+00 1.933369563842552097e+00
9.615049055983973858e+00 1.933218069980631615e+00
9.622039084447873591e+00 1.931894717587802957e+00
9.630238984572070393e+00 1.930419871333053372e+00
9.635160998082827888e+00 1.929525887497912873e+00
9.638343998945968494e+00 1.928945025078304010e+00
9.646836655915876690e+00 1.927470178823554425e+00
9.655272940181681918e+00 1.926117629021558253e+00
9.656019812588729323e+00 1.925995332568805063e+00
9.665219759299453983e+00 1.924520486314055479e+00
9.675086176834820861e+00 1.923045640059306116e+00
9.675384882280537724e+00 1.923001313117704170e+00
9.685150740674544068e+00 1.921570793804556754e+00
9.695496824379393530e+00 1.920155649520764118e+00
9.695936952715397794e+00 1.920095947549807169e+00
9.707190651628579303e+00 1.918621101295057807e+00
9.715608766478247560e+00 1.917564144373514967e+00
9.718872282633352455e+00 1.917146255040308223e+00
9.730863472027850847e+00 1.915671408785558860e+00
9.735720708577101590e+00 1.915097552018203864e+00
9.743407270818050137e+00 1.914196562530809498e+00
9.755832650675957396e+00 1.912820330134548552e+00
9.756744401037241943e+00 1.912721716276059913e+00
9.770825449711285415e+00 1.911246870021310329e+00
9.775944592774811426e+00 1.910733115697975659e+00
9.785725391564970010e+00 1.909772023766560967e+00
9.796056534873667232e+00 1.908791282596226102e+00
9.801370516277241762e+00 1.908297177511811382e+00
9.816168476972521262e+00 1.906980273745436660e+00
9.818011853141550560e+00 1.906822331257062242e+00
9.835759842351528448e+00 1.905347485002312657e+00
9.836280419071375292e+00 1.905305218658990940e+00
9.853988207660854926e+00 1.903872638747563073e+00
9.856392361170231098e+00 1.903685888765960232e+00
9.873854150944341157e+00 1.902397792492813489e+00
9.876504303269085128e+00 1.902206085227994947e+00
9.895228616734730309e+00 1.900922946238064126e+00
9.896616245367940934e+00 1.900830519187893586e+00
9.916728187466794964e+00 1.899510141545061481e+00
9.917720640883556982e+00 1.899448099983314542e+00
9.936840129565650770e+00 1.898260040223056722e+00
9.941737810569758693e+00 1.897973253728565179e+00
9.956952071664504800e+00 1.897096982612922700e+00
9.967443792930342994e+00 1.896498407473815817e+00
9.977064013763360606e+00 1.895956151264735157e+00
9.995083124533255869e+00 1.895023561219066011e+00
9.997175955862216412e+00 1.894915432391768073e+00
1.001728789796106867e+01 1.893919219549754063e+00
1.002506536981921670e+01 1.893548714964316648e+00
1.003739984005992447e+01 1.892962906861833883e+00
1.005751178215877850e+01 1.892099309338173718e+00
1.005808664154814558e+01 1.892073868709567286e+00
1.007762372425763431e+01 1.891202354819772058e+00
1.009166032642481170e+01 1.890599022454817923e+00
1.009773566635648834e+01 1.890336830295455517e+00
1.011784760845534237e+01 1.889517526818993431e+00
1.012825248084023677e+01 1.889124176200068339e+00
1.013795955055419817e+01 1.888752943154079045e+00
1.015807149265305398e+01 1.888013943333376909e+00
1.016870891001893185e+01 1.887649329945318977e+00
1.017818343475190801e+01 1.887316990446567866e+00
1.019829537685076204e+01 1.886620288803054546e+00
1.021188633002797275e+01 1.886174483690569392e+00
1.021840731894961607e+01 1.885956216608361213e+00
1.023851926104847188e+01 1.885307103272273022e+00
1.025863120314732768e+01 1.884701815364887567e+00
1.025870514055585403e+01 1.884699637435820030e+00
1.027874314524618171e+01 1.884092532801016739e+00
1.029885508734503574e+01 1.883521645905036568e+00
1.030957262686951381e+01 1.883224791181070668e+00
1.031896702944389155e+01 1.882958346891651980e+00
1.033907897154274558e+01 1.882385317741214648e+00
1.035919091364160138e+01 1.881839140586134107e+00
1.036253025227839508e+01 1.881749944926321305e+00
1.037930285574045541e+01 1.881286152099689968e+00
1.039941479783930944e+01 1.880744305406437666e+00
1.041849049915569836e+01 1.880275098671571499e+00
1.041952673993816525e+01 1.880248618838792796e+00
1.043963868203702106e+01 1.879749720445118122e+00
1.045975062413587509e+01 1.879245770580088903e+00
1.047986256623472912e+01 1.878816364666911820e+00
1.048053908385965194e+01 1.878800252416822136e+00
1.049997450833358315e+01 1.878321110477588096e+00
1.052008645043243895e+01 1.877898451130155522e+00
1.054019839253129476e+01 1.877464267088642336e+00
1.054640182195116616e+01 1.877325406162072330e+00
1.056031033463014879e+01 1.877000356226377953e+00
1.058042227672900282e+01 1.876627727761637887e+00
1.060053421882785862e+01 1.876171853828825675e+00
1.061657523948185577e+01 1.875850559907323190e+00
1.062064616092671265e+01 1.875764946667941580e+00
1.064075810302556846e+01 1.875337594228510429e+00
1.066087004512442249e+01 1.874984054695395308e+00
1.068098198722327652e+01 1.874575884807803794e+00
1.069251093351355841e+01 1.874375713652573605e+00
1.070109392932213233e+01 1.874220485915617962e+00
1.072120587142098813e+01 1.873817874385041549e+00
1.074131781351984216e+01 1.873412085811462680e+00
1.076142975561869619e+01 1.873019977941179359e+00
1.076782129594254300e+01 1.872900867397824243e+00
1.078154169771755200e+01 1.872633077297993331e+00
1.080165363981640603e+01 1.872268230557923907e+00
1.082176558191526183e+01 1.871893085886650265e+00
1.084187752401411586e+01 1.871533404243966636e+00
1.084790492925604610e+01 1.871426021143074658e+00
1.086198946611296812e+01 1.871164260393516354e+00
1.088210140821182570e+01 1.870795915287056133e+00
1.090221335031067973e+01 1.870435779793696573e+00
1.092232529240953554e+01 1.870103975413814901e+00
1.093160259610474938e+01 1.869951174888325074e+00
1.094243723450838957e+01 1.869762720804325706e+00
1.096254917660724537e+01 1.869432712201947400e+00
1.098266111870609940e+01 1.869110043264929466e+00
1.100277306080495521e+01 1.868793164660226269e+00
1.102204275795974198e+01 1.868476328633575712e+00
1.102288500290380924e+01 1.868461850043567019e+00
1.104299694500266327e+01 1.868169593653111749e+00
1.106310888710152085e+01 1.867846941899208968e+00
1.108322082920037310e+01 1.867536849987969649e+00
1.110333277129922891e+01 1.867243371708488864e+00
1.112051504227300569e+01 1.867001482378826349e+00
1.112344471339808294e+01 1.866958062448087041e+00
1.114355665549693875e+01 1.866647270869963737e+00
1.116366859759579278e+01 1.866336311872264009e+00
1.118378053969464858e+01 1.866051952231720712e+00
1.120389248179350261e+01 1.865776100600918364e+00
1.122400442389235664e+01 1.865537803813851037e+00
1.122488852643021673e+01 1.865526636124076987e+00
1.124411636599121245e+01 1.865272494320282082e+00
1.126422830809006648e+01 1.865001601178906565e+00
1.128434025018892228e+01 1.864764758097295250e+00
1.130445219228777631e+01 1.864520732759329391e+00
1.132456413438663034e+01 1.864317253565370036e+00
1.134467607648548615e+01 1.864102108288776760e+00
1.134926475778057053e+01 1.864051789869327402e+00
1.136478801858434018e+01 1.863872740434804776e+00
1.138489996068319599e+01 1.863696236293874264e+00
1.140501190278205002e+01 1.863487846919987145e+00
1.142512384488090404e+01 1.863309809979538656e+00
1.144523578697975985e+01 1.863138405280857945e+00
1.146534772907861566e+01 1.863017479525346243e+00
1.148545967117746969e+01 1.862844245890248107e+00
1.150557161327632372e+01 1.862723604227501939e+00
1.152568355537517952e+01 1.862604105538220534e+00
1.153008655734082311e+01 1.862576943614578040e+00
1.154579549747403355e+01 1.862470695432914880e+00
