1.135694104423482109e+01 1.970788052384468747e+00
1.138651466815689162e+01 1.970328690810162708e+00
1.141608829207896392e+01 1.969927088828037576e+00
1.144566191600103622e+01 1.969537658295455795e+00
1.147523553992310674e+01 1.969274010898055094e+00
1.150480916384517727e+01 1.969073057244395741e+00
1.153438278776724957e+01 1.968927842344441848e+00
1.156395641168932009e+01 1.968861420948921470e+00
1.159353003561139062e+01 1.968868938516068923e+00
1.162310365953346292e+01 1.968894414000543325e+00
1.165267728345553344e+01 1.968940104283214421e+00
1.168225090737760397e+01 1.969053166364709728e+00
1.171182453129967627e+01 1.969290663524102758e+00
1.174139815522174679e+01 1.969554701623742243e+00
1.177097177914381909e+01 1.969830870565691949e+00
1.180054540306588962e+01 1.970201066153103531e+00
1.183011902698796192e+01 1.970598165973770133e+00
1.185969265091003244e+01 1.971022624107256815e+00
1.186800345399162815e+01 1.971154594505638347e+00
1.188926627483210297e+01 1.971478851576077274e+00
1.191883989875417527e+01 1.971914450076457825e+00
1.194841352267624579e+01 1.972425945581180340e+00
1.197798714659831631e+01 1.972969305551212971e+00
1.200756077052038862e+01 1.973528508206095600e+00
1.200960298791596514e+01 1.973568721055107167e+00
1.203713439444245914e+01 1.974101278638692225e+00
1.206670801836452966e+01 1.974715059247858395e+00
1.209628164228660196e+01 1.975317037200949866e+00
1.212585526620867249e+01 1.975943599670974660e+00
1.212754580929881243e+01 1.975982847604575765e+00
1.215542889013074301e+01 1.976614520267630848e+00
1.218500251405281531e+01 1.977277898264491629e+00
1.221457613797488584e+01 1.977951897525928260e+00
1.223497252401922353e+01 1.978396974154044141e+00
1.224414976189695814e+01 1.978593699281230522e+00
1.227372338581902866e+01 1.979195669831616655e+00
1.230329700974110096e+01 1.979877191239877376e+00
1.233287063366316971e+01 1.980504409102738173e+00
1.234688806501049463e+01 1.980811100703512961e+00
1.236244425758524201e+01 1.981141765090994156e+00
1.239201788150731431e+01 1.981762906387664946e+00
1.242159150542938661e+01 1.982352551521823880e+00
1.245116512935145536e+01 1.982972910793189492e+00
1.246262326858331804e+01 1.983225227252981782e+00
1.248073875327352766e+01 1.983620273286988978e+00
1.251031237719559819e+01 1.984205647261765293e+00
1.253988600111766871e+01 1.984768162943214342e+00
1.256945962503974101e+01 1.985366897358799232e+00
1.258280499345458914e+01 1.985639353802450380e+00
1.259903324896181331e+01 1.985970168079467246e+00
1.262860687288388206e+01 1.986526505153767497e+00
1.265818049680595436e+01 1.987131874392308317e+00
1.268775412072802666e+01 1.987782765698000498e+00
1.270177830102809935e+01 1.988053480351918978e+00
1.271732774465009719e+01 1.988344219819938585e+00
1.274690136857216771e+01 1.988943996682202009e+00
1.277647499249424001e+01 1.989561611601602831e+00
1.280604861641631054e+01 1.990230520114092627e+00
1.281794439180176326e+01 1.990467606901387576e+00
1.283562224033838106e+01 1.990825129101605917e+00
1.286519586426045336e+01 1.991492317202318674e+00
1.289476948818252389e+01 1.992163726214227992e+00
1.292434311210459441e+01 1.992830700012527378e+00
1.292636550630041015e+01 1.992881733450856174e+00
1.295391673602666671e+01 1.993556534945268854e+00
1.298349035994873901e+01 1.994288455725079068e+00
1.301306398387080954e+01 1.995102417563598740e+00
1.302018641145896716e+01 1.995295860000324772e+00
1.304263760779288006e+01 1.995912388683932726e+00
1.307221123171495236e+01 1.996769037923312728e+00
1.310162161808713854e+01 1.997709986549793593e+00
1.310178485563702289e+01 1.997715242081784304e+00
1.313135847955909341e+01 1.998611945420286862e+00
1.316093210348116571e+01 1.999631469093477554e+00
1.317507762015754835e+01 2.000124113099261969e+00
1.319050572740323624e+01 2.000664566012634094e+00
1.322007935132530676e+01 2.001707577184108189e+00
1.324109423580616607e+01 2.002538239648731011e+00
1.324965297524737906e+01 2.002880488757125654e+00
1.327922659916945136e+01 2.004103726548872366e+00
1.329889594025931387e+01 2.004952366198199609e+00
1.330880022309152011e+01 2.005389874766468683e+00
1.333837384701359241e+01 2.006758463032688233e+00
1.335144294461249359e+01 2.007366492747668207e+00
1.336794747093566293e+01 2.008134346888006849e+00
1.339752109485773346e+01 2.009647491609909409e+00
1.340032769154495007e+01 2.009780619297136806e+00
1.342709471877980576e+01 2.011050618935866119e+00
1.344969367985596165e+01 2.012194745846605404e+00
1.345666834270187806e+01 2.012553140304106591e+00
1.348624196662394681e+01 2.014140952817792485e+00
1.349454838386782285e+01 2.014608872396074002e+00
1.351581559054601911e+01 2.015853765801209452e+00
1.353513204478018395e+01 2.017022998945542600e+00
1.354538921446809141e+01 2.017650905522311522e+00
1.357496283839016193e+01 2.019353105173604224e+00
1.357631741820760496e+01 2.019437125495011198e+00
1.360453646231223246e+01 2.021219951352781319e+00
1.361438850009797719e+01 2.021851252044480240e+00
1.363411008623430476e+01 2.023133116279448362e+00
1.365198169427135610e+01 2.024265378593948839e+00
1.366368371015637528e+01 2.025015447942753344e+00
1.368912169157396974e+01 2.026679505143417437e+00
1.369325733407844581e+01 2.026964067998007657e+00
1.372277479607481787e+01 2.029093631692886035e+00
1.372283095800051811e+01 2.029097801294559300e+00
1.375240458192258686e+01 2.031239127763809549e+00
1.375618063210501418e+01 2.031507758242354633e+00
1.378197820584465916e+01 2.033429366401056093e+00
1.378816146412196986e+01 2.033921884791823231e+00
1.381155182976673146e+01 2.035829294384885912e+00
1.381817253550981128e+01 2.036336011341291830e+00
1.384112545368880376e+01 2.038163905075975446e+00
1.384807188848365733e+01 2.038750137890760428e+00
1.387069907761087251e+01 2.040730093882071827e+00
1.387579510963716523e+01 2.041164264440229026e+00
1.390027270153294658e+01 2.043420397961317025e+00
1.390197828759511900e+01 2.043578390989697624e+00
1.392712161090049960e+01 2.045992517539166666e+00
1.392984632545501711e+01 2.046262673344479310e+00
1.395081107755626704e+01 2.048406644088635264e+00
1.395941994937708763e+01 2.049381438166313796e+00
1.397304446795606303e+01 2.050820770638103863e+00
1.398899357329915816e+01 2.052576688187706111e+00
1.399496688577458769e+01 2.053234897187572461e+00
1.401518199913187956e+01 2.055649023737041059e+00
1.401856719722123046e+01 2.056086694396972891e+00
1.403387415617096856e+01 2.058063150286509657e+00
1.404814082114330098e+01 2.060083121079939517e+00
1.405098516431002764e+01 2.060477276835978255e+00
1.406644888669082860e+01 2.062891403385446853e+00
1.407771444506537151e+01 2.065009664057054106e+00
1.407925585104614541e+01 2.065305529934915896e+00
1.409091481191275363e+01 2.067719656484384494e+00
1.410076976806103843e+01 2.070133783033853092e+00
1.410728806898744381e+01 2.071888856829217307e+00
1.410988078478552410e+01 2.072547909583321690e+00
1.411779639857676827e+01 2.074962036132790288e+00
1.412452872469205545e+01 2.077376162682258887e+00
1.412901654721497380e+01 2.079790289231727485e+00
1.413220610284007783e+01 2.082204415781196083e+00
1.413395275624252179e+01 2.084618542330664681e+00
1.413384033307475462e+01 2.087032668880133279e+00
1.413186699949065073e+01 2.089446795429602322e+00
1.412732907497977841e+01 2.091860921979070920e+00
1.412206409926551487e+01 2.094275048528539518e+00
1.411496846514265613e+01 2.096689175078008116e+00
1.410728806898744381e+01 2.098738380628322187e+00
1.410600225804298269e+01 2.099103301627476714e+00
1.409571386886250899e+01 2.101517428176945312e+00
1.408362776300762853e+01 2.103931554726413911e+00
1.407771444506537151e+01 2.105018884442199756e+00
1.407043315679655748e+01 2.106345681275882509e+00
1.405491216386626263e+01 2.108759807825351551e+00
1.404814082114330098e+01 2.109712474213704780e+00
1.403773992331651854e+01 2.111173934374820149e+00
1.401959752726899744e+01 2.113588060924288747e+00
1.401856719722123046e+01 2.113712406228030805e+00
1.400011297246698838e+01 2.116002187473757346e+00
1.398899357329915816e+01 2.117271468313611571e+00
1.397898587093524192e+01 2.118416314023225944e+00
1.395941994937708586e+01 2.120678238492390122e+00
1.395818072059740445e+01 2.120830440572694542e+00
1.393710336779420089e+01 2.123244567122163140e+00
1.392984632545501711e+01 2.123994223055926778e+00
1.391303768888131742e+01 2.125658693671631738e+00
1.390027270153294481e+01 2.126843710809411370e+00
1.388724362335934792e+01 2.128072820221100336e+00
1.387069907761087251e+01 2.129593436845942822e+00
1.386102701003951587e+01 2.130486946770568935e+00
1.384112545368880376e+01 2.132187288306893524e+00
1.383238272827303561e+01 2.132901073320037977e+00
1.381155182976673146e+01 2.134577961512933442e+00
1.380251009072378565e+01 2.135315199869506575e+00
1.378197820584465916e+01 2.136865197068262390e+00
1.377021840856824220e+01 2.137729326418975173e+00
1.375240458192258863e+01 2.139013490601362033e+00
1.373667940952732103e+01 2.140143452968443771e+00
1.372283095800051811e+01 2.141088885963796429e+00
1.370037799799038325e+01 2.142557579517912369e+00
1.369325733407844581e+01 2.143008726494236793e+00
1.366368371015637528e+01 2.144872600007713181e+00
1.366207346022227398e+01 2.144971706067380968e+00
1.363411008623430476e+01 2.146654666655070542e+00
1.362128284205846640e+01 2.147385832616849566e+00
1.360453646231223246e+01 2.148309418346454169e+00
1.357661923997759779e+01 2.149799959166318164e+00
1.357496283839016193e+01 2.149886156701129813e+00
1.354538921446809141e+01 2.151263130202635043e+00
1.352467617866681238e+01 2.152214085715787206e+00
1.351581559054601911e+01 2.152616794110138621e+00
1.348624196662394681e+01 2.153903829849312945e+00
1.346904527410708852e+01 2.154628212265255804e+00
1.345666834270187806e+01 2.155147350352522029e+00
1.342709471877980576e+01 2.156400407541104514e+00
1.341059520007608619e+01 2.157042338814724403e+00
1.339752109485773346e+01 2.157527560879181294e+00
1.336794747093566293e+01 2.158597107908542867e+00
1.334178327111759543e+01 2.159456465364193001e+00
1.333837384701359241e+01 2.159569411724030719e+00
1.330880022309152011e+01 2.160533366795507781e+00
1.327922659916945136e+01 2.161496089991241654e+00
1.326743731545601435e+01 2.161870591913661599e+00
1.324965297524737906e+01 2.162436110641982268e+00
1.322007935132530676e+01 2.163329184760871104e+00
1.319050572740323624e+01 2.164236970647154923e+00
1.318889539150847234e+01 2.164284718463130197e+00
1.316093210348116571e+01 2.165103097512059094e+00
1.313135847955909341e+01 2.165895179202570020e+00
1.310178485563702289e+01 2.166680517807174855e+00
1.310103604003685085e+01 2.166698845012598795e+00
1.307221123171495236e+01 2.167426912533423788e+00
1.304263760779288006e+01 2.168245984899556777e+00
1.301306398387080776e+01 2.168972512592522328e+00
1.300717437231372031e+01 2.169112971562067393e+00
1.298349035994873724e+01 2.169684986238380908e+00
1.295391673602666671e+01 2.170331012170935381e+00
1.292434311210459441e+01 2.171024972725400293e+00
1.290214692133789853e+01 2.171527098111535992e+00
1.289476948818252389e+01 2.171693037845851215e+00
1.286519586426045336e+01 2.172263376822058945e+00
1.283562224033838106e+01 2.172824395725879487e+00
1.280604861641631231e+01 2.173356237537942270e+00
1.277647499249424001e+01 2.173822050821708096e+00
1.276845870403399630e+01 2.173941224661004590e+00
1.274690136857216771e+01 2.174265168039704932e+00
1.271732774465009541e+01 2.174740224718034742e+00
1.268775412072802666e+01 2.175149650981088811e+00
1.265818049680595436e+01 2.175506455599751643e+00
1.262860687288388206e+01 2.175790729514753608e+00
1.259903324896181331e+01 2.176065309493959710e+00
1.256945962503974101e+01 2.176265378790990024e+00
1.255291497586500427e+01 2.176355351210473632e+00
1.253988600111766694e+01 2.176428149875571982e+00
1.251031237719559996e+01 2.176521124124392692e+00
1.248073875327352766e+01 2.176619314562585394e+00
1.245116512935145536e+01 2.176563600456292491e+00
1.242159150542938661e+01 2.176519377862371929e+00
1.239201788150731431e+01 2.176411309151797813e+00
1.237644192990623360e+01 2.176355351210473632e+00
1.236244425758524201e+01 2.176307169248399731e+00
1.233287063366317149e+01 2.176112012836275422e+00
1.230329700974110096e+01 2.175911888810800221e+00
1.227372338581902866e+01 2.175604743071489988e+00
1.224414976189695814e+01 2.175272719886656159e+00
1.221457613797488584e+01 2.174874414766653441e+00
1.218500251405281531e+01 2.174421327168987617e+00
1.215542889013074301e+01 2.173958300685423950e+00
1.215457678929428909e+01 2.173941224661004590e+00
1.212585526620867249e+01 2.173371962065715479e+00
1.209628164228660196e+01 2.172772035883294706e+00
1.206670801836452966e+01 2.172125428036355554e+00
1.204259387148283800e+01 2.171527098111535992e+00
1.203713439444245914e+01 2.171395041392912173e+00
1.200756077052038862e+01 2.170619968682385270e+00
1.197798714659831631e+01 2.169771939895405843e+00
1.195751720710818944e+01 2.169112971562067393e+00
1.194841352267624579e+01 2.168826743068374530e+00
1.191883989875417527e+01 2.167920582678715125e+00
1.188926627483210297e+01 2.166931895816379239e+00
1.188260768674222945e+01 2.166698845012598795e+00
1.185969265091003244e+01 2.165903457471713978e+00
1.183011902698796192e+01 2.164790028370066732e+00
1.181773968716291279e+01 2.164284718463130197e+00
1.180054540306588962e+01 2.163590571461836198e+00
1.177097177914381909e+01 2.162354833211098892e+00
1.176030186540909739e+01 2.161870591913661599e+00
1.174139815522174679e+01 2.160996406700457229e+00
1.171182453129967627e+01 2.159574749601717691e+00
1.170950156927319696e+01 2.159456465364193001e+00
1.168225090737760397e+01 2.158105312691173339e+00
1.166297774043235691e+01 2.157042338814724403e+00
1.165267728345553344e+01 2.156461419080261788e+00
1.162310365953346292e+01 2.154729811280294616e+00
1.162139954106121742e+01 2.154628212265256249e+00
1.159353003561139062e+01 2.153003514986410849e+00
1.158067498910883408e+01 2.152214085715787206e+00
1.156395641168932009e+01 2.151170419514080834e+00
1.154338727486080529e+01 2.149799959166318164e+00
1.153438278776724957e+01 2.149188554998165301e+00
1.150917088475750560e+01 2.147385832616849566e+00
1.150480916384517727e+01 2.147067192241727707e+00
1.147696418762101267e+01 2.144971706067381412e+00
1.147523553992310674e+01 2.144841951494671495e+00
1.144631356428745939e+01 2.142557579517912369e+00
1.144566191600103622e+01 2.142504611620401178e+00
1.141765178586352647e+01 2.140143452968443771e+00
1.141608829207896392e+01 2.140010664141872798e+00
1.139026421388822108e+01 2.137729326418975173e+00
1.138651466815689339e+01 2.137390091193925645e+00
1.136457268040016899e+01 2.135315199869506575e+00
1.135694104423482109e+01 2.134588438956427137e+00
1.133948727274456303e+01 2.132901073320037977e+00
1.132736742031275057e+01 2.131672806816182764e+00
1.131590795980722675e+01 2.130486946770568935e+00
1.129779379639067827e+01 2.128539067375065041e+00
1.129350297816531778e+01 2.128072820221100336e+00
1.127118241919350972e+01 2.125658693671631738e+00
1.126822017246860597e+01 2.125327057941813091e+00
1.124989384501087031e+01 2.123244567122163140e+00
1.123864654854653722e+01 2.121951342906875926e+00
1.122912060616637753e+01 2.120830440572694542e+00
1.120920002236139190e+01 2.118416314023225944e+00
1.120907292462446492e+01 2.118400647556437200e+00
1.118984722936208165e+01 2.116002187473757346e+00
1.117949930070239439e+01 2.114653733821457049e+00
1.117148270837459023e+01 2.113588060924288747e+00
1.115378959315611240e+01 2.111173934374820149e+00
1.114992567678032387e+01 2.110637877206801960e+00
1.113621648071960912e+01 2.108759807825351551e+00
1.112035205285825157e+01 2.106548522843902038e+00
1.111889964011580645e+01 2.106345681275882509e+00
1.110192652560090565e+01 2.103931554726413911e+00
1.109077842893618104e+01 2.102285279288485409e+00
1.108552542764547688e+01 2.101517428176945312e+00
1.106895224026894908e+01 2.099103301627476714e+00
1.106120480501411052e+01 2.097929687382274810e+00
1.105298395221146635e+01 2.096689175078007672e+00
1.103732368816133302e+01 2.094275048528539518e+00
1.103163118109203822e+01 2.093372787216090547e+00
1.102214961407885951e+01 2.091860921979070476e+00
1.100747964550112634e+01 2.089446795429602322e+00
1.100205755716996769e+01 2.088534652837603200e+00
1.099290209208680125e+01 2.087032668880133279e+00
1.097870709240514486e+01 2.084618542330664681e+00
1.097248393324789539e+01 2.083533081954902499e+00
1.096493347214940428e+01 2.082204415781196083e+00
1.095157362779220023e+01 2.079790289231727485e+00
1.094291030932582487e+01 2.078170977977503497e+00
1.093860017310071697e+01 2.077376162682258887e+00
1.092613808716392754e+01 2.074962036132790288e+00
1.091417940302975964e+01 2.072547909583321690e+00
1.091333668540375257e+01 2.072372563061605888e+00
1.090237637123370185e+01 2.070133783033853092e+00
1.089105421150316744e+01 2.067719656484384494e+00
1.088376306148168204e+01 2.066074707217929074e+00
1.088025715017461437e+01 2.065305529934915896e+00
1.087000160731097864e+01 2.062891403385446853e+00
1.085983851902667041e+01 2.060477276835978255e+00
1.085418943755961152e+01 2.059025958744147733e+00
1.085035268782266371e+01 2.058063150286509657e+00
1.084116546990729368e+01 2.055649023737041059e+00
1.083276607930430657e+01 2.053234897187572461e+00
1.082504398386656064e+01 2.050820770638103863e+00
1.082461581363753922e+01 2.050676714154178182e+00
1.081774545185221115e+01 2.048406644088635264e+00
1.081143868817896703e+01 2.045992517539166222e+00
1.080571957405504158e+01 2.043578390989697624e+00
1.080059716889324406e+01 2.041164264440229026e+00
1.079613691040870549e+01 2.038750137890760428e+00
1.079504218971546869e+01 2.038017583643189745e+00
1.079246701970178179e+01 2.036336011341291830e+00
1.078940610502405484e+01 2.033921884791823231e+00
1.078715424138641765e+01 2.031507758242354633e+00
1.078588383245107707e+01 2.029093631692886035e+00
1.078514462360953274e+01 2.026679505143417437e+00
1.078564122644579903e+01 2.024265378593948839e+00
1.078684453408624933e+01 2.021851252044480240e+00
1.078893782547788049e+01 2.019437125495011198e+00
1.079194835338655167e+01 2.017022998945542600e+00
1.079504218971546869e+01 2.015316013368652293e+00
1.079634868633618794e+01 2.014608872396074002e+00
1.080199022798206698e+01 2.012194745846605404e+00
1.080878606176653633e+01 2.009780619297136806e+00
1.081743736952718038e+01 2.007366492747668207e+00
1.082461581363753922e+01 2.005551252840560572e+00
1.082705868389057002e+01 2.004952366198199609e+00
1.083876778003774177e+01 2.002538239648731011e+00
1.085225921778121538e+01 2.000124113099261969e+00
1.085418943755961152e+01 1.999810589388663740e+00
1.086730738840649479e+01 1.997709986549793815e+00
1.088376306148168204e+01 1.995405411381356187e+00
1.088458405777097227e+01 1.995295860000324994e+00
1.090475862772920479e+01 1.992881733450856174e+00
1.091333668540375257e+01 1.991912647206641740e+00
1.092701437351316507e+01 1.990467606901387576e+00
1.094291030932582487e+01 1.988961502703264106e+00
1.095308272780818015e+01 1.988053480351918978e+00
1.097248393324789539e+01 1.986402403457420363e+00
1.098254194029329867e+01 1.985639353802450380e+00
1.100205755716996769e+01 1.984296855043801155e+00
1.101816234849971821e+01 1.983225227252981782e+00
1.103163118109203822e+01 1.982351611037253880e+00
1.105799327883406669e+01 1.980811100703512961e+00
1.106120480501411052e+01 1.980630026042205394e+00
1.109077842893618104e+01 1.979116730577578309e+00
1.110552437890462407e+01 1.978396974154044363e+00
1.112035205285825157e+01 1.977706751361090864e+00
1.114992567678032387e+01 1.976505075035368764e+00
1.116444973753355185e+01 1.975982847604575765e+00
1.117949930070239262e+01 1.975428485716511862e+00
1.120907292462446492e+01 1.974383022256859910e+00
1.123584353038956962e+01 1.973568721055107167e+00
1.123864654854653899e+01 1.973485933753490906e+00
1.126822017246860597e+01 1.972695913479334262e+00
1.129779379639067827e+01 1.972000340951866715e+00
1.132736742031275057e+01 1.971350431486812216e+00
1.133782840304260198e+01 1.971154594505638347e+00
1.135694104423482109e+01 1.970788052384468747e+00
