1.159399225196350613e+01 1.963330349476620329e+00
1.161285570658562349e+01 1.963311404720060160e+00
1.163171916120774085e+01 1.963319831504545476e+00
1.165058261582985644e+01 1.963345585765828405e+00
1.166058753516314539e+01 1.963374024508358850e+00
1.166944607045197380e+01 1.963398793767753059e+00
1.168830952507408938e+01 1.963471375493392568e+00
1.170717297969620674e+01 1.963563751704165528e+00
1.172603643431832410e+01 1.963677472979372007e+00
1.174489988894043968e+01 1.963809838106286065e+00
1.176376334356255704e+01 1.963960258957963223e+00
1.178262679818467262e+01 1.964126730925600750e+00
1.180149025280678998e+01 1.964315036947614335e+00
1.182035370742890734e+01 1.964517085642293104e+00
1.183921716205102292e+01 1.964738589137797087e+00
1.184557306318449932e+01 1.964818604163471427e+00
1.185808061667314028e+01 1.964972712372546670e+00
1.187694407129525587e+01 1.965218892988660038e+00
1.189580752591737323e+01 1.965483207138069899e+00
1.191467098053949059e+01 1.965761364199634542e+00
1.193353443516160617e+01 1.966048827654282016e+00
1.194684754716322850e+01 1.966263183818584004e+00
1.195239788978372175e+01 1.966351261636805736e+00
1.197126134440583911e+01 1.966662190286348144e+00
1.199012479902795647e+01 1.966988894105910379e+00
1.200898825365007383e+01 1.967326407070648209e+00
1.202785170827218941e+01 1.967682630247989506e+00
1.202916779456005969e+01 1.967707763473696581e+00
1.204671516289430500e+01 1.968037072789611708e+00
1.206557861751642236e+01 1.968410131830411247e+00
1.208444207213853971e+01 1.968794619200799900e+00
1.210136262311031885e+01 1.969152343128809157e+00
1.210330552676065707e+01 1.969192827553980951e+00
1.212216898138277443e+01 1.969595943652014514e+00
1.214103243600488824e+01 1.970010681519998474e+00
1.215989589062700560e+01 1.970438847358994661e+00
1.216665434537964074e+01 1.970596922783921734e+00
1.217875934524912296e+01 1.970875675775992208e+00
1.219762279987124032e+01 1.971317127507371758e+00
1.221648625449335768e+01 1.971775781300452168e+00
1.222719918373856984e+01 1.972041502439034311e+00
1.223534970911547148e+01 1.972241832449995957e+00
1.225421316373758884e+01 1.972716874134275322e+00
1.227307661835970443e+01 1.973209515450755847e+00
1.228344142603129185e+01 1.973486082094146887e+00
1.229194007298182356e+01 1.973709062082005250e+00
1.231080352760394092e+01 1.974209991400250441e+00
1.232966698222605473e+01 1.974726180252895036e+00
1.233698144083443893e+01 1.974930661749259464e+00
1.234853043684817209e+01 1.975250148809761797e+00
1.236739389147028945e+01 1.975780083180628477e+00
1.238625734609240503e+01 1.976322838493680178e+00
1.238805022274541834e+01 1.976375241404372041e+00
1.240512080071452061e+01 1.976875659990318113e+00
1.242398425533663797e+01 1.977444174608052663e+00
1.243632482499030800e+01 1.977819821059484617e+00
1.244284770995875533e+01 1.978013984967516681e+00
1.246171116458087269e+01 1.978583555218709655e+00
1.248057461920298827e+01 1.979165155242572638e+00
1.248375238959680367e+01 1.979264400714597416e+00
1.249943807382510386e+01 1.979752183190346404e+00
1.251830152844722122e+01 1.980348123646152869e+00
1.252954441553442422e+01 1.980708980369709771e+00
1.253716498306933858e+01 1.980950557628238240e+00
1.255602843769145593e+01 1.981552637930194205e+00
1.257462111385035719e+01 1.982153560024822347e+00
1.257489189231357152e+01 1.982162257021108598e+00
1.259375534693568710e+01 1.982778586268117760e+00
1.261261880155780446e+01 1.983398769398954764e+00
1.261862800229669901e+01 1.983598139679934924e+00
1.263148225617992182e+01 1.984023252292688166e+00
1.265034571080203918e+01 1.984657241897403335e+00
1.266178275160715749e+01 1.985042719335047501e+00
1.266920916542415299e+01 1.985291830502601051e+00
1.268807262004627034e+01 1.985932641711682711e+00
1.270419161427373211e+01 1.986487298990160077e+00
1.270693607466838770e+01 1.986581307738298330e+00
1.272579952929050506e+01 1.987231768493356032e+00
1.274466298391262242e+01 1.987893734755492137e+00
1.274575432176770562e+01 1.987931878645272654e+00
1.276352643853473801e+01 1.988550165057419550e+00
1.278238989315685359e+01 1.989220526872609529e+00
1.278673546697527641e+01 1.989376458300385231e+00
1.280125334777897095e+01 1.989895680279558432e+00
1.282011680240108831e+01 1.990578604837344390e+00
1.282681475638904800e+01 1.990821037955497808e+00
1.283898025702320567e+01 1.991260901483624002e+00
1.285784371164532125e+01 1.991955663449443970e+00
1.286622102881310958e+01 1.992265617610610384e+00
1.287670716626743683e+01 1.992655882124911848e+00
1.289557062088955419e+01 1.993368353762000389e+00
1.290455942576580384e+01 1.993710197265722739e+00
1.291443407551167155e+01 1.994088561900084766e+00
1.293329753013378891e+01 1.994823279862518950e+00
1.294176782103877521e+01 1.995154776920835094e+00
1.295216098475590272e+01 1.995557651280565725e+00
1.297102443937802008e+01 1.996300799069875342e+00
1.297853548228774656e+01 1.996599356575947892e+00
1.298988789400013744e+01 1.997047841883264230e+00
1.300875134862225480e+01 1.997800230122406928e+00
1.301483867876147293e+01 1.998043936231060247e+00
1.302761480324437215e+01 1.998564671791496661e+00
1.304647825786648774e+01 1.999348680022007940e+00
1.304981734362776891e+01 1.999488515886173268e+00
1.306534171248860332e+01 2.000136591275693654e+00
1.308420516711072246e+01 2.000932726611635459e+00
1.308421382841312486e+01 2.000933095541285844e+00
1.310306862173283804e+01 2.001749859545877364e+00
1.311740091383978069e+01 2.002377675196398421e+00
1.312193207635495362e+01 2.002576384703008028e+00
1.314079553097707098e+01 2.003412708959110056e+00
1.314998882677954128e+01 2.003822254851510998e+00
1.315965898559918656e+01 2.004262382637138629e+00
1.317852244022130392e+01 2.005136337590919471e+00
1.318134171586751258e+01 2.005266834506623574e+00
1.319738589484342128e+01 2.006011161513586494e+00
1.321217897861011892e+01 2.006711414161736151e+00
1.321624934946553687e+01 2.006904761478208954e+00
1.323511280408765245e+01 2.007800720169420572e+00
1.324254459308086140e+01 2.008155993816848728e+00
1.325397625870976981e+01 2.008709263254790489e+00
1.327211344333335141e+01 2.009600573471961305e+00
1.327283971333188717e+01 2.009636852929692186e+00
1.329170316795400453e+01 2.010591025280195510e+00
1.330066639473471568e+01 2.011045153127073881e+00
1.331056662257611833e+01 2.011560339400725983e+00
1.332829825159541492e+01 2.012489732782186458e+00
1.332943007719823569e+01 2.012548973208215575e+00
1.334829353182035305e+01 2.013545234571974873e+00
1.335555739433065803e+01 2.013934312437299035e+00
1.336715698644247041e+01 2.014561229160287681e+00
1.338219807564171937e+01 2.015378892092411611e+00
1.338602044106458777e+01 2.015590458566219212e+00
1.340488389568670158e+01 2.016634536819334578e+00
1.340828112898527991e+01 2.016823471747524188e+00
1.342374735030881716e+01 2.017705760876266741e+00
1.343356343600774139e+01 2.018268051402636765e+00
1.344261080493093630e+01 2.018795013188821041e+00
1.345821713059606850e+01 2.019712631057749341e+00
1.346147425955305366e+01 2.019905759623355834e+00
1.348033771417517102e+01 2.021031868424617350e+00
1.348243125629860906e+01 2.021157210712861918e+00
1.349920116879728660e+01 2.022194645597092055e+00
1.350577799035145254e+01 2.022601790367974495e+00
1.351806462341940218e+01 2.023367794361286442e+00
1.352887748901121867e+01 2.024046370023087071e+00
1.353692807804151954e+01 2.024565020340826305e+00
1.355130147850041489e+01 2.025490949678199648e+00
1.355579153266363690e+01 2.025786484054938885e+00
1.357315923657573364e+01 2.026935529333312225e+00
1.357465498728575426e+01 2.027037340566762325e+00
1.359351844190786807e+01 2.028327150693435499e+00
1.359429118187086694e+01 2.028380108988424801e+00
1.361238189652998543e+01 2.029621887522385482e+00
1.361536932223496343e+01 2.029824688643537378e+00
1.363124535115210278e+01 2.030942572868137397e+00
1.363584045072737183e+01 2.031269268298649955e+00
1.365010880577422014e+01 2.032321408030579590e+00
1.365544715778867513e+01 2.032713847953762532e+00
1.366897226039633395e+01 2.033731378914048538e+00
1.367462898307172381e+01 2.034158427608875108e+00
1.368783571501845309e+01 2.035151993197393594e+00
1.369384660089980166e+01 2.035603007263987241e+00
1.370669916964056867e+01 2.036607001676884465e+00
1.371237254637228986e+01 2.037047586919099817e+00
1.372556262426268603e+01 2.038085088007917101e+00
1.373072643645755520e+01 2.038492166574212394e+00
1.374442607888480339e+01 2.039601020742491055e+00
1.374857806209915978e+01 2.039936746229324971e+00
1.376328953350691897e+01 2.041149987349252015e+00
1.376612330839041931e+01 2.041381325884437548e+00
1.378215298812903455e+01 2.042759273574400236e+00
1.378292492748421871e+01 2.042825905539550124e+00
1.379934633156013568e+01 2.044270485194662701e+00
1.380101644275115191e+01 2.044419545361292112e+00
1.381568918377892530e+01 2.045715064849775278e+00
1.381987989737326927e+01 2.046097513127496104e+00
1.383148371246177355e+01 2.047159644504887854e+00
1.383874335199538663e+01 2.047861442609517191e+00
1.384648451596663854e+01 2.048604224160000431e+00
1.385760680661750222e+01 2.049687696180892971e+00
1.386132559235769790e+01 2.050048803815113008e+00
1.387539824579009640e+01 2.051493383470225584e+00
1.387647026123961780e+01 2.051604774934478126e+00
1.388937542514004875e+01 2.052937963125338161e+00
1.389533371586173516e+01 2.053574114301079057e+00
1.390292618815997017e+01 2.054382542780450738e+00
1.391419717048385252e+01 2.055637773348167663e+00
1.391589600869792775e+01 2.055827122435563314e+00
1.392857850204749148e+01 2.057271702090675891e+00
1.393306062510596988e+01 2.057804645625487261e+00
1.394079964051777054e+01 2.058716281745788468e+00
1.395192407972808546e+01 2.060040109748980441e+00
1.395294749329459805e+01 2.060160861400901045e+00
1.396406348042451029e+01 2.061605441056013621e+00
1.397078753435020104e+01 2.062483556598894374e+00
1.397512756090696584e+01 2.063050020711126198e+00
1.398552310145163879e+01 2.064494600366238775e+00
1.398965098897231840e+01 2.065096119947339215e+00
1.399547528108923444e+01 2.065939180021351351e+00
1.400483575963091631e+01 2.067383759676463928e+00
1.400851444359443576e+01 2.067979315555616981e+00
1.401377256280963124e+01 2.068828339331576505e+00
1.402220114274800267e+01 2.070272918986689081e+00
1.402737789821655312e+01 2.071190391525751462e+00
1.403034376704609265e+01 2.071717498641801658e+00
1.403795317646346419e+01 2.073162078296914235e+00
1.404501024951858845e+01 2.074606657952026811e+00
1.404624135283866693e+01 2.074887999631382485e+00
1.405144345297203756e+01 2.076051237607139388e+00
1.405770808524053095e+01 2.077495817262251965e+00
1.406332906485481793e+01 2.078940396917364541e+00
1.406510480746078429e+01 2.079397803008004697e+00
1.406893619565860831e+01 2.080384976572477118e+00
1.407357621463634345e+01 2.081829556227589695e+00
1.407793793211611444e+01 2.083274135882702272e+00
1.408187265857318060e+01 2.084718715537814848e+00
1.408396826208290165e+01 2.085664734092945061e+00
1.408508413229104406e+01 2.086163295192927425e+00
1.408824137391587428e+01 2.087607874848040002e+00
1.409073887363855349e+01 2.089052454503152578e+00
1.409248919364787156e+01 2.090497034158265155e+00
1.409423828304987225e+01 2.091941613813377732e+00
1.409536930049690184e+01 2.093386193468490308e+00
1.409596867919816354e+01 2.094830773123602885e+00
1.409596680342444408e+01 2.096275352778715462e+00
1.409547260110495337e+01 2.097719932433828038e+00
1.409434920521528056e+01 2.099164512088940615e+00
1.409301118930717678e+01 2.100609091744053192e+00
1.409084696088786615e+01 2.102053671399165324e+00
1.408798934670384106e+01 2.103498251054278345e+00
1.408458579689226831e+01 2.104942830709390478e+00
1.408396826208290165e+01 2.105178416289519294e+00
1.408083032034685722e+01 2.106387410364503499e+00
1.407651079186834409e+01 2.107831990019616075e+00
1.407128539268114409e+01 2.109276569674728208e+00
1.406567488340104433e+01 2.110721149329841229e+00
1.406510480746078429e+01 2.110842913836073809e+00
1.405886116242581707e+01 2.112165728984953805e+00
1.405171087144163167e+01 2.113610308640066382e+00
1.404624135283866693e+01 2.114641178319213388e+00
1.404406553343030062e+01 2.115054888295178959e+00
1.403557550547567878e+01 2.116499467950291535e+00
1.402737789821655312e+01 2.117818661068968655e+00
1.402659507881008594e+01 2.117944047605404112e+00
1.401642086327083092e+01 2.119388627260516689e+00
1.400851444359443576e+01 2.120478805491080809e+00
1.400594740209633215e+01 2.120833206915629265e+00
1.399477944398164198e+01 2.122277786570741842e+00
1.398965098897231840e+01 2.122895523473965707e+00
1.398281817750264722e+01 2.123722366225854419e+00
1.397078753435020104e+01 2.125077156233804665e+00
1.396998718005281148e+01 2.125166945880966995e+00
1.395671653933839629e+01 2.126611525536079572e+00
1.395192407972808546e+01 2.127096399803236615e+00
1.394242688258540142e+01 2.128056105191192149e+00
1.393306062510596988e+01 2.128994791552480503e+00
1.392802290488401340e+01 2.129500684846304726e+00
1.391419717048385252e+01 2.130804330955638815e+00
1.391270609976790951e+01 2.130945264501417302e+00
1.389729924387394000e+01 2.132389844156529879e+00
1.389533371586173338e+01 2.132567381404107287e+00
1.388139573198020926e+01 2.133834423811642456e+00
1.387647026123961780e+01 2.134251069931210942e+00
1.386435432640639398e+01 2.135279003466755032e+00
1.385760680661750399e+01 2.135853202017472530e+00
1.384733975272103379e+01 2.136723583121867609e+00
1.383874335199538663e+01 2.137417692325302987e+00
1.382952249363959396e+01 2.138168162776980186e+00
1.381987989737326927e+01 2.138915332032756300e+00
1.381086416159475050e+01 2.139612742432092762e+00
1.380101644275115191e+01 2.140359036658854741e+00
1.379186247480674332e+01 2.141057322087205339e+00
1.378215298812903455e+01 2.141777306663798619e+00
1.377232747630604592e+01 2.142501901742317916e+00
1.376328953350691719e+01 2.143153027192702176e+00
1.375232655873282894e+01 2.143946481397430492e+00
1.374442607888480339e+01 2.144507539645408301e+00
1.373200961548799270e+01 2.145391061052543069e+00
1.372556262426268603e+01 2.145843769095005626e+00
1.371148225519694819e+01 2.146835640707655202e+00
1.370669916964056867e+01 2.147159221433943443e+00
1.368988759497156948e+01 2.148280220362768222e+00
1.368783571501845309e+01 2.148414151691075080e+00
1.366897226039633573e+01 2.149653354842862463e+00
1.366787850340709731e+01 2.149724800017880799e+00
1.365010880577422014e+01 2.150864882997864047e+00
1.364530396783630017e+01 2.151169379672993376e+00
1.363124535115210278e+01 2.152035149387630852e+00
1.362175229796580567e+01 2.152613959328105953e+00
1.361238189652998543e+01 2.153176016822733185e+00
1.359758378657317479e+01 2.154058538983218529e+00
1.359351844190786984e+01 2.154295563807411273e+00
1.357465498728575426e+01 2.155377744755774483e+00
1.357244588932698726e+01 2.155503118638331106e+00
1.355579153266363690e+01 2.156420677870020342e+00
1.354602647658995807e+01 2.156947698293443683e+00
1.353692807804151954e+01 2.157434287685350505e+00
1.351870696013799567e+01 2.158392277948556259e+00
1.351806462341940218e+01 2.158425866182116515e+00
1.349920116879728482e+01 2.159395276844827016e+00
1.349043492910413811e+01 2.159836857603668836e+00
1.348033771417517102e+01 2.160329981925365406e+00
1.346147425955305366e+01 2.161228662153451996e+00
1.346036165046515087e+01 2.161281437258781413e+00
1.344261080493093630e+01 2.162112230692576187e+00
1.342908008507157192e+01 2.162726016913893989e+00
1.342374735030881894e+01 2.162962915799139463e+00
1.340488389568670513e+01 2.163787290803506735e+00
1.339591218260024519e+01 2.164170596569006566e+00
1.338602044106458777e+01 2.164589256325184952e+00
1.336715698644247041e+01 2.165372125181875607e+00
1.336116416891335845e+01 2.165615176224119143e+00
1.334829353182035305e+01 2.166124747977980380e+00
1.332943007719823569e+01 2.166854409217295441e+00
1.332402690467076667e+01 2.167059755879231719e+00
1.331056662257611833e+01 2.167572575178099203e+00
1.329170316795400453e+01 2.168268848656854431e+00
1.328517275259293484e+01 2.168504335534344296e+00
1.327283971333188717e+01 2.168940448290351597e+00
1.325397625870976981e+01 2.169594422692967761e+00
1.324348450789160658e+01 2.169948915189456873e+00
1.323511280408765245e+01 2.170233967102498163e+00
1.321624934946553687e+01 2.170855055705385617e+00
1.319948592333591542e+01 2.171393494844569449e+00
1.319738589484342128e+01 2.171459107527916821e+00
1.317852244022130392e+01 2.172043288188476140e+00
1.315965898559918656e+01 2.172607748231395242e+00
1.315184252451441083e+01 2.172838074499682026e+00
1.314079553097707098e+01 2.173162789360568503e+00
1.312193207635495362e+01 2.173697693893088534e+00
1.310306862173283804e+01 2.174224730149335372e+00
1.310095056143952341e+01 2.174282654154794603e+00
1.308420516711072068e+01 2.174746541721843673e+00
1.306534171248860332e+01 2.175252505144893433e+00
1.304716977862403304e+01 2.175727233809907180e+00
1.304647825786648951e+01 2.175745097587410193e+00
1.302761480324437215e+01 2.176222094269285812e+00
1.300875134862225480e+01 2.176679569027883510e+00
1.298988789400013744e+01 2.177122323838142304e+00
1.298775120381065129e+01 2.177171813465019756e+00
1.297102443937802008e+01 2.177559417643978534e+00
1.295216098475590449e+01 2.177977224021708125e+00
1.293329753013378891e+01 2.178376058908133128e+00
1.292166871518190518e+01 2.178616393120132333e+00
1.291443407551167155e+01 2.178766938744369330e+00
1.289557062088955597e+01 2.179140118436301954e+00
1.287670716626743683e+01 2.179498189486205550e+00
1.285784371164532125e+01 2.179838324639498559e+00
1.284483968257359621e+01 2.180060972775244466e+00
1.283898025702320567e+01 2.180161456983633173e+00
1.282011680240108831e+01 2.180464313876110172e+00
1.280125334777897095e+01 2.180753083923459901e+00
1.278238989315685359e+01 2.181019005006028078e+00
1.276352643853473623e+01 2.181266188405331263e+00
1.274466298391262242e+01 2.181489157623440533e+00
1.274313714410124021e+01 2.181505552430357042e+00
1.272579952929050506e+01 2.181692822504083473e+00
1.270693607466838770e+01 2.181873214563189833e+00
1.268807262004627034e+01 2.182031458883654462e+00
1.266920916542415476e+01 2.182165170172204238e+00
1.265034571080203918e+01 2.182276976244904354e+00
1.263148225617992182e+01 2.182362431878477338e+00
1.261261880155780446e+01 2.182423557641848255e+00
1.259375534693568710e+01 2.182459672749916813e+00
1.257489189231357329e+01 2.182471845186824133e+00
1.255602843769145593e+01 2.182456304870366015e+00
1.253716498306933858e+01 2.182415323643989602e+00
1.251830152844722122e+01 2.182345376081860078e+00
1.249943807382510563e+01 2.182248416660743651e+00
1.248057461920298827e+01 2.182126381836836160e+00
1.246171116458087269e+01 2.181976006708593818e+00
1.244284770995875355e+01 2.181797994581669897e+00
1.242398425533663975e+01 2.181587919734782055e+00
1.241744577154681295e+01 2.181505552430357042e+00
1.240512080071452239e+01 2.181352712273939343e+00
1.238625734609240681e+01 2.181087208403601707e+00
1.236739389147028945e+01 2.180792378030569800e+00
1.234853043684817209e+01 2.180463419937451075e+00
1.232966698222605650e+01 2.180101903666693541e+00
1.232769062208132560e+01 2.180060972775244466e+00
1.231080352760393914e+01 2.179716785618556418e+00
1.229194007298182356e+01 2.179301518897672985e+00
1.227307661835970798e+01 2.178855848953202834e+00
1.226367688016509128e+01 2.178616393120132333e+00
1.225421316373758884e+01 2.178380570583994924e+00
1.223534970911547148e+01 2.177878445891923143e+00
1.221648625449335768e+01 2.177341235007366649e+00
1.221093135972674126e+01 2.177171813465019756e+00
1.219762279987124032e+01 2.176772364588891229e+00
1.217875934524912296e+01 2.176177307495679614e+00
1.216532923695131885e+01 2.175727233809907180e+00
1.215989589062700560e+01 2.175547568497387285e+00
1.214103243600488824e+01 2.174891450843874807e+00
1.212446308520019045e+01 2.174282654154794603e+00
1.212216898138277266e+01 2.174199829772108572e+00
1.210330552676065707e+01 2.173483894546768269e+00
1.208725785002217634e+01 2.172838074499682026e+00
1.208444207213853971e+01 2.172726207657824204e+00
1.206557861751642236e+01 2.171944119925219407e+00
1.205293996569640491e+01 2.171393494844569449e+00
1.204671516289430500e+01 2.171123930365174814e+00
1.202785170827218941e+01 2.170269030816060152e+00
1.202107434984898582e+01 2.169948915189456873e+00
1.200898825365007383e+01 2.169379620183302659e+00
1.199117624362096635e+01 2.168504335534344296e+00
1.199012479902795647e+01 2.168453191110408351e+00
1.197126134440583911e+01 2.167497466195774436e+00
1.196298475287671437e+01 2.167059755879231719e+00
1.195239788978372175e+01 2.166503931641438729e+00
1.193614989431608997e+01 2.165615176224119143e+00
1.193353443516160617e+01 2.165473594736248231e+00
1.191467098053949059e+01 2.164416747014711984e+00
1.191045492795180749e+01 2.164170596569006566e+00
1.189580752591737323e+01 2.163312183546274525e+00
1.188620373093078442e+01 2.162726016913893989e+00
1.187694407129525587e+01 2.162165096191094982e+00
1.186286249101493517e+01 2.161281437258781413e+00
1.185808061667314028e+01 2.160982825574146116e+00
1.184036243448140802e+01 2.159836857603668836e+00
1.183921716205102470e+01 2.159763026739316416e+00
1.182035370742890734e+01 2.158507446926165141e+00
1.181867822978196791e+01 2.158392277948556259e+00
1.180149025280678998e+01 2.157214292677143153e+00
1.179771736954345229e+01 2.156947698293443683e+00
1.178262679818467262e+01 2.155890251565823590e+00
1.177727185545712274e+01 2.155503118638331106e+00
1.176376334356255704e+01 2.154512630624863423e+00
1.175776711804299701e+01 2.154058538983218529e+00
1.174489988894043968e+01 2.153085460090356396e+00
1.173884597117791984e+01 2.152613959328105953e+00
1.172603643431832232e+01 2.151607132854251425e+00
1.172060701730365473e+01 2.151169379672993376e+00
1.170717297969620674e+01 2.150069099211484147e+00
1.170307957481643868e+01 2.149724800017880799e+00
1.168830952507408938e+01 2.148490979715378835e+00
1.168584772682766193e+01 2.148280220362768222e+00
1.166944607045197557e+01 2.146863867413151716e+00
1.166912645787614089e+01 2.146835640707655202e+00
1.165283743148037843e+01 2.145391061052543069e+00
1.165058261582985644e+01 2.145189262737376534e+00
1.163696105114726187e+01 2.143946481397430492e+00
1.163171916120774085e+01 2.143460689568303934e+00
1.162157803944241685e+01 2.142501901742317916e+00
1.161285570658562349e+01 2.141667920781825440e+00
1.160658571707767273e+01 2.141057322087205339e+00
1.159399225196350613e+01 2.139813013161126598e+00
1.159199145169250578e+01 2.139612742432092762e+00
1.157763115793715158e+01 2.138168162776980186e+00
1.157512879734138878e+01 2.137914040239675462e+00
1.156360925479595281e+01 2.136723583121867609e+00
1.155626534271927497e+01 2.135954106577303779e+00
1.154990384088963573e+01 2.135279003466755032e+00
1.153740188809715761e+01 2.133927936460843000e+00
1.153654550873436868e+01 2.133834423811642456e+00
1.152344950553485070e+01 2.132389844156529879e+00
1.151853843347504025e+01 2.131838790377712289e+00
1.151063820332309362e+01 2.130945264501417302e+00
1.149967497885292467e+01 2.129692721648392073e+00
1.149800808796382512e+01 2.129500684846304726e+00
1.148554357579769558e+01 2.128056105191192149e+00
1.148081152423080731e+01 2.127496665865030501e+00
1.147336588345881836e+01 2.126611525536080016e+00
1.146194806960869172e+01 2.125223916970095051e+00
1.146148113781528899e+01 2.125166945880966995e+00
1.144967267629988328e+01 2.123722366225854419e+00
1.144308461498657437e+01 2.122903692655306429e+00
1.143806699950103223e+01 2.122277786570741842e+00
1.142668346003114266e+01 2.120833206915629265e+00
1.142422116036445701e+01 2.120515884565224773e+00
1.141548460208133875e+01 2.119388627260516689e+00
1.140535770574234142e+01 2.118057843040952903e+00
1.140449244349179381e+01 2.117944047605404112e+00
1.139363173530045437e+01 2.116499467950291535e+00
1.138649425112022406e+01 2.115532088076082395e+00
1.138296564113398546e+01 2.115054888295178959e+00
1.137251450142391818e+01 2.113610308640066382e+00
1.136763079649810848e+01 2.112921528480830702e+00
1.136225566576771406e+01 2.112165728984954249e+00
1.135202780746101503e+01 2.110721149329841229e+00
1.134876734187599112e+01 2.110248415066142247e+00
1.134203624786424314e+01 2.109276569674728652e+00
1.133225918675341148e+01 2.107831990019616075e+00
1.132990388725387376e+01 2.107481439043225713e+00
1.132250389733388829e+01 2.106387410364503499e+00
1.131296513050813601e+01 2.104942830709390922e+00
1.131104043263175996e+01 2.104649170741418107e+00
1.130344950224741218e+01 2.103498251054278345e+00
1.129415757165908119e+01 2.102053671399165768e+00
1.129217697800964082e+01 2.101739993297428111e+00
1.128496789476955087e+01 2.100609091744053192e+00
1.127593476933213523e+01 2.099164512088940615e+00
1.127331352338752524e+01 2.098734856945935423e+00
1.126706608828276224e+01 2.097719932433828038e+00
1.125826834625144812e+01 2.096275352778715462e+00
1.125445006876540788e+01 2.095638199501307142e+00
1.124956325486016695e+01 2.094830773123602885e+00
1.124104868890973030e+01 2.093386193468490308e+00
1.123558661414329052e+01 2.092431540625250719e+00
1.123274980097792231e+01 2.091941613813377732e+00
1.122452438066822111e+01 2.090497034158265155e+00
1.121672315952117494e+01 2.089104956845784677e+00
1.121642521229157197e+01 2.089052454503152578e+00
1.120837590771141556e+01 2.087607874848040002e+00
1.120050322622642724e+01 2.086163295192927425e+00
1.119785970489905758e+01 2.085668616219282345e+00
1.119271616184682117e+01 2.084718715537814848e+00
1.118508133700502682e+01 2.083274135882702272e+00
1.117899625027694022e+01 2.082102437476679668e+00
1.117755724742545276e+01 2.081829556227589695e+00
1.117012271824519942e+01 2.080384976572477118e+00
1.116290617585046085e+01 2.078940396917364541e+00
1.116013279565482463e+01 2.078375056043495483e+00
1.115575395700360062e+01 2.077495817262251965e+00
1.114877289977840036e+01 2.076051237607139388e+00
1.114192086629980238e+01 2.074606657952026811e+00
1.114126934103270727e+01 2.074467708611515082e+00
1.113503699602901875e+01 2.073162078296914235e+00
1.112832299973121586e+01 2.071717498641801658e+00
1.112240588641059169e+01 2.070398330501299178e+00
1.112183202963455031e+01 2.070272918986689081e+00
1.111537444932514518e+01 2.068828339331576505e+00
1.110907500935605974e+01 2.067383759676463928e+00
1.110354243178847433e+01 2.066079496315134989e+00
1.110293716395164765e+01 2.065939180021351351e+00
1.109687368445069389e+01 2.064494600366238775e+00
1.109097320850874091e+01 2.063050020711126198e+00
1.108520490396076674e+01 2.061605441056013621e+00
1.108467897716635875e+01 2.061469049340917348e+00
1.107953163874681479e+01 2.060160861400901045e+00
1.107398385481380920e+01 2.058716281745788468e+00
1.106861493980234989e+01 2.057271702090675891e+00
1.106581552254424139e+01 2.056500840251186624e+00
1.106331750963175331e+01 2.055827122435563314e+00
1.105812650163984756e+01 2.054382542780450738e+00
1.105325897747004404e+01 2.052937963125338161e+00
1.104850982788672020e+01 2.051493383470225584e+00
1.104695206792212403e+01 2.051008077035802568e+00
1.104380193418176326e+01 2.050048803815113008e+00
1.103926354547022370e+01 2.048604224160000431e+00
1.103490735791930888e+01 2.047159644504887854e+00
1.103075632577331255e+01 2.045715064849775278e+00
1.102808861330000845e+01 2.044757427056741239e+00
1.102670246610662907e+01 2.044270485194662701e+00
1.102284990430988998e+01 2.042825905539550124e+00
1.101912301549271156e+01 2.041381325884437548e+00
1.101560713795790214e+01 2.039936746229324971e+00
1.101223484482583004e+01 2.038492166574212394e+00
1.100922515867789109e+01 2.037121968030945141e+00
1.100905772939317906e+01 2.037047586919099817e+00
1.100599823699389468e+01 2.035603007263987241e+00
1.100319389478169185e+01 2.034158427608875108e+00
1.100056912879726845e+01 2.032713847953762532e+00
1.099812078370455382e+01 2.031269268298649955e+00
1.099587787046213094e+01 2.029824688643537378e+00
1.099392971503776373e+01 2.028380108988424801e+00
1.099212684676352758e+01 2.026935529333312225e+00
1.099050510197640307e+01 2.025490949678199648e+00
1.099036170405577550e+01 2.025335434930843004e+00
1.098914530692965208e+01 2.024046370023087071e+00
1.098792095891042564e+01 2.022601790367974495e+00
1.098693303073378402e+01 2.021157210712861918e+00
1.098627737470717491e+01 2.019712631057749341e+00
1.098584877032489615e+01 2.018268051402636765e+00
1.098559805526590161e+01 2.016823471747524188e+00
1.098555928012575045e+01 2.015378892092411611e+00
1.098585604087685041e+01 2.013934312437299035e+00
1.098640995469791548e+01 2.012489732782186458e+00
1.098708367008279652e+01 2.011045153127073881e+00
1.098815022313053902e+01 2.009600573471961305e+00
1.098957049302024735e+01 2.008155993816848728e+00
1.099036170405577550e+01 2.007476188681978080e+00
1.099126187896770546e+01 2.006711414161736151e+00
1.099319684210217574e+01 2.005266834506623574e+00
1.099552971064252915e+01 2.003822254851510998e+00
1.099820024151325981e+01 2.002377675196398421e+00
1.100124917432515304e+01 2.000933095541285844e+00
1.100465780889863865e+01 1.999488515886172824e+00
1.100844944193949537e+01 1.998043936231060691e+00
1.100922515867789109e+01 1.997779425019325261e+00
1.101276412878595501e+01 1.996599356575947892e+00
1.101754789143728708e+01 1.995154776920835316e+00
1.102277189595797324e+01 1.993710197265722961e+00
1.102808861330000845e+01 1.992363121813151006e+00
1.102848621093998105e+01 1.992265617610610384e+00
1.103487954550615235e+01 1.990821037955497808e+00
1.104186712603358700e+01 1.989376458300385231e+00
1.104695206792212403e+01 1.988408999030259361e+00
1.104955886352408712e+01 1.987931878645272654e+00
1.105789379155593366e+01 1.986487298990160077e+00
1.106581552254424139e+01 1.985234498711439199e+00
1.106708354526747229e+01 1.985042719335047501e+00
1.107715502308461097e+01 1.983598139679934924e+00
1.108467897716635875e+01 1.982583302063283703e+00
1.108804112801255570e+01 1.982153560024822347e+00
1.110019399407093132e+01 1.980708980369709993e+00
1.110354243178847433e+01 1.980337320323317218e+00
1.111377385518265726e+01 1.979264400714597194e+00
1.112240588641059169e+01 1.978399336385068263e+00
1.112853738004053739e+01 1.977819821059484617e+00
1.114126934103270727e+01 1.976666082278356606e+00
1.114471654548568047e+01 1.976375241404372041e+00
1.116013279565482463e+01 1.975167259404950748e+00
1.116337970601071383e+01 1.974930661749259464e+00
1.117899625027694199e+01 1.973825884079809967e+00
1.118415937740575217e+01 1.973486082094146887e+00
1.119785970489905758e+01 1.972624496446024889e+00
1.120790126473951887e+01 1.972041502439034311e+00
1.121672315952117494e+01 1.971538857468323691e+00
1.123488094038074969e+01 1.970596922783921734e+00
1.123558661414329052e+01 1.970561604734760719e+00
1.125445006876540788e+01 1.969681052794056697e+00
1.126697482761674607e+01 1.969152343128809157e+00
1.127331352338752346e+01 1.968890370815155499e+00
1.129217697800964082e+01 1.968172428062249235e+00
1.130564854763540517e+01 1.967707763473696581e+00
1.131104043263175818e+01 1.967525275207931745e+00
1.132990388725387376e+01 1.966939046934431889e+00
1.134876734187599112e+01 1.966411822200163861e+00
1.135466309105265559e+01 1.966263183818584004e+00
1.136763079649810848e+01 1.965940033243524176e+00
1.138649425112022406e+01 1.965512506614643273e+00
1.140535770574234142e+01 1.965135271527557848e+00
1.142317021938498556e+01 1.964818604163471649e+00
1.142422116036445878e+01 1.964799833766928572e+00
1.144308461498657437e+01 1.964504609792249168e+00
1.146194806960869172e+01 1.964244381621720326e+00
1.148081152423080731e+01 1.964018931263982637e+00
1.149967497885292467e+01 1.963830206688591762e+00
1.151853843347504025e+01 1.963671847419167449e+00
1.153740188809715761e+01 1.963543730505820095e+00
1.155626534271927497e+01 1.963449107488059564e+00
1.157512879734139055e+01 1.963374202313881378e+00
1.157520572860141073e+01 1.963374024508358850e+00
1.159399225196350613e+01 1.963330349476620329e+00
