1.119785970489905758e+01 1.906864273568839030e+00
1.121672315952117316e+01 1.906678814631063368e+00
1.123558661414329052e+01 1.906514205513129667e+00
1.125445006876540788e+01 1.906375398300385715e+00
1.127331352338752524e+01 1.906256336261779261e+00
1.129217697800964082e+01 1.906146460037205337e+00
1.131104043263175818e+01 1.906053486495135063e+00
1.132990388725387376e+01 1.905975898022470139e+00
1.134876734187599112e+01 1.905912063171227633e+00
1.136763079649810848e+01 1.905860056654895107e+00
1.138649425112022406e+01 1.905821907384394054e+00
1.140535770574234142e+01 1.905797421465709629e+00
1.142422116036445701e+01 1.905787526737271254e+00
1.144308461498657437e+01 1.905787161554266751e+00
1.146194806960869172e+01 1.905803422154364490e+00
1.148081152423080731e+01 1.905830569956350917e+00
1.149967497885292289e+01 1.905865311335485313e+00
1.151853843347504025e+01 1.905907464539909446e+00
1.153740188809715761e+01 1.905965804305035372e+00
1.155626534271927497e+01 1.906032485805281951e+00
1.157512879734139055e+01 1.906108734031438878e+00
1.159399225196350613e+01 1.906202444342743885e+00
1.161285570658562349e+01 1.906302396567178592e+00
1.163171916120774085e+01 1.906408692468585908e+00
1.165058261582985644e+01 1.906528280437326028e+00
1.166944607045197380e+01 1.906661773201686838e+00
1.168830952507408938e+01 1.906803877109603196e+00
1.170717297969620851e+01 1.906952342008296331e+00
1.171679901148272762e+01 1.907035417958968360e+00
1.172603643431832410e+01 1.907111363378960256e+00
1.174489988894043968e+01 1.907274761225224324e+00
1.176376334356255704e+01 1.907446950757664128e+00
1.178262679818467262e+01 1.907630734210109535e+00
1.180149025280678998e+01 1.907822316706673238e+00
1.182035370742890734e+01 1.908023652662040437e+00
1.183921716205102292e+01 1.908238934171891055e+00
1.185808061667314028e+01 1.908466695489908771e+00
1.185918357497055808e+01 1.908479997614080936e+00
1.187694407129525587e+01 1.908686298566640627e+00
1.189580752591737323e+01 1.908926396472522047e+00
1.191467098053949059e+01 1.909166934947145400e+00
1.193353443516160795e+01 1.909420200151534575e+00
1.195239788978372175e+01 1.909685197265156287e+00
1.196871795595994392e+01 1.909924577269193513e+00
1.197126134440583911e+01 1.909960859597160443e+00
1.199012479902795647e+01 1.910238500281797869e+00
1.200898825365007383e+01 1.910521182105103133e+00
1.202785170827218941e+01 1.910822624925698543e+00
1.204671516289430500e+01 1.911129483607973079e+00
1.206075140211871144e+01 1.911369156924306090e+00
1.206557861751642236e+01 1.911450790223751417e+00
1.208444207213853971e+01 1.911779041253559797e+00
1.210330552676065707e+01 1.912113597793617004e+00
1.212216898138277266e+01 1.912468792057964606e+00
1.214019735740738071e+01 1.912813736579418666e+00
1.214103243600488824e+01 1.912828862126314089e+00
1.215989589062700560e+01 1.913177119171268314e+00
1.217875934524912296e+01 1.913538994358896517e+00
1.219762279987124032e+01 1.913909590326115628e+00
1.221469511227643423e+01 1.914258316234531243e+00
1.221648625449335590e+01 1.914293142582231599e+00
1.223534970911547148e+01 1.914667063118539403e+00
1.225421316373758884e+01 1.915046484766617318e+00
1.227307661835970620e+01 1.915440833798236264e+00
1.228545391983299595e+01 1.915702895889643820e+00
1.229194007298182356e+01 1.915836643019551255e+00
1.231080352760393914e+01 1.916231319397208477e+00
1.232966698222605473e+01 1.916634770861731507e+00
1.234853043684817209e+01 1.917044425743668068e+00
1.235319897486432694e+01 1.917147475544756396e+00
1.236739389147028945e+01 1.917454719628916893e+00
1.238625734609240681e+01 1.917873230582171074e+00
1.240512080071452239e+01 1.918302785132211863e+00
1.241783316335105170e+01 1.918592055199868973e+00
1.242398425533663797e+01 1.918729751795252181e+00
1.244284770995875533e+01 1.919154524196135636e+00
1.246171116458087269e+01 1.919586997944465079e+00
1.248057461920298827e+01 1.920028946172526174e+00
1.248090056499260037e+01 1.920036634854981550e+00
1.249943807382510741e+01 1.920455988178446427e+00
1.251830152844722122e+01 1.920890364370881676e+00
1.253716498306933858e+01 1.921335845139935383e+00
1.254333372355913845e+01 1.921481214510094127e+00
1.255602843769145593e+01 1.921770724052189516e+00
1.257489189231357152e+01 1.922207181326669900e+00
1.259375534693568710e+01 1.922650245435805427e+00
1.260538471890543910e+01 1.922925794165206703e+00
1.261261880155780446e+01 1.923094546507817748e+00
1.263148225617992182e+01 1.923537340558464148e+00
1.265034571080203918e+01 1.923990805995039910e+00
1.266609488374539083e+01 1.924370373820319280e+00
1.266920916542415476e+01 1.924443403948376208e+00
1.268807262004627034e+01 1.924888998312618504e+00
1.270693607466838770e+01 1.925346143988645897e+00
1.272579952929050506e+01 1.925811188169600063e+00
1.272595254798455855e+01 1.925814953475431635e+00
1.274466298391262242e+01 1.926261290151123573e+00
1.276352643853473978e+01 1.926717903648281993e+00
1.278238989315685359e+01 1.927190274445820029e+00
1.278514801245829879e+01 1.927259533130544433e+00
1.280125334777897095e+01 1.927656454002278252e+00
1.282011680240108831e+01 1.928122804849337291e+00
1.283898025702320567e+01 1.928601757920285209e+00
1.284298707137068973e+01 1.928704112785657010e+00
1.285784371164532125e+01 1.929071416050502474e+00
1.287670716626743683e+01 1.929542669618609541e+00
1.289557062088955419e+01 1.930030219868561048e+00
1.290019410124657995e+01 1.930148692440769587e+00
1.291443407551167155e+01 1.930508766202983395e+00
1.293329753013378891e+01 1.930993711015653869e+00
1.295216098475590449e+01 1.931491631398061015e+00
1.295601564677045658e+01 1.931593272095882163e+00
1.297102443937802008e+01 1.931977443436655228e+00
1.298988789400013744e+01 1.932464626068852276e+00
1.300875134862225480e+01 1.932961133837226564e+00
1.301164351510486128e+01 1.933037851750994740e+00
1.302761480324437215e+01 1.933449339695165303e+00
1.304647825786648596e+01 1.933941618529547712e+00
1.306534171248860332e+01 1.934442100532949294e+00
1.306685512205853072e+01 1.934482431406107095e+00
1.308420516711072068e+01 1.934934332042655969e+00
1.310306862173283804e+01 1.935433829507524184e+00
1.312145017924119550e+01 1.935927011061219893e+00
1.312193207635495362e+01 1.935939681279082336e+00
1.314079553097707098e+01 1.936439089492730581e+00
1.315965898559918656e+01 1.936939255786813918e+00
1.317595760693442308e+01 1.937371590716332470e+00
1.317852244022130392e+01 1.937438783611346915e+00
1.319738589484342128e+01 1.937936048518592358e+00
1.321624934946553509e+01 1.938446616274007939e+00
1.322960946165319562e+01 1.938816170371445047e+00
1.323511280408765245e+01 1.938962552740982614e+00
1.325397625870976981e+01 1.939454666731395882e+00
1.327283971333188894e+01 1.939952836705057360e+00
1.328409790587750194e+01 1.940260750026557623e+00
1.329170316795400453e+01 1.940462707259298369e+00
1.331056662257612011e+01 1.940954566718714025e+00
1.332943007719823569e+01 1.941461367249180947e+00
1.333844032886127984e+01 1.941705329681669978e+00
1.334829353182035305e+01 1.941969727378425992e+00
1.336715698644247041e+01 1.942483941690009042e+00
1.338602044106458777e+01 1.943008103026366395e+00
1.339112333714537151e+01 1.943149909336782777e+00
1.340488389568670335e+01 1.943519074396478086e+00
1.342374735030881894e+01 1.944032542065988078e+00
1.344261080493093630e+01 1.944552399757316863e+00
1.344412747680746634e+01 1.944594488991895354e+00
1.346147425955305366e+01 1.945069169277532595e+00
1.348033771417517102e+01 1.945588689450584052e+00
1.349652989841782436e+01 1.946039068647007930e+00
1.349920116879728660e+01 1.946113078461324308e+00
1.351806462341940218e+01 1.946636459812882691e+00
1.353692807804151954e+01 1.947168111975758453e+00
1.354801067006980908e+01 1.947483648302120507e+00
1.355579153266363690e+01 1.947698203548819507e+00
1.357465498728575426e+01 1.948219577529194169e+00
1.359351844190786807e+01 1.948752908118297267e+00
1.359979941059048869e+01 1.948928227957233084e+00
1.361238189652998543e+01 1.949276177217998063e+00
1.363124535115210278e+01 1.949801901542305149e+00
1.365010880577422014e+01 1.950335577503924833e+00
1.365143728867637662e+01 1.950372807612345660e+00
1.366897226039633573e+01 1.950846690148834162e+00
1.368783571501845309e+01 1.951366408817560849e+00
1.370418619786131664e+01 1.951817387267458237e+00
1.370669916964056867e+01 1.951885494617488837e+00
1.372556262426268603e+01 1.952401950149949883e+00
1.374442607888480339e+01 1.952924968577387288e+00
1.375630047145038404e+01 1.953261966922570814e+00
1.376328953350691897e+01 1.953455123850745156e+00
1.378215298812903633e+01 1.953971477991602868e+00
1.380101644275115191e+01 1.954494755018786334e+00
1.380854948677999516e+01 1.954706546577683390e+00
1.381987989737326927e+01 1.955024838801074027e+00
1.383874335199538663e+01 1.955560430186269905e+00
1.385760680661750222e+01 1.956109242050596109e+00
1.385902914015571596e+01 1.956151126232795745e+00
1.387647026123961780e+01 1.956650571716347820e+00
1.389533371586173516e+01 1.957189055936552347e+00
1.390921599662457275e+01 1.957595705887908544e+00
1.391419717048385252e+01 1.957739691166314300e+00
1.393306062510596988e+01 1.958287487128571591e+00
1.395192407972808546e+01 1.958854240641789701e+00
1.395804992638674946e+01 1.959040285543021120e+00
1.397078753435020104e+01 1.959427420094814298e+00
1.398965098897231840e+01 1.960014307486473539e+00
1.400449265436696500e+01 1.960484865198133697e+00
1.400851444359443576e+01 1.960609560739856816e+00
1.402737789821655312e+01 1.961212562018399108e+00
1.404624135283866870e+01 1.961829892598858871e+00
1.404921385945607071e+01 1.961929444853246274e+00
1.406510480746078429e+01 1.962462692876409509e+00
1.408396826208290165e+01 1.963107334021586325e+00
1.409177448053764437e+01 1.963374024508358850e+00
1.410283171670501901e+01 1.963742348400651538e+00
1.412169517132713636e+01 1.964382017978699935e+00
1.413401938136017932e+01 1.964818604163471427e+00
1.414055862594925195e+01 1.965042325213748997e+00
1.415942208057136753e+01 1.965688655627674031e+00
1.417559465981162070e+01 1.966263183818584004e+00
1.417828553519348489e+01 1.966359005633154799e+00
1.419714898981560225e+01 1.967037882821944361e+00
1.421529002427121391e+01 1.967707763473696581e+00
1.421601244443771961e+01 1.967734941859028419e+00
1.423487589905983519e+01 1.968445512864567704e+00
1.425320044008769038e+01 1.969152343128809157e+00
1.425373935368195077e+01 1.969172651538371399e+00
1.427260280830406813e+01 1.969890406381070491e+00
1.429080395679075011e+01 1.970596922783921734e+00
1.429146626292618549e+01 1.970622392747033214e+00
1.431032971754830108e+01 1.971343118618233081e+00
1.432789506988538797e+01 1.972041502439034311e+00
1.432919317217041844e+01 1.972091704977651183e+00
1.434805662679253402e+01 1.972812464452184056e+00
1.436543955670027906e+01 1.973486082094146887e+00
1.436692008141465138e+01 1.973544583006879183e+00
1.438578353603676874e+01 1.974297739856971212e+00
1.440137643842069792e+01 1.974930661749259464e+00
1.440464699065888432e+01 1.975063711571545699e+00
1.442351044528100168e+01 1.975829043839895993e+00
1.443687952939278141e+01 1.976375241404372041e+00
1.444237389990311726e+01 1.976595653539494402e+00
1.446123735452523640e+01 1.977360444159452779e+00
1.447242879587708586e+01 1.977819821059484617e+00
1.448010080914735198e+01 1.978130728069069866e+00
1.449896426376946756e+01 1.978901880311137118e+00
1.450774194455205190e+01 1.979264400714597194e+00
1.451782771839158315e+01 1.979672699137647651e+00
1.453669117301370051e+01 1.980452553723972997e+00
1.454290707442593344e+01 1.980708980369709771e+00
1.455555462763581787e+01 1.981227098052905866e+00
1.457441808225793523e+01 1.982015513653362371e+00
1.457769992157134809e+01 1.982153560024822347e+00
1.459328153688004903e+01 1.982803989356792140e+00
1.461211415591218632e+01 1.983598139679934924e+00
1.461214499150216639e+01 1.983599447239450253e+00
1.463100844612428375e+01 1.984412628053016325e+00
1.464563191439217960e+01 1.985042719335047501e+00
1.464987190074640111e+01 1.985225903543052617e+00
1.466873535536851847e+01 1.986061240150949647e+00
1.467832755033361281e+01 1.986487298990160077e+00
1.468759880999063405e+01 1.986884567935339074e+00
1.470646226461274964e+01 1.987705705727766725e+00
1.471156120576082316e+01 1.987931878645272654e+00
1.472532571923486699e+01 1.988552217542980838e+00
1.474331616558198732e+01 1.989376458300385231e+00
1.474418917385698435e+01 1.989416195417701427e+00
1.476305262847910171e+01 1.990276658132365650e+00
1.477480132607982810e+01 1.990821037955497808e+00
1.478191608310121730e+01 1.991148240906226885e+00
1.480077953772333288e+01 1.992026486667683116e+00
1.480588625414182680e+01 1.992265617610610384e+00
1.481964299234545024e+01 1.992925198739348147e+00
1.483567296044001083e+01 1.993710197265722961e+00
1.483850644696756760e+01 1.993844055991781161e+00
1.485736990158968496e+01 1.994728538573985910e+00
1.486622176696188546e+01 1.995154776920835316e+00
1.487623335621180054e+01 1.995651855302623456e+00
1.489509681083391612e+01 1.996598076854150472e+00
1.489512226088504399e+01 1.996599356575948114e+00
1.491396026545603348e+01 1.997548075129465417e+00
1.492380992906802284e+01 1.998043936231060469e+00
1.493282372007815084e+01 1.998486038817812283e+00
1.495168717470026820e+01 1.999434842798324841e+00
1.495275798716312643e+01 1.999488515886173046e+00
1.497055062932238556e+01 2.000399226540674924e+00
1.498082812981148138e+01 2.000933095541285844e+00
1.498941408394449937e+01 2.001375328415409882e+00
1.500827753856661673e+01 2.002340522496492081e+00
1.500899558321632021e+01 2.002377675196398421e+00
1.502714099318873409e+01 2.003307824163130579e+00
1.503707526366644842e+01 2.003822254851510998e+00
1.504600444781085145e+01 2.004293684368738226e+00
1.506464066574625882e+01 2.005266834506623574e+00
1.506486790243296703e+01 2.005278756890636949e+00
1.508373135705508439e+01 2.006274638271024369e+00
1.509208635302693580e+01 2.006711414161736151e+00
1.510259481167719997e+01 2.007272018024541804e+00
1.511871247523411377e+01 2.008155993816848728e+00
1.512145826629931733e+01 2.008304279123494851e+00
1.514032172092143114e+01 2.009313441545390599e+00
1.514553557321036870e+01 2.009600573471961305e+00
1.515918517554354850e+01 2.010363075044252934e+00
1.517124629917354817e+01 2.011045153127073881e+00
1.517804863016566586e+01 2.011439038856872585e+00
1.519590164435550506e+01 2.012489732782186458e+00
1.519691208478778321e+01 2.012549250802917911e+00
1.521577553940990057e+01 2.013669997041971804e+00
1.522019879465033121e+01 2.013934312437299035e+00
1.523463899403201616e+01 2.014791427702608217e+00
1.524438729792980318e+01 2.015378892092411611e+00
1.525350244865413174e+01 2.015948493271866315e+00
1.526734658306447656e+01 2.016823471747524188e+00
1.527236590327624910e+01 2.017141249001316972e+00
1.528995991630289275e+01 2.018268051402636765e+00
1.529122935789836646e+01 2.018349500352580428e+00
1.531009281252048204e+01 2.019583326394786216e+00
1.531204804392500840e+01 2.019712631057749341e+00
1.532895626714259940e+01 2.020863905426148577e+00
1.533310162793582165e+01 2.021157210712861918e+00
1.534781972176471498e+01 2.022208326599931993e+00
1.535325636757742274e+01 2.022601790367974495e+00
1.536668317638683234e+01 2.023605450277202955e+00
1.537244734064608309e+01 2.024046370023087071e+00
1.538554663100894793e+01 2.025093077382473350e+00
1.539042116195596677e+01 2.025490949678199648e+00
1.540441008563106706e+01 2.026635291130157057e+00
1.540796380550414568e+01 2.026935529333312225e+00
1.542327354025318265e+01 2.028244043354958226e+00
1.542482585939332651e+01 2.028380108988424801e+00
1.544070694428000756e+01 2.029824688643537378e+00
1.544213699487529823e+01 2.029956165309163563e+00
1.545608314692482743e+01 2.031269268298649955e+00
1.546100044949741559e+01 2.031736904881209060e+00
1.547097208359938136e+01 2.032713847953762532e+00
1.547986390411953295e+01 2.033599595529026693e+00
1.548528723686226449e+01 2.034158427608875108e+00
1.549872735874165031e+01 2.035590770494160040e+00
1.549883859050754076e+01 2.035603007263987241e+00
1.551176040902267772e+01 2.037047586919099817e+00
1.551759081336376411e+01 2.037735830217584976e+00
1.552375647998295349e+01 2.038492166574212394e+00
1.553520370744459811e+01 2.039936746229324971e+00
1.553645426798588147e+01 2.040100210201710063e+00
1.554598818361051293e+01 2.041381325884437548e+00
1.555531772260799883e+01 2.042672972313442248e+00
1.555638619502046183e+01 2.042825905539550124e+00
1.556630527703468303e+01 2.044270485194662701e+00
1.557418117723011619e+01 2.045490788330955212e+00
1.557559639589898559e+01 2.045715064849775278e+00
1.558454762109314018e+01 2.047159644504887854e+00
1.559304463185223355e+01 2.048553120367911706e+00
1.559334539098635730e+01 2.048604224160000431e+00
1.560160507644187966e+01 2.050048803815113008e+00
1.560959283532532815e+01 2.051493383470225584e+00
1.561190808647434913e+01 2.051923214657171979e+00
1.561722691864839163e+01 2.052937963125338161e+00
1.562437551126975066e+01 2.054382542780450738e+00
1.563077154109646472e+01 2.055678511192962077e+00
1.563148829986135624e+01 2.055827122435563314e+00
1.563819485655458763e+01 2.057271702090675891e+00
1.564459507690896345e+01 2.058716281745788468e+00
1.564963499571858030e+01 2.059883506387863772e+00
1.565080587555437575e+01 2.060160861400901045e+00
1.565693018915600554e+01 2.061605441056013621e+00
1.566261693963865298e+01 2.063050020711126198e+00
1.566847241801347934e+01 2.064494600366238775e+00
1.566849845034069943e+01 2.064501402078872339e+00
1.567389080495312115e+01 2.065939180021351351e+00
1.567894006193555256e+01 2.067383759676463928e+00
1.568382603502431927e+01 2.068828339331576505e+00
1.568736190496281324e+01 2.069844241115025518e+00
1.568882765661984990e+01 2.070272918986689081e+00
1.569302967297083562e+01 2.071717498641801658e+00
1.569733624085654711e+01 2.073162078296914235e+00
1.570137787450385503e+01 2.074606657952026811e+00
1.570517915564789924e+01 2.076051237607139388e+00
1.570622535958493060e+01 2.076448057620257082e+00
1.570894620517183249e+01 2.077495817262251965e+00
1.571265178418583730e+01 2.078940396917364541e+00
1.571582846402417033e+01 2.080384976572477118e+00
1.571877777881996252e+01 2.081829556227589695e+00
1.572173381187942098e+01 2.083274135882702272e+00
1.572446111579220940e+01 2.084718715537814848e+00
1.572508881420704796e+01 2.085053916959634712e+00
1.572714222141761020e+01 2.086163295192927425e+00
1.572961110891023573e+01 2.087607874848040002e+00
1.573162307910730462e+01 2.089052454503152578e+00
1.573352587917881706e+01 2.090497034158265155e+00
1.573522445521974156e+01 2.091941613813377732e+00
1.573658365700485717e+01 2.093386193468490308e+00
1.573796080810926412e+01 2.094830773123602885e+00
1.573909246469256118e+01 2.096275352778715462e+00
1.573993503010836470e+01 2.097719932433828038e+00
1.574062350973019697e+01 2.099164512088940615e+00
1.574103863808753445e+01 2.100609091744053192e+00
1.574149557397024068e+01 2.102053671399165768e+00
1.574172661318777422e+01 2.103498251054278345e+00
1.574176185916183890e+01 2.104942830709390922e+00
1.574141024990332127e+01 2.106387410364503499e+00
1.574069775931397430e+01 2.107831990019616075e+00
1.573977245522537416e+01 2.109276569674728652e+00
1.573878870258745977e+01 2.110721149329841229e+00
1.573759490807976213e+01 2.112165728984953805e+00
1.573593173679611468e+01 2.113610308640066382e+00
1.573395049454710914e+01 2.115054888295178959e+00
1.573172430979483494e+01 2.116499467950291091e+00
1.572953291205923776e+01 2.117944047605404112e+00
1.572708728767277009e+01 2.119388627260516689e+00
1.572508881420704796e+01 2.120413931110226802e+00
1.572425833675663753e+01 2.120833206915629265e+00
1.572090818363654030e+01 2.122277786570741842e+00
1.571738893191264452e+01 2.123722366225854419e+00
1.571371373680338124e+01 2.125166945880966551e+00
1.570937246189312653e+01 2.126611525536079572e+00
1.570622535958493060e+01 2.127692419304664906e+00
1.570513694568916385e+01 2.128056105191192149e+00
1.570040439724164116e+01 2.129500684846304726e+00
1.569529082219222005e+01 2.130945264501417746e+00
1.568985796820010847e+01 2.132389844156529879e+00
1.568736190496281679e+01 2.133025415237290723e+00
1.568408255648000527e+01 2.133834423811642456e+00
1.567778558677644085e+01 2.135279003466755032e+00
1.567141036043496527e+01 2.136723583121867609e+00
1.566849845034070121e+01 2.137342299093925035e+00
1.566448712931114962e+01 2.138168162776980186e+00
1.565735519643540385e+01 2.139612742432092762e+00
1.564966818395813597e+01 2.141057322087205339e+00
1.564963499571858208e+01 2.141063525719368865e+00
1.564168380466554176e+01 2.142501901742317916e+00
1.563306693941448344e+01 2.143946481397430492e+00
1.563077154109646472e+01 2.144318723718220632e+00
1.562395826394946319e+01 2.145391061052543069e+00
1.561450081948106572e+01 2.146835640707655646e+00
1.561190808647434913e+01 2.147225275649700116e+00
1.560459689910792846e+01 2.148280220362768222e+00
1.559434843878410781e+01 2.149724800017880799e+00
1.559304463185223177e+01 2.149896471107267892e+00
1.558303311663606827e+01 2.151169379672993376e+00
1.557418117723011619e+01 2.152308594619049664e+00
1.557172688904988789e+01 2.152613959328105953e+00
1.555960990140156674e+01 2.154058538983218529e+00
1.555531772260799883e+01 2.154560831525571984e+00
1.554693141009465585e+01 2.155503118638331106e+00
1.553645426798588147e+01 2.156635205126037125e+00
1.553347103516912675e+01 2.156947698293443683e+00
1.551986938078762357e+01 2.158392277948556259e+00
1.551759081336376589e+01 2.158620798981765621e+00
1.550488370352802292e+01 2.159836857603668836e+00
1.549872735874165031e+01 2.160419138039567422e+00
1.548928695963846636e+01 2.161281437258781413e+00
1.547986390411953295e+01 2.162145855887728008e+00
1.547334492251961535e+01 2.162726016913893989e+00
1.546100044949741559e+01 2.163766028964062560e+00
1.545594291475386584e+01 2.164170596569006566e+00
1.544213699487529823e+01 2.165229448891311748e+00
1.543693433187290509e+01 2.165615176224119143e+00
1.542327354025318265e+01 2.166620160072352252e+00
1.541712445304438361e+01 2.167059755879231719e+00
1.540441008563106706e+01 2.167969350983951049e+00
1.539660287266229233e+01 2.168504335534344296e+00
1.538554663100894970e+01 2.169235281822961880e+00
1.537428158128427214e+01 2.169948915189456873e+00
1.536668317638683234e+01 2.170428868692333868e+00
1.535092368908644467e+01 2.171393494844569449e+00
1.534781972176471498e+01 2.171577957330563358e+00
1.532895626714259940e+01 2.172664060758686677e+00
1.532584326525942942e+01 2.172838074499682026e+00
1.531009281252048382e+01 2.173726817376358422e+00
1.529996979246071120e+01 2.174282654154795047e+00
1.529122935789836824e+01 2.174753302652064235e+00
1.527266570913194066e+01 2.175727233809907180e+00
1.527236590327624910e+01 2.175742782326774982e+00
1.525350244865413174e+01 2.176707998272305655e+00
1.524424803088086122e+01 2.177171813465019756e+00
1.523463899403201438e+01 2.177633830069479082e+00
1.521577553940990057e+01 2.178530243419521728e+00
1.521394372506395776e+01 2.178616393120132333e+00
1.519691208478778321e+01 2.179425585616521666e+00
1.518352867327266686e+01 2.180060972775244466e+00
1.517804863016566586e+01 2.180320719805942442e+00
1.515918517554354850e+01 2.181207569457680240e+00
1.515279297554720195e+01 2.181505552430357042e+00
1.514032172092143114e+01 2.182082527124710403e+00
1.512145826629931733e+01 2.182933860092744371e+00
1.512109814105073191e+01 2.182950132085469619e+00
1.510259481167719997e+01 2.183770495867397798e+00
1.508864398067864343e+01 2.184394711740582196e+00
1.508373135705508261e+01 2.184615183461033894e+00
1.506486790243296703e+01 2.185473972850786595e+00
1.505690183670037641e+01 2.185839291395694772e+00
1.504600444781085145e+01 2.186342583586632138e+00
1.502714099318873409e+01 2.187205243200139648e+00
1.502545660138533989e+01 2.187283871050807349e+00
1.500827753856661673e+01 2.188072039106426558e+00
1.499417124696077508e+01 2.188728450705919926e+00
1.498941408394449937e+01 2.188948296816836336e+00
1.497055062932238378e+01 2.189810954232749740e+00
1.496264321814380516e+01 2.190173030361032502e+00
1.495168717470026643e+01 2.190665506447056821e+00
1.493282372007815084e+01 2.191519893122193974e+00
1.493066276073302667e+01 2.191617610016145079e+00
1.491396026545603348e+01 2.192371906225017764e+00
1.489862769991988500e+01 2.193062189671257656e+00
1.489509681083391612e+01 2.193219671062212495e+00
1.487623335621180054e+01 2.194058393467224199e+00
1.486595718960122525e+01 2.194506769326370232e+00
1.485736990158968496e+01 2.194882710079325783e+00
1.483850644696756760e+01 2.195702036453247796e+00
1.483267530343279894e+01 2.195951348981482809e+00
1.481964299234545024e+01 2.196511014281113283e+00
1.480077953772333288e+01 2.197303579439826571e+00
1.479854399489868655e+01 2.197395928636595386e+00
1.478191608310121730e+01 2.198083530714749934e+00
1.476307032269643926e+01 2.198840508291707962e+00
1.476305262847910171e+01 2.198841226479048228e+00
1.474418917385698435e+01 2.199598843297808415e+00
1.472659011418665642e+01 2.200285087946820539e+00
1.472532571923486699e+01 2.200333465164378222e+00
1.470646226461274964e+01 2.201040200142664993e+00
1.468759880999063405e+01 2.201725173045763650e+00
1.468747230229767453e+01 2.201729667601933116e+00
1.466873535536851847e+01 2.202395443098032146e+00
1.464987190074640111e+01 2.203041368071086747e+00
1.464584496968432070e+01 2.203174247257045693e+00
1.463100844612428375e+01 2.203675951741088213e+00
1.461214499150216639e+01 2.204293278354004570e+00
1.460186625548541173e+01 2.204618826912158269e+00
1.459328153688005081e+01 2.204891500826835937e+00
1.457441808225793523e+01 2.205474595928369030e+00
1.455555462763581787e+01 2.206044235396207753e+00
1.455490780579748744e+01 2.206063406567270846e+00
1.453669117301370051e+01 2.206617482153516718e+00
1.451782771839158315e+01 2.207171454681240874e+00
1.450598852728553823e+01 2.207507986222383423e+00
1.449896426376946756e+01 2.207706645456920747e+00
1.448010080914735198e+01 2.208238117043017645e+00
1.446123735452523462e+01 2.208763761933337122e+00
1.445445486942563207e+01 2.208952565877495999e+00
1.444237389990311726e+01 2.209296682214640484e+00
1.442351044528100168e+01 2.209822620542470251e+00
1.440464699065888432e+01 2.210341065495861734e+00
1.440259729386329468e+01 2.210397145532608576e+00
1.438578353603676874e+01 2.210863474596342027e+00
1.436692008141465138e+01 2.211382061272370692e+00
1.435001636154163940e+01 2.211841725187721153e+00
1.434805662679253402e+01 2.211897113759043521e+00
1.432919317217041844e+01 2.212426743434990684e+00
1.431032971754830108e+01 2.212957832074176512e+00
1.429867350354168742e+01 2.213286304842833729e+00
1.429146626292618727e+01 2.213492253966948375e+00
1.427260280830406813e+01 2.214037294344605833e+00
1.425373935368195077e+01 2.214580924226555947e+00
1.424846958928725726e+01 2.214730884497946306e+00
1.423487589905983519e+01 2.215117961465964846e+00
1.421601244443771961e+01 2.215661685227947153e+00
1.419802990957339972e+01 2.216175464153058883e+00
1.419714898981560403e+01 2.216201270984549332e+00
1.417828553519348489e+01 2.216758695241380028e+00
1.415942208057136753e+01 2.217303201854420536e+00
1.414858952077370091e+01 2.217620043808171459e+00
1.414055862594925195e+01 2.217856580187453019e+00
1.412169517132713636e+01 2.218408078957261331e+00
1.410283171670501901e+01 2.218953103888770428e+00
1.409896184790231999e+01 2.219064623463284036e+00
1.408396826208290165e+01 2.219506611778332417e+00
1.406510480746078429e+01 2.220063953654108690e+00
1.405002678724016008e+01 2.220509203118396613e+00
1.404624135283866870e+01 2.220622422730034629e+00
1.402737789821655312e+01 2.221173708640278299e+00
1.400851444359443576e+01 2.221723730635448923e+00
1.400048950139574799e+01 2.221953782773509189e+00
1.398965098897231840e+01 2.222264355358081644e+00
1.397078753435020104e+01 2.222802883028623722e+00
1.395192407972808546e+01 2.223333258064077000e+00
1.394956226245705366e+01 2.223398362428621766e+00
1.393306062510596988e+01 2.223867456831451594e+00
1.391419717048385252e+01 2.224405015152127962e+00
1.389842219538461521e+01 2.224842942083734343e+00
1.389533371586173516e+01 2.224930691621900269e+00
1.387647026123961780e+01 2.225469201790548190e+00
1.385760680661750222e+01 2.225984524096573214e+00
1.384643049872807552e+01 2.226287521738846920e+00
1.383874335199538663e+01 2.226494643738818002e+00
1.381987989737326927e+01 2.226995467532447037e+00
1.380101644275115191e+01 2.227490990274779925e+00
1.379159730832101971e+01 2.227732101393959496e+00
1.378215298812903455e+01 2.227977745495541839e+00
1.376328953350691897e+01 2.228461677864843615e+00
1.374442607888480339e+01 2.228934117118259728e+00
1.373455471825910479e+01 2.229176681049072073e+00
1.372556262426268603e+01 2.229400987963843672e+00
1.370669916964056867e+01 2.229851197822112052e+00
1.368783571501845309e+01 2.230302973407474632e+00
1.367401173070145504e+01 2.230621260704184650e+00
1.366897226039633395e+01 2.230742607733129379e+00
1.365010880577422014e+01 2.231193946657232363e+00
1.363124535115210278e+01 2.231629606733672944e+00
1.361238189652998543e+01 2.232053203050340162e+00
1.361182005798583106e+01 2.232065840359297226e+00
1.359351844190787162e+01 2.232471264530349941e+00
1.357465498728575426e+01 2.232869460310702436e+00
1.355579153266363690e+01 2.233253534111485195e+00
1.354282105393833646e+01 2.233510420014409803e+00
1.353692807804151954e+01 2.233629771975734091e+00
1.351806462341940218e+01 2.234006873474517985e+00
1.349920116879728660e+01 2.234360672416945803e+00
1.348033771417517102e+01 2.234701826528316282e+00
1.346618851931699368e+01 2.234954999669522380e+00
1.346147425955305366e+01 2.235042763127350618e+00
1.344261080493093630e+01 2.235390594712650447e+00
1.342374735030881894e+01 2.235732345937895271e+00
1.340488389568670335e+01 2.236060708910919015e+00
1.338602044106458777e+01 2.236375453853640227e+00
1.338454677240577340e+01 2.236399579324634956e+00
1.336715698644247041e+01 2.236690193960628292e+00
1.334829353182035305e+01 2.236996536244034939e+00
1.332943007719823569e+01 2.237290021281036267e+00
1.331056662257612011e+01 2.237572371606342703e+00
1.329170316795400453e+01 2.237844123541695041e+00
1.329170064783729011e+01 2.237844158979747533e+00
1.327283971333188717e+01 2.238116691152342685e+00
1.325397625870976981e+01 2.238383242862475253e+00
1.323511280408765245e+01 2.238641157411339400e+00
1.321624934946553687e+01 2.238889602039606519e+00
1.319738589484342128e+01 2.239131058323409640e+00
1.318466881679154490e+01 2.239288738634860110e+00
1.317852244022130570e+01 2.239366210167024640e+00
1.315965898559918656e+01 2.239591169001754700e+00
1.314079553097707098e+01 2.239809672598947365e+00
1.312193207635495362e+01 2.240021009540930308e+00
1.310306862173283804e+01 2.240225086832680734e+00
1.308420516711072068e+01 2.240409677099008956e+00
1.306534171248860332e+01 2.240585622893636053e+00
1.304933421137008231e+01 2.240733318289972686e+00
1.304647825786648774e+01 2.240760726782310641e+00
1.302761480324437215e+01 2.240930349474046679e+00
1.300875134862225480e+01 2.241085763736774261e+00
1.298988789400013744e+01 2.241230722763088323e+00
1.297102443937802008e+01 2.241357764116953533e+00
1.295216098475590449e+01 2.241476055613027540e+00
1.293329753013378891e+01 2.241586926209594655e+00
1.291443407551167155e+01 2.241685230587844746e+00
1.289557062088955419e+01 2.241760752788628963e+00
1.287670716626743683e+01 2.241828118951477933e+00
1.285784371164532125e+01 2.241885377444657212e+00
1.283898025702320567e+01 2.241929000795702898e+00
1.282011680240108831e+01 2.241953520724813576e+00
1.280125334777897095e+01 2.241962925081150804e+00
1.278238989315685359e+01 2.241958187455098006e+00
1.276352643853473801e+01 2.241938951178029438e+00
1.274466298391262242e+01 2.241897316094019210e+00
1.272579952929050506e+01 2.241844827291330056e+00
1.270693607466838770e+01 2.241768030785228127e+00
1.268807262004627034e+01 2.241664487675036455e+00
1.266920916542415476e+01 2.241546558174539960e+00
1.265034571080203918e+01 2.241408093619501329e+00
1.263148225617992182e+01 2.241251026977203686e+00
1.261261880155780446e+01 2.241066464812845993e+00
1.259375534693568710e+01 2.240862365693145453e+00
1.258303262574549208e+01 2.240733318289972686e+00
1.257489189231357329e+01 2.240639219410857752e+00
1.255602843769145593e+01 2.240405904189838537e+00
1.253716498306933858e+01 2.240138065709269544e+00
1.251830152844722122e+01 2.239846660355943264e+00
1.249943807382510563e+01 2.239531571365925622e+00
1.248592822317653805e+01 2.239288738634860110e+00
1.248057461920298827e+01 2.239194085367945064e+00
1.246171116458087269e+01 2.238838182328490856e+00
1.244284770995875533e+01 2.238456419887843829e+00
1.242398425533663620e+01 2.238044639999900554e+00
1.241536541454619069e+01 2.237844158979747533e+00
1.240512080071452239e+01 2.237619446457407957e+00
1.238625734609240681e+01 2.237180809108831436e+00
1.236739389147028945e+01 2.236711534817035218e+00
1.235567562028239408e+01 2.236399579324634956e+00
1.234853043684817209e+01 2.236213110656493086e+00
1.232966698222605473e+01 2.235699854043980306e+00
1.231080352760393914e+01 2.235154471951362076e+00
1.230429113833365307e+01 2.234954999669522380e+00
1.229194007298182356e+01 2.234586589194433870e+00
1.227307661835970620e+01 2.233995000032359179e+00
1.225855467476404215e+01 2.233510420014409803e+00
1.225421316373758884e+01 2.233370306940976935e+00
1.223534970911547148e+01 2.232728320933795807e+00
1.221670822239583565e+01 2.232065840359297226e+00
1.221648625449335590e+01 2.232058159481026038e+00
1.219762279987124032e+01 2.231376258535316737e+00
1.217875934524912296e+01 2.230657848219012696e+00
1.217784412822153683e+01 2.230621260704184650e+00
1.215989589062700560e+01 2.229922362220988497e+00
1.214173663801759950e+01 2.229176681049072073e+00
1.214103243600488824e+01 2.229148267486155799e+00
1.212216898138277266e+01 2.228355434514230460e+00
1.210811443934413312e+01 2.227732101393959496e+00
1.210330552676065707e+01 2.227524370623233718e+00
1.208444207213853971e+01 2.226678478328481425e+00
1.207617243288232700e+01 2.226287521738846920e+00
1.206557861751642236e+01 2.225790304653417984e+00
1.204671516289430500e+01 2.224857192393775218e+00
1.204643549500429600e+01 2.224842942083734343e+00
1.202785170827218764e+01 2.223916852507499264e+00
1.201789078760249652e+01 2.223398362428621766e+00
1.200898825365007383e+01 2.222943727770612554e+00
1.199055987976950455e+01 2.221953782773509189e+00
1.199012479902795647e+01 2.221930658577921935e+00
1.197126134440583911e+01 2.220885506168695844e+00
1.196471987947770899e+01 2.220509203118396613e+00
1.195239788978372175e+01 2.219819463373193358e+00
1.193952784731892613e+01 2.219064623463284036e+00
1.193353443516160617e+01 2.218719386330313625e+00
1.191522143667777200e+01 2.217620043808171459e+00
1.191467098053949059e+01 2.217586947077908821e+00
1.189580752591737323e+01 2.216425495620479857e+00
1.189191671675423834e+01 2.216175464153058883e+00
1.187694407129525587e+01 2.215218208191703564e+00
1.186956227187929969e+01 2.214730884497946306e+00
1.185808061667314206e+01 2.213987671807696067e+00
1.184760648555544549e+01 2.213286304842833729e+00
1.183921716205102292e+01 2.212726792926313912e+00
1.182638923929178532e+01 2.211841725187721153e+00
1.182035370742890734e+01 2.211425021975904848e+00
1.180590624897359930e+01 2.210397145532608576e+00
1.180149025280678998e+01 2.210083140202801832e+00
1.178601429026390690e+01 2.208952565877495999e+00
1.178262679818467262e+01 2.208708002239637480e+00
1.176642717560407903e+01 2.207507986222383423e+00
1.176376334356255704e+01 2.207312954811422756e+00
1.174719388031217093e+01 2.206063406567270846e+00
1.174489988894043968e+01 2.205887714486541196e+00
1.172871687234531635e+01 2.204618826912158269e+00
1.172603643431832410e+01 2.204409769604592118e+00
1.171053649028714183e+01 2.203174247257045693e+00
1.170717297969620674e+01 2.202907433650292290e+00
1.169260941567780954e+01 2.201729667601933116e+00
1.168830952507408938e+01 2.201385261403689952e+00
1.167481446291896674e+01 2.200285087946820539e+00
1.166944607045197202e+01 2.199842138677258419e+00
1.165753267929873260e+01 2.198840508291707962e+00
1.165058261582985644e+01 2.198253450888690175e+00
1.164057825396856671e+01 2.197395928636595386e+00
1.163171916120774085e+01 2.196634677610418862e+00
1.162386023629278675e+01 2.195951348981482809e+00
1.161285570658562349e+01 2.194994105427999997e+00
1.160732998714984099e+01 2.194506769326370232e+00
1.159399225196350613e+01 2.193311915793464184e+00
1.159123180745558201e+01 2.193062189671257656e+00
1.157518651527903408e+01 2.191617610016145079e+00
1.157512879734139055e+01 2.191612420878590317e+00
1.155928523831481414e+01 2.190173030361032502e+00
1.155626534271927497e+01 2.189896070257114857e+00
1.154365137473424952e+01 2.188728450705919926e+00
1.153740188809715761e+01 2.188135955381919739e+00
1.152846657749780590e+01 2.187283871050807349e+00
1.151853843347504025e+01 2.186319568446782657e+00
1.151361238672237874e+01 2.185839291395694772e+00
1.149967497885292289e+01 2.184485735425598207e+00
1.149874113554236565e+01 2.184394711740582196e+00
1.148398503877554688e+01 2.182950132085469619e+00
1.148081152423080731e+01 2.182634844072645741e+00
1.146948720846735803e+01 2.181505552430357042e+00
1.146194806960869172e+01 2.180741967183105423e+00
1.145522138869564444e+01 2.180060972775244466e+00
1.144308461498657437e+01 2.178795377384814103e+00
1.144136476497327060e+01 2.178616393120132333e+00
1.142742937602098863e+01 2.177171813465019756e+00
1.142422116036445701e+01 2.176832657603415377e+00
1.141372955411116230e+01 2.175727233809907180e+00
1.140535770574233965e+01 2.174832915729377980e+00
1.140019969734741068e+01 2.174282654154794603e+00
1.138694765078433235e+01 2.172838074499682026e+00
1.138649425112022406e+01 2.172788312056954219e+00
1.137368206092929412e+01 2.171393494844569449e+00
1.136763079649810848e+01 2.170720214462468434e+00
1.136063658619797856e+01 2.169948915189456873e+00
1.134876734187598935e+01 2.168606150304406288e+00
1.134785974687959964e+01 2.168504335534344296e+00
1.133516727142586866e+01 2.167059755879231719e+00
1.132990388725387376e+01 2.166448874083983345e+00
1.132264243771938794e+01 2.165615176224119143e+00
1.131104043263175996e+01 2.164239247507510289e+00
1.131045305147444502e+01 2.164170596569006566e+00
1.129818751073017324e+01 2.162726016913893989e+00
1.129217697800964082e+01 2.161988580579220276e+00
1.128633359759862209e+01 2.161281437258781413e+00
1.127443685986356137e+01 2.159836857603668836e+00
1.127331352338752524e+01 2.159698691411780391e+00
1.126251422147351633e+01 2.158392277948556259e+00
1.125445006876540788e+01 2.157378455195526179e+00
1.125096131434091262e+01 2.156947698293443683e+00
1.123931761230042348e+01 2.155503118638331106e+00
1.123558661414329052e+01 2.155022960324603609e+00
1.122793079170854469e+01 2.154058538983218529e+00
1.121680922157942994e+01 2.152613959328105953e+00
1.121672315952117494e+01 2.152602755597987194e+00
1.120549830854170104e+01 2.151169379672993376e+00
1.119785970489905758e+01 2.150148671778867815e+00
1.119460903239396643e+01 2.149724800017880799e+00
1.118365903673920769e+01 2.148280220362768222e+00
1.117899625027694199e+01 2.147650766870563999e+00
1.117281979322942398e+01 2.146835640707656090e+00
1.116225470614447701e+01 2.145391061052543069e+00
1.116013279565482463e+01 2.145099905571130172e+00
1.115151677352602988e+01 2.143946481397430492e+00
1.114134187067994297e+01 2.142501901742317916e+00
1.114126934103270727e+01 2.142491570152809111e+00
1.113092448590251138e+01 2.141057322087205339e+00
1.112240588641059347e+01 2.139820718137159794e+00
1.112092953078134450e+01 2.139612742432092762e+00
1.111064639206512794e+01 2.138168162776980186e+00
1.110354243178847611e+01 2.137118012100167164e+00
1.110079790792507914e+01 2.136723583121867609e+00
1.109083018606922266e+01 2.135279003466755032e+00
1.108467897716635875e+01 2.134363096941703564e+00
1.108101540642629068e+01 2.133834423811642456e+00
1.107130805239238036e+01 2.132389844156529879e+00
1.106581552254424139e+01 2.131542002311542561e+00
1.106181696771046141e+01 2.130945264501417302e+00
1.105225528355056852e+01 2.129500684846304726e+00
1.104695206792212403e+01 2.128671855541052871e+00
1.104287841729148489e+01 2.128056105191192149e+00
1.103348445648041221e+01 2.126611525536079572e+00
1.102808861330000845e+01 2.125750794140836675e+00
1.102429687323387242e+01 2.125166945880966995e+00
1.101505558231938409e+01 2.123722366225854419e+00
1.100922515867789109e+01 2.122776136069077779e+00
1.100604223939151538e+01 2.122277786570741842e+00
1.099700749885636242e+01 2.120833206915629265e+00
1.099036170405577550e+01 2.119740555391180337e+00
1.098814088073114803e+01 2.119388627260516689e+00
1.097921265779034172e+01 2.117944047605404112e+00
1.097149824943365637e+01 2.116640301682309211e+00
1.097063264594268439e+01 2.116499467950291535e+00
1.096181321348662507e+01 2.115054888295178959e+00
1.095339721824760737e+01 2.113610308640066382e+00
1.095263479481154079e+01 2.113477225218143296e+00
1.094480392589878548e+01 2.112165728984953805e+00
1.093641051899497540e+01 2.110721149329841229e+00
1.093377134018942520e+01 2.110252103700020143e+00
1.092805713820067659e+01 2.109276569674728652e+00
1.091987598027749229e+01 2.107831990019616075e+00
1.091490788556730962e+01 2.106930492762908003e+00
1.091178411613057264e+01 2.106387410364503499e+00
1.090366329970427195e+01 2.104942830709390922e+00
1.089604443094519226e+01 2.103548941350297241e+00
1.089575516913089537e+01 2.103498251054278345e+00
1.088763479453707816e+01 2.102053671399166213e+00
1.087984289724386677e+01 2.100609091744053192e+00
1.087718097632307490e+01 2.100106233697457192e+00
1.087195169876815015e+01 2.099164512088940615e+00
1.086425176984544905e+01 2.097719932433828038e+00
1.085831752170095932e+01 2.096581791179485954e+00
1.085664456508748010e+01 2.096275352778715462e+00
1.084889337236100459e+01 2.094830773123602441e+00
1.084148115548431157e+01 2.093386193468490308e+00
1.083945406707884196e+01 2.092980633987720829e+00
1.083401239024119000e+01 2.091941613813378176e+00
1.082669724812341094e+01 2.090497034158265155e+00
1.082059061245672638e+01 2.089264868045325407e+00
1.081948348692309381e+01 2.089052454503152578e+00
1.081210286924736685e+01 2.087607874848040002e+00
1.080499870057653666e+01 2.086163295192927425e+00
1.080172715783460902e+01 2.085480427246701574e+00
1.079789006963960674e+01 2.084718715537814848e+00
1.079077169158291660e+01 2.083274135882702272e+00
1.078393451443768924e+01 2.081829556227589695e+00
1.078286370321249166e+01 2.081599776337370145e+00
1.077690132970111669e+01 2.080384976572477562e+00
1.077007228123443028e+01 2.078940396917364541e+00
1.076400024859037607e+01 2.077611033633854909e+00
1.076344492619959858e+01 2.077495817262251965e+00
1.075656092171866263e+01 2.076051237607138944e+00
1.074999791203081756e+01 2.074606657952026811e+00
1.074513679396825871e+01 2.073506682774184373e+00
1.074353015057259597e+01 2.073162078296914235e+00
1.073689644294788437e+01 2.071717498641801658e+00
1.073058312833137862e+01 2.070272918986689081e+00
1.072627333934614313e+01 2.069258211830754313e+00
1.072434181180521584e+01 2.068828339331576505e+00
1.071788260965265849e+01 2.067383759676463928e+00
1.071180290010713776e+01 2.065939180021351351e+00
1.070740988472402577e+01 2.064866158736122337e+00
1.070579872914957775e+01 2.064494600366238775e+00
1.069959473485564772e+01 2.063050020711126198e+00
1.069365745596173767e+01 2.061605441056013621e+00
1.068854643010190841e+01 2.060315856633876841e+00
1.068789552863289138e+01 2.060160861400901045e+00
1.068193678076844044e+01 2.058716281745788468e+00
1.067623957395854362e+01 2.057271702090675891e+00
1.067074627833588885e+01 2.055827122435563314e+00
1.066968297547979283e+01 2.055542887785130723e+00
1.066506831798573884e+01 2.054382542780450738e+00
1.065966088618004015e+01 2.052937963125338161e+00
1.065441043334763371e+01 2.051493383470225584e+00
1.065081952085767547e+01 2.050474457734581257e+00
1.064922552822767443e+01 2.050048803815113008e+00
1.064395603129458578e+01 2.048604224160000431e+00
1.063892031462573406e+01 2.047159644504887854e+00
1.063409750360299455e+01 2.045715064849775278e+00
1.063195606623555989e+01 2.045058175909481690e+00
1.062921948257091387e+01 2.044270485194662701e+00
1.062433175597036694e+01 2.042825905539550124e+00
1.061966828099977178e+01 2.041381325884437548e+00
1.061518270383881024e+01 2.039936746229324971e+00
1.061309261161344253e+01 2.039248080465911883e+00
1.061064685375095706e+01 2.038492166574212394e+00
1.060622251601216348e+01 2.037047586919099817e+00
1.060190915665227607e+01 2.035603007263987241e+00
1.059780049905295307e+01 2.034158427608875108e+00
1.059422915699132695e+01 2.032859511702550748e+00
1.059380069641284372e+01 2.032713847953762532e+00
1.058959476072447714e+01 2.031269268298649955e+00
1.058559234852779340e+01 2.029824688643537378e+00
1.058180216094819848e+01 2.028380108988424801e+00
1.057808610917751047e+01 2.026935529333312225e+00
1.057536570236920959e+01 2.025815843691196161e+00
1.057452114936617349e+01 2.025490949678199648e+00
1.057087295934845450e+01 2.024046370023087071e+00
1.056737150170982886e+01 2.022601790367974495e+00
1.056402624498581488e+01 2.021157210712861918e+00
1.056083530415237526e+01 2.019712631057749341e+00
1.055777059940024465e+01 2.018268051402636765e+00
1.055650224774709223e+01 2.017657302484007875e+00
1.055464497706572224e+01 2.016823471747524188e+00
1.055150150987867086e+01 2.015378892092411611e+00
1.054857315678977159e+01 2.013934312437299035e+00
1.054572612525303121e+01 2.012489732782186458e+00
1.054296151891366584e+01 2.011045153127073881e+00
1.054035281386360268e+01 2.009600573471961305e+00
1.053792798072750081e+01 2.008155993816848728e+00
1.053763879312497664e+01 2.007981409464101752e+00
1.053538150562387088e+01 2.006711414161736151e+00
1.053287778515988471e+01 2.005266834506623574e+00
1.053064876083645274e+01 2.003822254851510998e+00
1.052850396562835300e+01 2.002377675196398421e+00
1.052645953237418297e+01 2.000933095541285844e+00
1.052453824838664431e+01 1.999488515886173046e+00
1.052267830051766495e+01 1.998043936231060469e+00
1.052103568425606106e+01 1.996599356575947892e+00
1.051944150443402570e+01 1.995154776920835538e+00
1.051877533850285928e+01 1.994444085120115506e+00
1.051803594630678873e+01 1.993710197265722961e+00
1.051662552936492290e+01 1.992265617610610384e+00
1.051531459154126225e+01 1.990821037955497808e+00
1.051419681256277627e+01 1.989376458300385231e+00
1.051322192419571699e+01 1.987931878645272654e+00
1.051225652059255999e+01 1.986487298990160077e+00
1.051151275803950291e+01 1.985042719335047279e+00
1.051095978247177243e+01 1.983598139679934924e+00
1.051062707869244228e+01 1.982153560024822347e+00
1.051041142859997990e+01 1.980708980369709771e+00
1.051041677796107265e+01 1.979264400714597194e+00
1.051049668523728009e+01 1.977819821059484395e+00
1.051075543121453570e+01 1.976375241404372041e+00
1.051126722775836342e+01 1.974930661749259464e+00
1.051180504413682115e+01 1.973486082094146887e+00
1.051274912542051254e+01 1.972041502439034311e+00
1.051368144822561135e+01 1.970596922783921734e+00
1.051496378276323540e+01 1.969152343128809157e+00
1.051644331077129735e+01 1.967707763473696581e+00
1.051803026214177450e+01 1.966263183818584004e+00
1.051877533850285928e+01 1.965732451885818799e+00
1.052001487079821551e+01 1.964818604163471427e+00
1.052185322285456870e+01 1.963374024508358850e+00
1.052411718774105331e+01 1.961929444853246274e+00
1.052650197387296416e+01 1.960484865198133697e+00
1.052921750671306356e+01 1.959040285543021120e+00
1.053224296612326683e+01 1.957595705887908544e+00
1.053566425845672860e+01 1.956151126232795967e+00
1.053763879312497664e+01 1.955344877500926559e+00
1.053917245795340740e+01 1.954706546577683390e+00
1.054296429296648618e+01 1.953261966922570814e+00
1.054708905574366185e+01 1.951817387267458237e+00
1.055171947779874664e+01 1.950372807612345660e+00
1.055650224774709223e+01 1.948942508311119148e+00
1.055654953405342233e+01 1.948928227957233084e+00
1.056162617953658511e+01 1.947483648302120507e+00
1.056706762678769351e+01 1.946039068647007930e+00
1.057293723148641718e+01 1.944594488991895354e+00
1.057536570236921136e+01 1.944031478568056803e+00
1.057919068275629826e+01 1.943149909336782777e+00
1.058610211750853480e+01 1.941705329681670200e+00
1.059357028061625705e+01 1.940260750026557623e+00
1.059422915699132517e+01 1.940135226456568107e+00
1.060121355718220215e+01 1.938816170371445047e+00
1.060955318562974981e+01 1.937371590716332470e+00
1.061309261161344253e+01 1.936789420821395602e+00
1.061842999573972257e+01 1.935927011061219893e+00
1.062794669087839061e+01 1.934482431406107317e+00
1.063195606623555989e+01 1.933907360227160588e+00
1.063816747211850000e+01 1.933037851750994740e+00
1.064908051720794013e+01 1.931593272095881941e+00
1.065081952085767547e+01 1.931370096063357078e+00
1.066067071406358302e+01 1.930148692440769587e+00
1.066968297547979283e+01 1.929104042999898461e+00
1.067327397096197217e+01 1.928704112785657010e+00
1.068695691358700905e+01 1.927259533130544433e+00
1.068854643010190841e+01 1.927098432143629747e+00
1.070169917826661710e+01 1.925814953475432079e+00
1.070740988472402577e+01 1.925288700823051702e+00
1.071792966807112180e+01 1.924370373820319280e+00
1.072627333934614313e+01 1.923672235008252684e+00
1.073564947955035009e+01 1.922925794165206703e+00
1.074513679396825871e+01 1.922174324259382283e+00
1.075441035986734661e+01 1.921481214510094127e+00
1.076400024859037607e+01 1.920801486783671574e+00
1.077543455817993490e+01 1.920036634854981550e+00
1.078286370321249166e+01 1.919551014819043555e+00
1.079869381332036760e+01 1.918592055199868973e+00
1.080172715783460902e+01 1.918407514570229289e+00
1.082059061245672638e+01 1.917327324314765935e+00
1.082393885917176490e+01 1.917147475544756396e+00
1.083945406707884196e+01 1.916335350108903768e+00
1.085254884455361157e+01 1.915702895889643820e+00
1.085831752170095932e+01 1.915426695705900073e+00
1.087718097632307490e+01 1.914578682066291559e+00
1.088477945434448202e+01 1.914258316234531243e+00
1.089604443094519226e+01 1.913785077456365169e+00
1.091490788556730962e+01 1.913053552507520294e+00
1.092156931791204855e+01 1.912813736579418666e+00
1.093377134018942520e+01 1.912369380406269359e+00
1.095263479481154079e+01 1.911743201029968642e+00
1.096465682383899320e+01 1.911369156924306090e+00
1.097149824943365815e+01 1.911152980654269529e+00
1.099036170405577550e+01 1.910610613622272469e+00
1.100922515867789109e+01 1.910107241961751523e+00
1.101664682084365054e+01 1.909924577269193513e+00
1.102808861330000667e+01 1.909638584831237829e+00
1.104695206792212403e+01 1.909211811557646632e+00
1.106581552254424139e+01 1.908812002375775974e+00
1.108319883073074230e+01 1.908479997614080936e+00
1.108467897716635875e+01 1.908451563283813268e+00
1.110354243178847433e+01 1.908116386347406435e+00
1.112240588641059169e+01 1.907813195479161283e+00
1.114126934103270727e+01 1.907534619030676559e+00
1.116013279565482463e+01 1.907289355351736937e+00
1.117899625027694199e+01 1.907066120174419233e+00
1.118191167824675780e+01 1.907035417958968360e+00
1.119785970489905758e+01 1.906864273568839030e+00
