1.000000000000000021e-02 1.587995886440152910e-02 1.612998707405931265e-02 9.424173782343970629e+00 9.424431768456454250e+00
1.080267558528428054e-02 1.793203781185707252e-02 1.821721934865615927e-02 1.018197990869162695e+01 1.018230049527285885e+01
1.160535117056856261e-02 2.005957599069331521e-02 2.038601985515309245e-02 1.093994017295637278e+01 1.094033023151321515e+01
1.240802675585284294e-02 2.225670815467171645e-02 2.263153971137024309e-02 1.169804877190779457e+01 1.169851548580367329e+01
1.321070234113712327e-02 2.451827755617377175e-02 2.494962839974652208e-02 1.245630029464792266e+01 1.245685118671096170e+01
1.401337792642140534e-02 2.683978974719961746e-02 2.733678151115429000e-02 1.321468969243569802e+01 1.321533264810721064e+01
1.481605351170568567e-02 2.921736306191247481e-02 2.979008667903451299e-02 1.397321225263725175e+01 1.397395553933012557e+01
1.561872909698996600e-02 3.164767822220479476e-02 3.230716979621138518e-02 1.473186357558441273e+01 1.473271585880182144e+01
1.642140468227424807e-02 3.412792869132595663e-02 3.488614287298062722e-02 1.549063955360254496e+01 1.549160991028188761e+01
1.722408026755852667e-02 3.665577282577908713e-02 3.752555439414802241e-02 1.624953635174478350e+01 1.625063428121376674e+01
1.802675585284280874e-02 3.922928849077791241e-02 4.022434268618232250e-02 1.700855038993809387e+01 1.700978582281929619e+01
1.882943143812709080e-02 4.184693052423337639e-02 4.298179256440731039e-02 1.776767832635951905e+01 1.776906163168787955e+01
1.963210702341137287e-02 4.450749124312896460e-02 4.579749537100333973e-02 1.852691704189509636e+01 1.852845903269905392e+01
2.043478260869565147e-02 4.721006406297356683e-02 4.867131239112994223e-02 1.928626362560165575e+01 1.928797556314048478e+01
2.123745819397993007e-02 4.995401019335188320e-02 5.160334156770775282e-02 2.004571536108889518e+01 2.004760895792193054e+01
2.204013377926421213e-02 5.273892832947432718e-02 5.459388737848874795e-02 2.080526971376879786e+01 2.080735713580510193e+01
2.284280936454849420e-02 5.556462720152031964e-02 5.764343371381451531e-02 2.156492431892138129e+01 2.156721818657609546e+01
2.364548494983277627e-02 5.843110083123452536e-02 6.075261956458427592e-02 2.232467697052742750e+01 2.232719035909941141e+01
2.444816053511705833e-02 6.133850632824910942e-02 6.392221733350944568e-02 2.308452561083748122e+01 2.308727205019584972e+01
2.525083612040133693e-02 6.428714404098696822e-02 6.715311356985841085e-02 2.384446832062036137e+01 2.384746179429816593e+01
2.605351170568561553e-02 6.727743989266020408e-02 7.044629194366951175e-02 2.460450331007374913e+01 2.460775825382956228e+01
2.685618729096989760e-02 7.030992973291970427e-02 7.380281825180347310e-02 2.536462891034828360e+01 2.536816021026195145e+01
2.765886287625417966e-02 7.338524551537733975e-02 7.722382730970264730e-02 2.612484356564994314e+01 2.612866655581755637e+01
2.846153846153846173e-02 7.650410316384104181e-02 8.071051151915473176e-02 2.688514582589608892e+01 2.688927628576045237e+01
2.926421404682274380e-02 7.966729195999334989e-02 8.426411099313659003e-02 2.764553433988615794e+01 2.764998849125510461e+01
3.006688963210701893e-02 8.287566531158127581e-02 8.788590504538992820e-02 2.840600784895267594e+01 2.841080235274372967e+01
3.086956521739130099e-02 8.613013276558874332e-02 9.157720494770497932e-02 2.916656518107167173e+01 2.917171713381761222e+01
3.167224080267558306e-02 8.943165314513157327e-02 9.533934778930036602e-02 2.992720524540028393e+01 2.993273217553729282e+01
3.247491638795986513e-02 9.278122868687595226e-02 9.917369134553476184e-02 3.068792702720951837e+01 3.069384689118781750e+01
3.327759197324414719e-02 9.617990008053910189e-02 1.030816098277052700e-01 3.144872958319283285e+01 3.145506076142087792e+01
3.408026755852842926e-02 9.962874230248917884e-02 1.070644904283831883e-01 3.220961203711878795e+01 3.221637332977985579e+01
3.488294314381270439e-02 1.031288611616926476e-01 1.111237305568291978e-01 3.297057357581449821e+01 3.297778419855440291e+01
3.568561872909698646e-02 1.066813904681872399e-01 1.152607356936828503e-01 3.373161344544875107e+01 3.373929302496197380e+01
3.648829431438126852e-02 1.102874897595807618e-01 1.194769177738704974e-01 3.449273094809434070e+01 3.450089951762802087e+01
3.729096989966555059e-02 1.139483424947893564e-01 1.237736940459565060e-01 3.525392543855311800e+01 3.526260343333594705e+01
3.809364548494983266e-02 1.176651546867594766e-01 1.281524863253239721e-01 3.601519632142720440e+01 3.602440457403732665e+01
3.889632107023411473e-02 1.214391538889505046e-01 1.326147206004388568e-01 3.677654304841800581e+01 3.678630278408836318e+01
3.969899665551838985e-02 1.252715884843374761e-01 1.371618269418789782e-01 3.753796511581555961e+01 3.754829794772853546e+01
4.050167224080267192e-02 1.291637272650022761e-01 1.417952396455434971e-01 3.829946206220847671e+01 3.831038998673352580e+01
4.130434782608695399e-02 1.331168592108120385e-01 1.465163976021151282e-01 3.906103346636128038e+01 3.907257885826540189e+01
4.210702341137123605e-02 1.371322934819998174e-01 1.513267448229321521e-01 3.982267894524160567e+01 3.983486455291483708e+01
4.290969899665551812e-02 1.412113595461399473e-01 1.562277311220247045e-01 4.058439815223398739e+01 4.059724709286599875e+01
4.371237458193980019e-02 1.453554074491221759e-01 1.612208128821566722e-01 4.134619077546017252e+01 4.135972653024275303e+01
4.451505016722408226e-02 1.495658081641689785e-01 1.663074539430965393e-01 4.210805653625504164e+01 4.212230294556835730e+01
4.531772575250835738e-02 1.538439540406980055e-01 1.714891265099063311e-01 4.286999518774658213e+01 4.288497644635968697e+01
4.612040133779263945e-02 1.581912592940770135e-01 1.767673121286955085e-01 4.363200651355909088e+01 4.364774716583167447e+01
4.692307692307692152e-02 1.626091605376071003e-01 1.821435026737098783e-01 4.439409032660098120e+01 4.441061526171217366e+01
4.772575250836120359e-02 1.670991173379841876e-01 1.876192013495339983e-01 4.515624646796820230e+01 4.517358091514532248e+01
4.852842809364548565e-02 1.716626127789896983e-01 1.931959236729263729e-01 4.591847480590750763e+01 4.593664432969202949e+01
4.933110367892976772e-02 1.763011540134519772e-01 1.988751984618910007e-01 4.668077523488673819e+01 4.669980573040091087e+01
5.013377926421404285e-02 1.810162728242790675e-01 2.046585687565685152e-01 4.744314767470088867e+01 4.746306536297395695e+01
5.093645484949832491e-02 1.857041539540688346e-01 2.106529649369936752e-01 4.820559206968977151e+01 4.822642349296742736e+01
5.173913043478260698e-02 1.903213564425406124e-01 2.169049847278866627e-01 4.896810838796560006e+01 4.898988040509264863e+01
5.254180602006688905e-02 1.950001349994406330e-01 2.232855731191094040e-01 4.973069662073795172e+01 4.975343640253918664e+01
5.334448160535117112e-02 1.997414377865255608e-01 2.297970257562856056e-01 5.049335678166439578e+01 5.051709180637059404e+01
5.414715719063545318e-02 2.045462277543782792e-01 2.364416686819956481e-01 5.125608890625932901e+01 5.128084695495636680e+01
5.494983277591972831e-02 2.094154826166884642e-01 2.432218593382898808e-01 5.201889305131376773e+01 5.204470220347400300e+01
5.575250836120401038e-02 2.143501947023097320e-01 2.501399875732624456e-01 5.278176929441451648e+01 5.280865792338985898e+01
5.655518394648829245e-02 2.193513708691632869e-01 2.571984764663833301e-01 5.354471773342914531e+01 5.357271450203972307e+01
5.735785953177257451e-02 2.244200323557496435e-01 2.643997831085290739e-01 5.430773848606764176e+01 5.433687234220506213e+01
5.816053511705685658e-02 2.295572145979257461e-01 2.717463992848607179e-01 5.507083168945795393e+01 5.510113186171872002e+01
5.896321070234113865e-02 2.347639670412394741e-01 2.792408520638199887e-01 5.583399749973695947e+01 5.586549349311662382e+01
5.976588628762541378e-02 2.400413528292804632e-01 2.868857043738682333e-01 5.659723609166981362e+01 5.662995768329967916e+01
6.056856187290969584e-02 2.453904486396949192e-01 2.946835553215866321e-01 5.736054765830417779e+01 5.739452489320920137e+01
6.137123745819397791e-02 2.508123443160452104e-01 3.026370406142407377e-01 5.812393241062991223e+01 5.815919559752988022e+01
6.217391304347825998e-02 2.563081425972890681e-01 3.107488327579194243e-01 5.888739057725138792e+01 5.892397028440763762e+01
6.297658862876254204e-02 2.618789587209762182e-01 3.190216412743669405e-01 5.965092240407603441e+01 5.968884945519531726e+01
6.377926421404681023e-02 2.675259201337242820e-01 3.274582127363871442e-01 6.041452815403144427e+01 6.045383362418535000e+01
6.458193979933109230e-02 2.732501659968229468e-01 3.360613308564560642e-01 6.117820810675841869e+01 6.121892331838783718e+01
6.538461538461537437e-02 2.790528468982801380e-01 3.448338163333368733e-01 6.194196255838536302e+01 6.198411907725675718e+01
6.618729096989965643e-02 2.849351243179531479e-01 3.537785268012286211e-01 6.270579182119980999e+01 6.274942145253622527e+01
6.698996655518393850e-02 2.908981702535806679e-01 3.628983565676892065e-01 6.346969622345547890e+01 6.351483100797801029e+01
6.779264214046822057e-02 2.969431666994575281e-01 3.721962364079340890e-01 6.423367610907577330e+01 6.428034831918914449e+01
6.859531772575250264e-02 3.030713052180862288e-01 3.816751331744526743e-01 6.499773183743317873e+01 6.504597397340680232e+01
6.939799331103678470e-02 3.092837864434236916e-01 3.913380494280851440e-01 6.576186378312175407e+01 6.581170856929480806e+01
7.020066889632106677e-02 3.155818195530989967e-01 4.011880230113594181e-01 6.652607233571066558e+01 6.657755271677311271e+01
7.100334448160534884e-02 3.219666217585374079e-01 4.112281265472781389e-01 6.729035789950991386e+01 6.734350703683556105e+01
7.180602006688963090e-02 3.284394178211234583e-01 4.214614668643478779e-01 6.805472089335201247e+01 6.810957216135788883e+01
7.260869565217389909e-02 3.350014394671545492e-01 4.318911844524491173e-01 6.881916175040214512e+01 6.887574873289128163e+01
7.341137123745818116e-02 3.416539249163346170e-01 4.425204527673579635e-01 6.958368091786746845e+01 6.964203740456034097e+01
7.421404682274246323e-02 3.483981182877728400e-01 4.533524776088715957e-01 7.034827885687333549e+01 7.040843883979120221e+01
7.501672240802674529e-02 3.552352691010311481e-01 4.643904963688375021e-01 7.111295604214868149e+01 7.117495371223634493e+01
7.581939799331102736e-02 3.621666316985293066e-01 4.756377773094841444e-01 7.187771296191932890e+01 7.194158270550526879e+01
7.662207357859530943e-02 3.691934646972107048e-01 4.870976187953358627e-01 7.264255011759895808e+01 7.270832651308539596e+01
7.742474916387959150e-02 3.763170305111163683e-01 4.987733484226636871e-01 7.340746802362022549e+01 7.347518583813314308e+01
7.822742474916387356e-02 3.835385946748009478e-01 5.106683223006238670e-01 7.417246720727277420e+01 7.424216139325827157e+01
7.903010033444815563e-02 3.908594254418980007e-01 5.227859240821877140e-01 7.493754820838618969e+01 7.500925390046175778e+01
7.983277591973243770e-02 3.982807931465326967e-01 5.351295641804321157e-01 7.570271157924175043e+01 7.577646409085407697e+01
8.063545150501670589e-02 4.058039697104428578e-01 5.477026788132942636e-01 7.646795788426133811e+01 7.654379270458586859e+01
8.143812709030098795e-02 4.134302280930485241e-01 5.605087291508242808e-01 7.723328769988115994e+01 7.731124049059967263e+01
8.224080267558527002e-02 4.211608417791706804e-01 5.735512003437828188e-01 7.799870161429151949e+01 7.807880820652749776e+01
8.304347826086955209e-02 4.289970842645627336e-01 5.868336006317411702e-01 7.876420022723713998e+01 7.884649661850416180e+01
8.384615384615383415e-02 4.369402284712868290e-01 6.003594604241584420e-01 7.952978414986225175e+01 7.961430650095718420e+01
8.464882943143811622e-02 4.449915463096945634e-01 6.141323313227118330e-01 8.029545400445493897e+01 8.038223863648914858e+01
8.545150501672239829e-02 4.531523082256524448e-01 6.281557851086011501e-01 8.106121042422866196e+01 8.115029381572914247e+01
8.625418060200668036e-02 4.614237825581563035e-01 6.424334129569372331e-01 8.182705405317827285e+01 8.191847283709944350e+01
8.705685618729096242e-02 4.698072352000032259e-01 6.569688243121508675e-01 8.259298554583584462e+01 8.268677650669322077e+01
8.785953177257524449e-02 4.783039290285460154e-01 6.717656460421035369e-01 8.335900556704906705e+01 8.345520563811744807e+01
8.866220735785952656e-02 4.869151234808171691e-01 6.868275214702178610e-01 8.412511479182570895e+01 8.422376105229885468e+01
8.946488294314379475e-02 4.956420740949410986e-01 7.021581093792040873e-01 8.489131390511643360e+01 8.499244357731770094e+01
9.026755852842807681e-02 5.044860321078283860e-01 7.177610830828982103e-01 8.565760360156907893e+01 8.576125404828330545e+01
9.107023411371235888e-02 5.134482438753109612e-01 7.336401295787049470e-01 8.642398458540289141e+01 8.653019330710243651e+01
9.187290969899664095e-02 5.225299506528651161e-01 7.497989484559968165e-01 8.719045757013259390e+01 8.729926220239249801e+01
9.267558528428092302e-02 5.317323879837344558e-01 7.662412511319930397e-01 8.795702327843471835e+01 8.806846158923136159e+01
9.347826086956520508e-02 5.410567854536129095e-01 7.829707598065854812e-01 8.872368244187565267e+01 8.883779232908663914e+01
9.428093645484948715e-02 5.505043661679936973e-01 7.999912066740669792e-01 8.949043580081179527e+01 8.960725528954505137e+01
9.508361204013376922e-02 5.600763464628824018e-01 8.173063329526299992e-01 9.025728410407386093e+01 9.037685134427123046e+01
9.588628762541805128e-02 5.697739355115756243e-01 8.349198879859203171e-01 9.102422810888265303e+01 9.114658137272377303e+01
9.668896321070233335e-02 5.795983349130716666e-01 8.528356284807673271e-01 9.179126858057975369e+01 9.191644626007604302e+01
9.749163879598661542e-02 5.895507384274170093e-01 8.710573175080855712e-01 9.255840629241862416e+01 9.268644689706957251e+01
9.829431438127089748e-02 5.996323315227181094e-01 8.895887238015398601e-01 9.332564202548950050e+01 9.345658417973292842e+01
9.909698996655516567e-02 6.098442912089152568e-01 9.084336207646426242e-01 9.409297656838010937e+01 9.422685900936657788e+01
9.989966555183944774e-02 6.201877855273870699e-01 9.275957858539197742e-01 9.486041071709357198e+01 9.499727229228875558e+01
1.007023411371237298e-01 6.306639734564201127e-01 9.470789995268968919e-01 9.562794527477687723e+01 9.576782493974231159e+01
1.015050167224080119e-01 6.412740043911772103e-01 9.668870447136365120e-01 9.639558105158316437e+01 9.653851786769955368e+01
1.023076923076922939e-01 6.520190180257146029e-01 9.870237058814239628e-01 9.716331886450601019e+01 9.730935199668800806e+01
1.031103678929765760e-01 6.629001440073302165e-01 1.007492768308580589e+00 9.793115953711431132e+01 9.808032825171046909e+01
1.039130434782608581e-01 6.739185017515807452e-01 1.028298017293539868e+00 9.869910389948579166e+01 9.885144756197060190e+01
1.047157190635451401e-01 6.850752000174337164e-01 1.049443237585688582e+00 9.946715278788762760e+01 9.962271086087760352e+01
1.055183946488294222e-01 6.963713368502100209e-01 1.070932212481638057e+00 1.002353070447147303e+02 1.003941190857479882e+02
1.063210702341137043e-01 7.078079992317485303e-01 1.092768723245163054e+00 1.010035675181962489e+02 1.011656731778009402e+02
1.071237458193979863e-01 7.193862628982183871e-01 1.114956548380346746e+00 1.017719350623661825e+02 1.019373740818451921e+02
1.079264214046822684e-01 7.311071920624884202e-01 1.137499463023366353e+00 1.025404105367672685e+02 1.027092227462545679e+02
1.087290969899665366e-01 7.429718393957731593e-01 1.160401238109657562e+00 1.033089948063011292e+02 1.034812201228164525e+02
1.095317725752508187e-01 7.549812455514193221e-01 1.183665639993287888e+00 1.040776887411183367e+02 1.042533671664874504e+02
1.103344481605351007e-01 7.671364391734497579e-01 1.207296429634534318e+00 1.048464932163288950e+02 1.050256648354205709e+02
1.111371237458193828e-01 7.794384366579932832e-01 1.231297362076733570e+00 1.056154091119792895e+02 1.057981140906451003e+02
1.119397993311036649e-01 7.918882419800526984e-01 1.255672185779842520e+00 1.063844373128069094e+02 1.065707158960161962e+02
1.127424749163879469e-01 8.044868465446884942e-01 1.280424642107362843e+00 1.071535787080129580e+02 1.073434712181474424e+02
1.135451505016722290e-01 8.172352289714774898e-01 1.305558464756283232e+00 1.079228341912630498e+02 1.081163810260975282e+02
1.143478260869565111e-01 8.301343550538866634e-01 1.331077379105179981e+00 1.086922046604064036e+02 1.088894462913706178e+02
1.151505016722407931e-01 8.431851775358136791e-01 1.356985101791954751e+00 1.094616910172544806e+02 1.096626679878407060e+02
1.159531772575250752e-01 8.563886358948047395e-01 1.383285340198171287e+00 1.102312941676972997e+02 1.104360470913395176e+02
1.167558528428093573e-01 8.697456564562593417e-01 1.409981791747560331e+00 1.110010150211923303e+02 1.112095845798966138e+02
1.175585284280936255e-01 8.832571520905911910e-01 1.437078143557251497e+00 1.117708544909021100e+02 1.119832814333128397e+02
1.183612040133779075e-01 8.969240220528211793e-01 1.464578071984086183e+00 1.125408134933572342e+02 1.127571386332277541e+02
1.191638795986621896e-01 9.107471520014014388e-01 1.492485242023114278e+00 1.133108929484351819e+02 1.135311571628462985e+02
1.199665551839464717e-01 9.247274138926819820e-01 1.520803306846468805e+00 1.140810937790585058e+02 1.143053380070013532e+02
1.207692307692307537e-01 9.388656657864395960e-01 1.549535907397017631e+00 1.148514169113016976e+02 1.150796821517583055e+02
1.215719063545150358e-01 9.531627518605236826e-01 1.578686671892446158e+00 1.156218632739787040e+02 1.158541905845704036e+02
1.223745819397993179e-01 9.676195021537310481e-01 1.608259215484884486e+00 1.163924337986326663e+02 1.166288642940231597e+02
1.231772575250835999e-01 9.822367327907111090e-01 1.638257139568714216e+00 1.171631294194653350e+02 1.174037042696639759e+02
1.239799331103678820e-01 9.969560431374082654e-01 1.668539422073215484e+00 1.179339543358420599e+02 1.181787110935910050e+02
1.247826086956521641e-01 1.011702848308422498e+00 1.698922776033286786e+00 1.187049126089576276e+02 1.189538840171242811e+02
1.255852842809364600e-01 1.026541122423196617e+00 1.729562130764408012e+00 1.194760005609976474e+02 1.197292231242144283e+02
1.263879598662207282e-01 1.041489922736222429e+00 1.760504002767587561e+00 1.202472174706816759e+02 1.205047287544230983e+02
1.271906354515049964e-01 1.056559620071904515e+00 1.791774121845019607e+00 1.210185632531775610e+02 1.212804013708726671e+02
1.279933110367892923e-01 1.071757226458716517e+00 1.823390262262501782e+00 1.217900380979008332e+02 1.220562415168777193e+02
1.287959866220735605e-01 1.087070769865748243e+00 1.855383366542556089e+00 1.225616291555039936e+02 1.228322629883267325e+02
1.295986622073578565e-01 1.102454181856510340e+00 1.887815008916885473e+00 1.233332982720207838e+02 1.236085050321753442e+02
1.304013377926421247e-01 1.117940666946485972e+00 1.920665227484469995e+00 1.241050685045980657e+02 1.243849457927254463e+02
1.312040133779264206e-01 1.133542659105738482e+00 1.953933254843639888e+00 1.248769475101885433e+02 1.251615788990523157e+02
1.320066889632106888e-01 1.149267312846790290e+00 1.987622452319174560e+00 1.256489392438147945e+02 1.259384017506679925e+02
1.328093645484949847e-01 1.165119784952232340e+00 2.021737307384476434e+00 1.264210463877154922e+02 1.267154130769132649e+02
1.336120401337792529e-01 1.181104166228990948e+00 2.056282693473937329e+00 1.271932710104006361e+02 1.274926122694152042e+02
1.344147157190635489e-01 1.197223880084101744e+00 2.091263607748210518e+00 1.279656148334978951e+02 1.282699991087015974e+02
1.352173913043478171e-01 1.213481890305937672e+00 2.126685063245053353e+00 1.287380793632651148e+02 1.290475736275740246e+02
1.360200668896321130e-01 1.229880823976651216e+00 2.162552041556619287e+00 1.295106659632151889e+02 1.298253360342863232e+02
1.368227424749163812e-01 1.246423049324962617e+00 2.198869471655481078e+00 1.302832007383741484e+02 1.306034618249338450e+02
1.376254180602006771e-01 1.263110729463897464e+00 2.235642221632419879e+00 1.310552927358941702e+02 1.313823435799303638e+02
1.384280936454849453e-01 1.279945859785581952e+00 2.272875096704022546e+00 1.318274787743646357e+02 1.321614461323106866e+02
1.392307692307692413e-01 1.296930296126095117e+00 2.310572839557202052e+00 1.325997589749653400e+02 1.329407710344947020e+02
1.400334448160535095e-01 1.314065775446286999e+00 2.348740132721376384e+00 1.333721334055659042e+02 1.337203199123358388e+02
1.408361204013377777e-01 1.331353932280992414e+00 2.387381601146039145e+00 1.341446020918682791e+02 1.345000944524587396e+02
1.416387959866220736e-01 1.348796311632283640e+00 2.426501814910592802e+00 1.349171650253428538e+02 1.352800963928365263e+02
1.424414715719063418e-01 1.366394379094470146e+00 2.466105292063585530e+00 1.356898221697281883e+02 1.360603275150817240e+02
1.432441471571906377e-01 1.384149529393817080e+00 2.506196501059985593e+00 1.364625734650278446e+02 1.368407896392874363e+02
1.440468227424749059e-01 1.402063092965487145e+00 2.546779863306451119e+00 1.372354188313623240e+02 1.376214846191568313e+02
1.448494983277592019e-01 1.420136341973359917e+00 2.587859754918536481e+00 1.380083581713324463e+02 1.384024143386796197e+02
1.456521739130434701e-01 1.438370494878119743e+00 2.629440508745002347e+00 1.387813913722120276e+02 1.391835807090870105e+02
1.464548494983277660e-01 1.456766720647015401e+00 2.671526415815592248e+00 1.395545183076591798e+02 1.399649856663323817e+02
1.472575250836120342e-01 1.475326141972865379e+00 2.714121726844380689e+00 1.403277388388458178e+02 1.407466311692300280e+02
1.480602006688963301e-01 1.494049838412782272e+00 2.757230653304842072e+00 1.411010528155319719e+02 1.415285191976564931e+02
1.488628762541805983e-01 1.512938848852191986e+00 2.800857368368069089e+00 1.418744600768745840e+02 1.423106517511395737e+02
1.496655518394648943e-01 1.531994173633935308e+00 2.845006007894779199e+00 1.426479604522120610e+02 1.430930308474105175e+02
1.504682274247491625e-01 1.551216776603101533e+00 2.889680670891976444e+00 1.434215537615959022e+02 1.438756585213295409e+02
1.512709030100334306e-01 1.570607586583125714e+00 2.934885420321984739e+00 1.441952398159385211e+02 1.446585368241695733e+02
1.520735785953177266e-01 1.590167499024877529e+00 2.980624283279766473e+00 1.449690184177223671e+02 1.454416678224019108e+02
1.528762541806019948e-01 1.609897377111838779e+00 3.026901251491141309e+00 1.457428893612075740e+02 1.462250535969757834e+02
1.536789297658862907e-01 1.629798053044904993e+00 3.073720281437370527e+00 1.465168524328286992e+02 1.470086962424456658e+02
1.544816053511705589e-01 1.649870328900703953e+00 3.121085294589700077e+00 1.472909074107122080e+02 1.477925978670152460e+02
1.552842809364548549e-01 1.670114977552230373e+00 3.169000177388125117e+00 1.480650540659651995e+02 1.485767605907795144e+02
1.560869565217391230e-01 1.690532743514089331e+00 3.217468781278212120e+00 1.488392921619235665e+02 1.493611865460847241e+02
1.568896321070234190e-01 1.711124343573446449e+00 3.266494922642614984e+00 1.496136214547852603e+02 1.501458778764516921e+02
1.576923076923076872e-01 1.731890467451720816e+00 3.316082382573645404e+00 1.503880416933593267e+02 1.509308367364652383e+02
1.584949832775919831e-01 1.752831778233267190e+00 3.366234906917516145e+00 1.511625526193616906e+02 1.517160652910641261e+02
1.592976588628762513e-01 1.773948913034164132e+00 3.416956205805666169e+00 1.519371539675883582e+02 1.525015657150010497e+02
1.601003344481605195e-01 1.795242483324657634e+00 3.468249953524430218e+00 1.527118454657921234e+02 1.532873401926120209e+02
1.609030100334448155e-01 1.816713075303546976e+00 3.520119788181303999e+00 1.534866268349266818e+02 1.540733909172077176e+02
1.617056856187290836e-01 1.838361250346465026e+00 3.572569311256998503e+00 1.542614977890360990e+02 1.548597200908360776e+02
1.625083612040133796e-01 1.860187545224550654e+00 3.625602087397535200e+00 1.550364580353383985e+02 1.556463299238560580e+02
1.633110367892976478e-01 1.882192472402650862e+00 3.679221643864279301e+00 1.558115072744067504e+02 1.564332226344395451e+02
1.641137123745819437e-01 1.904376520343118440e+00 3.733431470112011485e+00 1.565866452001149298e+02 1.572204004482814810e+02
1.649163879598662119e-01 1.926740153643422548e+00 3.788235017399561588e+00 1.573618714997340930e+02 1.580078655981866405e+02
1.657190635451505079e-01 1.949283813251722730e+00 3.843635698271687051e+00 1.581371858537821140e+02 1.587956203239153865e+02
1.665217391304347760e-01 1.972007916732199329e+00 3.899636885810982001e+00 1.589125879366345657e+02 1.595836668712598794e+02
1.673244147157190720e-01 1.994912858310656789e+00 3.956241913644203301e+00 1.596880774156082055e+02 1.603720074926318091e+02
1.681270903010033402e-01 2.017999009033105029e+00 4.013454074825545170e+00 1.604636539518006941e+02 1.611606444459669376e+02
1.689297658862876084e-01 2.041266716927836011e+00 4.071276621588843625e+00 1.612393172001240487e+02 1.619495799943563270e+02
1.697324414715719043e-01 2.064716307146405860e+00 4.129712764656859214e+00 1.620150668086198209e+02 1.627388164064609839e+02
1.705351170568561725e-01 2.088348081868734774e+00 4.188765672639024551e+00 1.627909024195261338e+02 1.635283559551260453e+02
1.713377926421404684e-01 2.112162320676353122e+00 4.248438471605558320e+00 1.635668236682909367e+02 1.643182009181483920e+02
1.721404682274247366e-01 2.136159280350415912e+00 4.308734244193709984e+00 1.643428301843298414e+02 1.651083535771491029e+02
1.729431438127090326e-01 2.160339195212139352e+00 4.369656028998960551e+00 1.651189215907811558e+02 1.658988162175971866e+02
1.737458193979933008e-01 2.184702276863487391e+00 4.431206820244978140e+00 1.658950975046496694e+02 1.666895911283670841e+02
1.745484949832775967e-01 2.209248714537932035e+00 4.493389566719688588e+00 1.666713575367136286e+02 1.674806806015760117e+02
1.753511705685618649e-01 2.233978674895602090e+00 4.556207171450966875e+00 1.674477012917189143e+02 1.682720869320970394e+02
1.761538461538461608e-01 2.258892302318508349e+00 4.619662490748217998e+00 1.682241283683999882e+02 1.690638124172800758e+02
1.769565217391304290e-01 2.283989718590169637e+00 4.683758333896831161e+00 1.690006383593461692e+02 1.698558593568063770e+02
1.777591973244147250e-01 2.309271023343868023e+00 4.748497461999146019e+00 1.697772308513209509e+02 1.706482300521313391e+02
1.785618729096989932e-01 2.334736293766566106e+00 4.813882587737308150e+00 1.705539054252174935e+02 1.714409268062413787e+02
1.793645484949832614e-01 2.360385584765256173e+00 4.879916374396742640e+00 1.713306616557641746e+02 1.722339519236826391e+02
1.801672240802675573e-01 2.386218928930586181e+00 4.946601435300588712e+00 1.721074991124943097e+02 1.730273077093549716e+02
1.809698996655518255e-01 2.412236336563382100e+00 5.013940333151552409e+00 1.728844173585497686e+02 1.738209964694404164e+02
1.817725752508361214e-01 2.438437795725509005e+00 5.081935579186044549e+00 1.736614159515483493e+02 1.746150205102745758e+02
1.825752508361203896e-01 2.464823272221380535e+00 5.150589632621922043e+00 1.744384944438504874e+02 1.754093821378256450e+02
1.833779264214046856e-01 2.491392709615555923e+00 5.219904899854459046e+00 1.752156523816454978e+02 1.762040836583696546e+02
1.841806020066889538e-01 2.518146029264160202e+00 5.289883733840248681e+00 1.759928893060748862e+02 1.769991273771092608e+02
1.849832775919732497e-01 2.545083130291737827e+00 5.360528433316851249e+00 1.767702047525031048e+02 1.777945155986226951e+02
1.857859531772575179e-01 2.572203889572489910e+00 5.431841242261782554e+00 1.775475982510572805e+02 1.785902506261507767e+02
1.865886287625418138e-01 2.599508161951820995e+00 5.503824348887949469e+00 1.783250693264005520e+02 1.793863347614651218e+02
1.873913043478260820e-01 2.626995779912859597e+00 5.576479885346430798e+00 1.791026174979132293e+02 1.801827703045806857e+02
1.881939799331103502e-01 2.654666553923109795e+00 5.649809926730394061e+00 1.798802422799298313e+02 1.809795595531323613e+02
1.889966555183946462e-01 2.682520272200638267e+00 5.723816490513301325e+00 1.806579431813323708e+02 1.817767048026586849e+02
1.897993311036789144e-01 2.710556700971165967e+00 5.798501535806733997e+00 1.814357197061239617e+02 1.825742083457028002e+02
1.906020066889632103e-01 2.738775584203374081e+00 5.873866962783782952e+00 1.822135713532729540e+02 1.833720724717779547e+02
1.914046822742474785e-01 2.767176643930567614e+00 5.949914611912418216e+00 1.829914976167693794e+02 1.841702994670462772e+02
1.922073578595317744e-01 2.795759580020275248e+00 6.026646263285387661e+00 1.837694979855736506e+02 1.849688916141551545e+02
1.930100334448160426e-01 2.824524070417953947e+00 6.104063635966253898e+00 1.845475719439754982e+02 1.857678511915986803e+02
1.938127090301003386e-01 2.853469770972562713e+00 6.182168387406280274e+00 1.853257189716879623e+02 1.865671804734673458e+02
1.946153846153846068e-01 2.882596315642092399e+00 6.260962112706232041e+00 1.861039385433108180e+02 1.873668817296596387e+02
1.954180602006689027e-01 2.911903316432271183e+00 6.340446343980453037e+00 1.868822301292246948e+02 1.881669572248299005e+02
1.962207357859531709e-01 2.941390363468510571e+00 6.420622549732414086e+00 1.876605931952167055e+02 1.889674092184883705e+02
1.970234113712374391e-01 2.971057025014955055e+00 6.501492134317876648e+00 1.884390272023965167e+02 1.897682399648758178e+02
1.978260869565217350e-01 3.000902847561768283e+00 6.583056437197884136e+00 1.892175316079636787e+02 1.905694517119800366e+02
1.986287625418060032e-01 3.030927355904528220e+00 6.665316732305227809e+00 1.899961058642889498e+02 1.913710467021642785e+02
1.994314381270902992e-01 3.061130053033383813e+00 6.748274227647048207e+00 1.907747494200181961e+02 1.921730271709529063e+02
2.002341137123745674e-01 3.091510420429934847e+00 6.831930064497274024e+00 1.915534617193734164e+02 1.929753953473862396e+02
2.010367892976588633e-01 3.122067917924153058e+00 6.916285316972957453e+00 1.923322422027691800e+02 1.937781534532758201e+02
2.018394648829431315e-01 3.152801983953980702e+00 7.001340991312368978e+00 1.931110903065123523e+02 1.945813037032140471e+02
2.026421404682274274e-01 3.183712035429874021e+00 7.087098025556530345e+00 1.938900054629565091e+02 1.953848483042666828e+02
2.034448160535116956e-01 3.214797467965186062e+00 7.173557288746559735e+00 1.946689871008163095e+02 1.961887894553870524e+02
2.042474916387959916e-01 3.246057655922026886e+00 7.260719580561689313e+00 1.954480346451400123e+02 1.969931293472524203e+02
2.050501672240802598e-01 3.277491952439171463e+00 7.348585630771943933e+00 1.962271475172082944e+02 1.977978701621578068e+02
2.058528428093645557e-01 3.309099689688070445e+00 7.437156098617183630e+00 1.970063251348760787e+02 1.986030140734517886e+02
2.066555183946488239e-01 3.340880178774450648e+00 7.526431572488637478e+00 1.977855669128644536e+02 1.994085632450351682e+02
2.074581939799330921e-01 3.372832709874207247e+00 7.616412569441243896e+00 1.985648722616810744e+02 2.002145198322539557e+02
2.082608695652173880e-01 3.404956552529551317e+00 7.707099534555018394e+00 1.993442405896505534e+02 2.010208859795915828e+02
2.090635451505016562e-01 3.437250955564195021e+00 7.798492840616541244e+00 2.001236713010772235e+02 2.018276638224074020e+02
2.098662207357859522e-01 3.469715147173406677e+00 7.890592787835174704e+00 2.009031637980438916e+02 2.026348554848659376e+02
2.106688963210702203e-01 3.502348335297435167e+00 7.983399603064388117e+00 2.016827174789870867e+02 2.034424630811629129e+02
2.114715719063545163e-01 3.535149707494897431e+00 8.076913439755486479e+00 2.024623317393282775e+02 2.042504887147245825e+02
2.122742474916387845e-01 3.568118431248308742e+00 8.171134377312741393e+00 2.032420059724446730e+02 2.050589344770233140e+02
2.130769230769230804e-01 3.601253653954693768e+00 8.266062420992966508e+00 2.040217395686429995e+02 2.058678024483990043e+02
2.138795986622073486e-01 3.634554503234684653e+00 8.361697501285501488e+00 2.048015319155609859e+02 2.066770946974942262e+02
2.146822742474916446e-01 3.668020086966392146e+00 8.458039473761225224e+00 2.055813823984740054e+02 2.074868132807401651e+02
2.154849498327759127e-01 3.701649493474182151e+00 8.555088118788212626e+00 2.063612904002561947e+02 2.082969602421956949e+02
2.162876254180601809e-01 3.735441791749254392e+00 8.652843140998298210e+00 2.071412553016602942e+02 2.091075376131131520e+02
2.170903010033444769e-01 3.769396031617934018e+00 8.751304169240905040e+00 2.079212764807487872e+02 2.099185474122909625e+02
2.178929765886287451e-01 3.803511243685781640e+00 8.850470756431858987e+00 2.087013533141563357e+02 2.107299916446453381e+02
2.186956521739130410e-01 3.837786440004698374e+00 8.950342378797476073e+00 2.094814851761236980e+02 2.115418723020107166e+02
2.194983277591973092e-01 3.872220613704783876e+00 9.050918436330327665e+00 2.102616714390815673e+02 2.123541913623596997e+02
2.203010033444816052e-01 3.906812739569999859e+00 9.152198252131055867e+00 2.110419114738899680e+02 2.131669507894179674e+02
2.211036789297658733e-01 3.941561774227744230e+00 9.254181072256390195e+00 2.118222046493519883e+02 2.139801525329300489e+02
2.219063545150501693e-01 3.976466656048023296e+00 9.356866065897586182e+00 2.126025503331468371e+02 2.147937985275986534e+02
2.227090301003344375e-01 4.011526305686865079e+00 9.460252324862903350e+00 2.133829478910944601e+02 2.156078906936411670e+02
2.235117056856187334e-01 4.046739626202887408e+00 9.564338863606998586e+00 2.141633966879823276e+02 2.164224309358366156e+02
2.243143812709030016e-01 4.082105503170952332e+00 9.669124619207957849e+00 2.149438960871442532e+02 2.172374211436936093e+02
2.251170568561872698e-01 4.117622805034194755e+00 9.774608451207999593e+00 2.157244454509674938e+02 2.180528631909144224e+02
2.259197324414715657e-01 4.153290383345309422e+00 9.880789141525644581e+00 2.165050441405252855e+02 2.188687589354783540e+02
2.267224080267558339e-01 4.189107072937906295e+00 9.987665394519920525e+00 2.172856915160267022e+02 2.196851102191351970e+02
2.275250836120401299e-01 4.225071692213595576e+00 1.009523583689987802e+01 2.180663869372631609e+02 2.205019188667693868e+02
2.283277591973243981e-01 4.261183043348663269e+00 1.020349901775157875e+01 2.188471297627833962e+02 2.213191866870719480e+02
2.291304347826086940e-01 4.297439912704064113e+00 1.031245340868334104e+01 2.196279193507493517e+02 2.221369154715901288e+02
2.299331103678929622e-01 4.333841070826787600e+00 1.042209740372834048e+01 2.204087550588336342e+02 2.229551069946188875e+02
2.307357859531772581e-01 4.370385273014120386e+00 1.053242931937381677e+01 2.211896362443701491e+02 2.237737630129696527e+02
2.315384615384615263e-01 4.407071259379151229e+00 1.064344739483997415e+01 2.219705622642661638e+02 2.245928852659275776e+02
2.323411371237458223e-01 4.443897755183758846e+00 1.075514979213673250e+01 2.227515324753994435e+02 2.254124754746596579e+02
2.331438127090300905e-01 4.480863471231749884e+00 1.086753459609641048e+01 2.235325462344275991e+02 2.262325353423419472e+02
2.339464882943143864e-01 4.517967103845020205e+00 1.098059981482881042e+01 2.243136028981436709e+02 2.270530665536716413e+02
2.347491638795986546e-01 4.555207335730765195e+00 1.109434337938871273e+01 2.250947018236048791e+02 2.278740707746014493e+02
2.355518394648829228e-01 4.592582835701700894e+00 1.120876314449438738e+01 2.258758423680495184e+02 2.286955496522992348e+02
2.363545150501672187e-01 4.630092259242050368e+00 1.132385688858137129e+01 2.266570238889607083e+02 2.295175048149910424e+02
2.371571906354514869e-01 4.667734248897563276e+00 1.143962231390143813e+01 2.274382457444029058e+02 2.303399378715128876e+02
2.379598662207357829e-01 4.705507434358903396e+00 1.155605704707644321e+01 2.282195072929434332e+02 2.311628504112541123e+02
2.387625418060200511e-01 4.743410433012723360e+00 1.167315863913514917e+01 2.290008078940918210e+02 2.319862440036584132e+02
2.395652173913043470e-01 4.781441850078556932e+00 1.179092456605440375e+01 2.297821469079301835e+02 2.328101201984524380e+02
2.403678929765886152e-01 4.819600279196540882e+00 1.190935222879308064e+01 2.305635236954695699e+02 2.336344805252328172e+02
2.411705685618729111e-01 4.857884302380750974e+00 1.202843895409042929e+01 2.313449376188096949e+02 2.344593264931630188e+02
2.419732441471571793e-01 4.896292490766491312e+00 1.214818199438365554e+01 2.321263880412644482e+02 2.352846595907860490e+02
2.427759197324414753e-01 4.934823404572906469e+00 1.226857852863387777e+01 2.329078743270720508e+02 2.361104812862783717e+02
2.435785953177257435e-01 4.973475593803900807e+00 1.238962566241239927e+01 2.336893958420688762e+02 2.369367930265992470e+02
2.443812709030100117e-01 5.012247598316854180e+00 1.251132042853192061e+01 2.344709519534706317e+02 2.377635962376727718e+02
2.451839464882943076e-01 5.051137948274911693e+00 1.263365978755650509e+01 2.352525420302664259e+02 2.385908923239595367e+02
2.459866220735785758e-01 5.090145164651104892e+00 1.275664062804732524e+01 2.360341654424948956e+02 2.394186826690479961e+02
2.467892976588628717e-01 5.129267759294521056e+00 1.288025976739208645e+01 2.368158215625390142e+02 2.402469686343107753e+02
2.475919732441471399e-01 5.168504235521515611e+00 1.300451395209948835e+01 2.375975097645847995e+02 2.410757515594165170e+02
2.483946488294314359e-01 5.207853088448183954e+00 1.312939985843085289e+01 2.383792294243883703e+02 2.419050327624384522e+02
2.491973244147157041e-01 5.247312805240614608e+00 1.325491409301207213e+01 2.391609799200679447e+02 2.427348135390809887e+02
2.500000000000000000e-01 5.286881865626211763e+00 1.338105319336287558e+01 2.399427606319457880e+02 2.435650951627164034e+02
