6.250000000000000000e-02 1.512707672856773190e-02 1.540924505282127190e-02 9.424219255799947348e+00 9.424271613701165506e+00
6.751672240802675251e-02 1.725704410744948250e-02 1.752101810895985087e-02 1.018198707397078095e+01 1.018205381505338636e+01
7.253344481605351890e-02 1.946029609002074279e-02 1.970623167246662866e-02 1.093991506370952393e+01 1.093999820960457470e+01
7.755016722408027141e-02 2.172203492709489508e-02 2.195367593283858304e-02 1.169799664473796064e+01 1.169809834753924882e+01
8.256688963210702392e-02 2.402971531803445651e-02 2.425403749115154564e-02 1.245622529940746226e+01 1.245634784982251908e+01
8.758361204013377643e-02 2.637306571705199873e-02 2.659982706881297218e-02 1.321459468710343188e+01 1.321474052208901995e+01
9.260033444816052894e-02 2.874401530769280302e-02 2.898525509699126021e-02 1.397309872868646430e+01 1.397327043856073381e+01
9.761705685618728146e-02 3.113655789484497116e-02 3.140607687054930430e-02 1.473173166588248328e+01 1.473193200092019772e+01
1.026337792642140478e-01 3.354657593344726602e-02 3.385942254917739119e-02 1.549048810018354416e+01 1.549071997671143208e+01
1.076505016722407865e-01 3.597164187263349883e-02 3.634362267150632181e-02 1.624936301528861904e+01 1.624962952130251281e+01
1.126672240802675529e-01 3.841080943551548887e-02 3.885803650882863058e-02 1.700835178653655078e+01 1.700865618686722769e+01
1.176839464882943193e-01 4.086440399482113572e-02 4.140288815563566982e-02 1.776745018023995470e+01 1.776779592129059182e+01
1.227006688963210718e-01 4.333381857420699756e-02 4.397911348865574110e-02 1.852665434532672251e+01 1.852704505941171576e+01
1.277173913043478104e-01 4.582132001554289902e-02 4.658821985284911094e-02 1.928596079927697460e+01 1.928640030858549537e+01
1.327341137123745629e-01 4.832986832287712586e-02 4.923215940055485074e-02 2.004536640996588659e+01 2.004585873017563813e+01
1.377508361204013154e-01 5.086295105627679225e-02 5.191321636117705862e-02 2.080486837471890738e+01 2.080541771828350761e+01
1.427675585284280957e-01 5.342443377176090552e-02 5.463390804563642705e-02 2.156446419762471578e+01 2.156507497675642782e+01
1.477842809364548482e-01 5.601842686615701727e-02 5.739689907631094490e-02 2.232415166593602152e+01 2.232482849530557445e+01
1.528010033444816007e-01 5.864916869663090726e-02 6.020492811827386770e-02 2.308392882621039632e+01 2.308467652538107018e+01
1.578177257525083532e-01 6.132092450417562374e-02 6.306074625344421092e-02 2.384379396069354229e+01 2.384461755631150126e+01
1.628344481605351057e-01 6.403790042283796780e-02 6.596706607171080872e-02 2.460374556433401949e+01 2.460465029208857857e+01
1.678511705685618582e-01 6.680417168862833044e-02 6.892652051396146173e-02 2.536378232271478339e+01 2.536477362908478028e+01
1.728678929765886108e-01 6.962362405097524687e-02 7.194163050859445074e-02 2.612390309110343978e+01 2.612498663490685757e+01
1.778846153846153910e-01 7.249990733756421502e-02 7.501478045736602318e-02 2.688410687477177063e+01 2.688528852852853035e+01
1.829013377926421435e-01 7.543640008846641543e-02 7.814820067872971232e-02 2.764439281066619003e+01 2.764567866178907707e+01
1.879180602006688683e-01 7.843618418305303708e-02 8.134395593939852676e-02 2.840476015047957858e+01 2.840615650230507683e+01
1.929347826086956208e-01 8.150202840827952544e-02 8.460393929174758743e-02 2.916520824514431709e+01 2.916672161781432138e+01
1.979515050167224011e-01 8.463637993626500766e-02 8.792987045632870424e-02 2.992573653072589224e+01 2.992737366192792337e+01
2.029682274247491536e-01 8.784136275258468129e-02 9.132329808189311449e-02 3.068634451569774413e+01 3.068811236127672615e+01
2.079849498327759061e-01 9.111878209771621939e-02 9.478560524406857979e-02 3.144703176954107349e+01 3.144893750398762577e+01
2.130016722408026864e-01 9.447013407774867977e-02 9.831801762590949845e-02 3.220779791261612957e+01 3.220984892944463240e+01
2.180183946488294111e-01 9.789661962800004502e-02 1.019216138614736783e-01 3.296864260724326101e+01 3.297084651926108023e+01
2.230351170568561636e-01 1.013991620960513901e-01 1.055973375873027059e-01 3.372956554991734635e+01 3.373193018939517884e+01
2.280518394648829161e-01 1.049784277599257742e-01 1.093460107872908926e-01 3.449056646458205222e+01 3.449309988333315147e+01
2.330685618729096964e-01 1.086348486745410680e-01 1.131683480760879712e-01 3.525164509689172831e+01 3.525435556626397471e+01
2.380852842809364489e-01 1.123686472638583816e-01 1.170649715926546791e-01 3.601280120938179152e+01 3.601569722016861874e+01
2.431020066889632014e-01 1.161798621768519724e-01 1.210364262335164309e-01 3.677403457747604421e+01 3.677712483974747215e+01
2.481187290969899262e-01 1.200683749328270156e-01 1.250831949743592131e-01 3.753534498624600246e+01 3.753863842911762561e+01
2.531354515050167064e-01 1.240339369777648804e-01 1.292057140840652263e-01 3.829673222787282327e+01 3.830023799919992200e+01
2.581521739130434590e-01 1.280761967708398397e-01 1.334043880384150338e-01 3.905819609972286344e+01 3.906192356573039604e+01
2.631688963210702115e-01 1.321947266137609711e-01 1.376796039992736476e-01 3.981973640297609052e+01 3.982369514783961506e+01
2.681856187290969640e-01 1.363890489326011479e-01 1.420317457229548219e-01 4.058135294175995966e+01 4.058555276711838644e+01
2.732023411371237720e-01 1.406586618060529648e-01 1.464612068064544692e-01 4.134304552270849342e+01 4.134749644713406269e+01
2.782190635451505245e-01 1.450030635070979068e-01 1.509684031805862414e-01 4.210481395490810996e+01 4.210952621332124579e+01
2.832357859531772215e-01 1.494217759393627887e-01 1.555537847992266576e-01 4.286665805017448605e+01 4.287164209321469599e+01
2.882525083612039740e-01 1.539143667847414076e-01 1.602178464654359646e-01 4.362857762361181102e+01 4.363384411696139153e+01
2.932692307692307265e-01 1.584346338605358007e-01 1.650069742092246106e-01 4.439057249440761410e+01 4.439613231807785354e+01
2.982859531772575346e-01 1.629810647517990208e-01 1.699230140166538838e-01 4.515264248683435255e+01 4.515850673440615992e+01
3.033026755852842871e-01 1.675980179721865415e-01 1.749221165870197270e-01 4.591478743140530128e+01 4.592096740923769005e+01
3.083193979933110396e-01 1.722857938195121730e-01 1.800046899337698070e-01 4.667700716616587897e+01 4.668351439256088042e+01
3.133361204013377366e-01 1.770448050883942359e-01 1.851712496292079735e-01 4.743930153807387029e+01 4.744614774241865263e+01
3.183528428093645446e-01 1.818429552491309387e-01 1.904550590895046913e-01 4.820167040445854667e+01 4.820886752631960093e+01
3.233695652173912971e-01 1.866574714620734543e-01 1.958803125866112049e-01 4.896411363451737486e+01 4.897167382271813096e+01
3.283862876254180496e-01 1.915374663199848060e-01 2.013995871027096096e-01 4.972663111083910792e+01 4.973456672249609767e+01
3.334030100334448021e-01 1.964835548269310284e-01 2.070142366051441196e-01 5.048922273093067048e+01 5.049754633046480734e+01
3.384197324414715546e-01 2.014964911397356395e-01 2.127257642669817816e-01 5.125188840872175433e+01 5.126061276683797985e+01
3.434364548494983072e-01 2.065771717437409616e-01 2.185358260731578017e-01 5.201462807604108463e+01 5.202376616869744197e+01
3.484531772575250597e-01 2.117266375373701437e-01 2.244462333878302074e-01 5.277744168405926928e+01 5.278700669138387980e+01
3.534698996655518122e-01 2.169460749605815753e-01 2.304589544871637197e-01 5.354032920465758139e+01 5.355033450986086052e+01
3.584866220735785647e-01 2.222368161580212387e-01 2.365761151386810701e-01 5.430329063174238513e+01 5.431374981999671547e+01
3.635033444816053727e-01 2.276003382577559409e-01 2.427999982795205902e-01 5.506632598248838661e+01 5.507725283978094666e+01
3.685200668896321252e-01 2.330382618136754846e-01 2.491330428308717315e-01 5.582943529848500930e+01 5.584084381045529710e+01
3.735367892976588222e-01 2.385523484443350384e-01 2.555778417535540248e-01 5.659261864681085541e+01 5.660452299756693861e+01
3.785535117056855747e-01 2.441444978162342627e-01 2.621371393046801335e-01 5.735587612101158328e+01 5.736829069191777108e+01
3.835702341137123272e-01 2.498167438809335006e-01 2.688138276621356293e-01 5.811920784198449041e+01 5.813214721042859878e+01
3.885869565217391353e-01 2.555712505764317632e-01 2.756109428988661736e-01 5.888261395876390480e+01 5.889609289690564964e+01
3.936036789297658878e-01 2.614103069242434962e-01 2.825316604072590776e-01 5.964609464920820869e+01 5.966012812271334553e+01
3.986204013377925293e-01 2.673363216764296224e-01 2.895792897681898070e-01 6.040965012059346151e+01 6.042425328733867929e+01
4.036371237458193373e-01 2.733518174733522432e-01 2.967572692271309709e-01 6.117328061009413886e+01 6.118846881886922517e+01
4.086538461538460898e-01 2.794594246677731819e-01 3.040691596697553400e-01 6.193698638519943955e+01 6.195277517435690839e+01
4.136705685618728423e-01 2.856618747558860583e-01 3.115186383347662846e-01 6.270076774397987407e+01 6.271717284011642590e+01
4.186872909698995948e-01 2.919619935620565432e-01 3.191094921400817741e-01 6.346462501531603095e+01 6.348166233188690910e+01
4.237040133779263473e-01 2.983626941515955533e-01 3.268456108127036908e-01 6.422855855899311450e+01 6.424624419494759309e+01
4.287207357859531554e-01 3.048669695727352358e-01 3.347309797416777033e-01 6.499256876572644614e+01 6.501091900410924040e+01
4.337374581939799079e-01 3.114778854295312538e-01 3.427696726934925664e-01 6.575665605709961881e+01 6.577568736362898960e+01
4.387541806020066604e-01 3.181985723519120124e-01 3.509658444129238331e-01 6.652082088541519056e+01 6.654054990705824935e+01
4.437709030100334129e-01 3.250322183720439906e-01 3.593237230924761771e-01 6.728506373345749125e+01 6.730550729699405110e+01
4.487876254180601654e-01 3.319820612988562125e-01 3.678476027987174213e-01 6.804938511419673830e+01 6.807056022476250234e+01
4.538043478260868624e-01 3.390513810721420551e-01 3.765418359266347048e-01 6.881378557042489774e+01 6.883570941001786991e+01
4.588210702341136149e-01 3.462434921490769035e-01 3.854108255805595018e-01 6.957826567428001852e+01 6.960095560030977424e+01
4.638377926421403674e-01 3.535617359504241164e-01 3.944590180874507079e-01 7.034282602678177909e+01 7.036629957053204976e+01
4.688545150501671754e-01 3.610094734126091387e-01 4.036908955256059972e-01 7.110746725722006545e+01 7.113174212237552752e+01
4.738712374581939279e-01 3.685900776375417021e-01 4.131109683893212647e-01 7.187219002258157730e+01 7.189728408366295298e+01
4.788879598662206805e-01 3.763069266859044304e-01 4.227237683646202782e-01 7.263699500682974985e+01 7.266292630769115135e+01
4.839046822742474330e-01 3.841633965785696825e-01 4.325338412402093269e-01 7.340188292020845040e+01 7.342866967249192101e+01
4.889214046822741855e-01 3.921628543788179266e-01 4.425457400341474834e-01 7.416685449849470047e+01 7.419451508003709250e+01
4.939381270903009380e-01 4.003086516088310010e-01 4.527640182434596872e-01 7.493191050215472160e+01 7.496046345546920975e+01
4.989548494983277460e-01 4.086041177783526490e-01 4.631932233686898992e-01 7.569705171555591505e+01 7.572651574621178838e+01
5.039715719063544430e-01 4.170525542046564227e-01 4.738378906004220847e-01 7.646227894605827657e+01 7.649267292113235328e+01
5.089882943143811955e-01 4.256572280464884783e-01 4.847025367781900296e-01 7.722759302315044749e+01 7.725893596960533216e+01
5.140050167224079480e-01 4.344213666383766603e-01 4.957916545848985446e-01 7.799299479751459785e+01 7.802530590061761018e+01
5.190217391304347005e-01 4.433481520558129607e-01 5.071097069986683081e-01 7.875848514009270218e+01 7.879178374181695688e+01
5.240384615384614531e-01 4.524407159432157766e-01 5.186611220228697361e-01 7.952406494114794100e+01 7.955837053852980034e+01
5.290551839464882056e-01 4.617021346842367646e-01 5.304502876706111980e-01 8.028973510928844348e+01 8.032506735281910437e+01
5.340719063545149581e-01 4.711354248526681832e-01 5.424815472175833486e-01 8.105549657047889411e+01 8.109187526250455846e+01
5.390886287625417106e-01 4.807435388584903602e-01 5.547591948149968033e-01 8.182135026708847647e+01 8.185879536015418978e+01
5.441053511705684631e-01 4.905293610340841770e-01 5.672874712789262031e-01 8.258729715688927797e+01 8.262582875211408862e+01
5.491220735785952156e-01 5.004957039221207271e-01 5.800705602835010133e-01 8.335333821206627647e+01 8.339297655752658045e+01
5.541387959866220791e-01 5.106453048805499328e-01 5.931125847590681399e-01 8.411947441825086003e+01 8.416023990733037863e+01
5.591555183946487206e-01 5.209808230308635713e-01 6.064176036335172659e-01 8.488570677353916949e+01 8.492761994328441233e+01
5.641722408026754731e-01 5.315048364645912349e-01 6.199896088302830899e-01 8.565203628750666098e+01 8.569511781701586983e+01
5.691889632107022257e-01 5.422198397035075113e-01 6.338325226257769396e-01 8.641846398027878706e+01 8.646273468903278570e+01
5.742056856187289782e-01 5.531282415788936202e-01 6.479501951717774322e-01 8.718499088153957643e+01 8.723047172779727987e+01
5.792224080267557307e-01 5.642323632574239856e-01 6.623464024588456844e-01 8.795161802964486242e+01 8.799833010877682682e+01
5.842391304347824832e-01 5.755344366510821708e-01 6.770248443923416737e-01 8.871834647065448110e+01 8.876631101354827535e+01
5.892558528428092357e-01 5.870366030521817491e-01 6.919891433134041092e-01 8.948517725747920792e+01 8.953441562886207805e+01
5.942725752508360992e-01 5.987409120600084567e-01 7.072428426341217378e-01 9.025211144894755932e+01 9.030264514581320157e+01
5.992892976588628517e-01 6.106493208016138263e-01 7.227894058389546794e-01 9.101915010898844116e+01 9.107100075893063718e+01
6.043060200668896043e-01 6.227636933243052564e-01 7.386322157181182124e-01 9.178629430576067705e+01 9.183948366537701702e+01
6.093227424749163568e-01 6.350858003668766738e-01 7.547745738189963749e-01 9.255354511082785507e+01 9.260809506414344128e+01
6.143394648829431093e-01 6.476173192247254295e-01 7.712197001902172389e-01 9.332090359840958627e+01 9.337683615520430180e+01
6.193561872909697508e-01 6.603598340334807526e-01 7.879707333006554792e-01 9.408837084456111199e+01 9.414570813882947675e+01
6.243729096989965033e-01 6.733148360531074905e-01 8.050307302597069503e-01 9.485594792646404017e+01 9.491471221479500286e+01
6.293896321070232558e-01 6.864837244087014234e-01 8.224026671319244475e-01 9.562363592167828585e+01 9.568384958170734933e+01
6.344063545150500083e-01 6.998678068206082292e-01 8.400894396432888600e-01 9.639143590747849544e+01 9.645312143631079493e+01
6.394230769230768718e-01 7.134683006827293728e-01 8.580938638877759761e-01 9.715934896019135181e+01 9.722252897281751416e+01
6.444397993311036243e-01 7.272863342748749904e-01 8.764186773538902298e-01 9.792737615453644651e+01 9.799207338232604059e+01
6.494565217391303769e-01 7.413229481772241058e-01 8.950665400543276196e-01 9.869551856306686943e+01 9.876175585217025343e+01
6.544732441471571294e-01 7.555790967479341091e-01 9.140400359161997557e-01 9.946377725553672633e+01 9.953157756542545087e+01
6.594899665551838819e-01 7.700556499257132925e-01 9.333416741930181670e-01 1.002321532983943229e+02 1.003015397002997560e+02
6.645066889632106344e-01 7.847533950568581496e-01 9.529738911646818966e-01 1.010006477542288224e+02 1.010716434297062847e+02
6.695234113712373869e-01 7.996730388853827698e-01 9.729390518639824403e-01 1.017692616813301498e+02 1.018418899207002966e+02
6.745401337792641394e-01 8.148152096708419778e-01 9.932394520233341906e-01 1.025379961331832277e+02 1.026122803340939953e+02
6.795568561872908919e-01 8.301804595102194595e-01 1.013877320012613437e+00 1.033068521580438954e+02 1.033828158240345800e+02
6.845735785953176444e-01 8.457692665507962060e-01 1.034854819064994880e+00 1.040758307985633309e+02 1.041534975375719370e+02
6.895903010033443969e-01 8.615820375146608923e-01 1.056174049413960647e+00 1.048449330913532407e+02 1.049243266143681836e+02
6.946070234113711495e-01 8.776191102042874004e-01 1.077837050642535432e+00 1.056141600667123299e+02 1.056953041862955871e+02
6.996237458193979020e-01 8.938807560844114208e-01 1.099845804021161833e+00 1.063835127482589797e+02 1.064664313771623512e+02
7.046404682274246545e-01 9.103671829628841028e-01 1.122202234995951953e+00 1.071529921526153402e+02 1.072377093024712309e+02
7.096571906354514070e-01 9.270785376786349063e-01 1.144908215692654885e+00 1.079225992892141051e+02 1.080091390690943740e+02
7.146739130434781595e-01 9.440149088903888597e-01 1.167965567402623472e+00 1.086923351599979384e+02 1.087807217751027480e+02
7.196906354515049120e-01 9.611763298296184255e-01 1.191376063218775538e+00 1.094622007591797939e+02 1.095524585095995604e+02
7.247073578595316645e-01 9.785627811150857669e-01 1.215141430689254953e+00 1.102321970731685639e+02 1.103243503524168858e+02
7.297240802675584170e-01 9.961741936439298950e-01 1.239263354313231202e+00 1.110023250802465640e+02 1.110963983741369958e+02
7.347408026755851695e-01 1.014010451386875733e+00 1.263743478287919553e+00 1.117725857505472362e+02 1.118686036358258917e+02
7.397575250836119221e-01 1.032071394169896461e+00 1.288583409129290036e+00 1.125429800458518343e+02 1.126409671890195057e+02
7.447742474916386746e-01 1.050356820602545760e+00 1.313784718293928400e+00 1.133135089195599505e+02 1.134134900755901469e+02
7.497909698996654271e-01 1.068866490825795434e+00 1.339348944738477876e+00 1.140841733165119507e+02 1.141861733277429067e+02
7.548076923076921796e-01 1.087600129291657947e+00 1.365277597575860646e+00 1.148549741730646616e+02 1.149590179678733222e+02
7.598244147157189321e-01 1.106557427532212756e+00 1.391572158584928776e+00 1.156259124169196326e+02 1.157320250086623474e+02
7.648411371237456846e-01 1.125738046805535131e+00 1.418234084794263605e+00 1.163969889671654983e+02 1.165051954530188993e+02
7.698578595317724371e-01 1.145141620851426012e+00 1.445264810790281018e+00 1.171682047342939939e+02 1.172785302940582994e+02
7.748745819397993007e-01 1.164786179532095733e+00 1.472647330171624080e+00 1.179395606201027249e+02 1.180520305152521132e+02
7.798913043478260532e-01 1.184695461512998316e+00 1.500358887678517883e+00 1.187110575178936358e+02 1.188256970903148897e+02
7.849080267558528057e-01 1.204850133570217530e+00 1.528419764639446843e+00 1.194826963123612842e+02 1.195995309833827918e+02
7.899247491638795582e-01 1.225244490879954906e+00 1.556836583330722945e+00 1.202544778796890768e+02 1.203735331490988614e+02
7.949414715719061997e-01 1.245875406698255361e+00 1.585613361680551225e+00 1.210264030877042103e+02 1.211477045325713675e+02
7.999581939799330632e-01 1.266740723002252267e+00 1.614753126938403671e+00 1.217984727958489799e+02 1.219220460696068216e+02
8.049749163879597047e-01 1.287830767873736626e+00 1.644266402357290158e+00 1.225706817177321852e+02 1.226965648243580063e+02
8.099916387959865682e-01 1.308916195064225851e+00 1.673963728025802178e+00 1.233430181577911782e+02 1.234712796553039738e+02
8.150083612040132097e-01 1.330024901486606570e+00 1.703849346718322000e+00 1.241154914361741675e+02 1.242461794712641421e+02
8.200250836120400733e-01 1.351231295130694399e+00 1.733995479563705366e+00 1.248881026669546372e+02 1.250212608277641380e+02
8.250418060200668258e-01 1.372559429513164897e+00 1.764425953760690113e+00 1.256608528783932712e+02 1.257965223715609540e+02
8.300585284280936893e-01 1.394022604949424426e+00 1.795154810903979659e+00 1.264337428944729282e+02 1.265719634866371308e+02
8.350752508361203308e-01 1.415629430895045893e+00 1.826191875138960530e+00 1.272067734340590874e+02 1.273475839292957659e+02
8.400919732441471943e-01 1.437385978201133119e+00 1.857544696432815057e+00 1.279799451570273447e+02 1.281233836766614615e+02
8.451086956521738358e-01 1.459296769765153989e+00 1.889219438774415227e+00 1.287532586877659639e+02 1.288993628499212889e+02
8.501254180602006993e-01 1.481365309393457563e+00 1.921221353053072400e+00 1.295267146279924759e+02 1.296755216705754492e+02
8.551421404682273408e-01 1.503594393018616859e+00 1.953555055612859359e+00 1.303003135643786550e+02 1.304518604332295695e+02
8.601588628762542044e-01 1.525986305370818252e+00 1.986224704359655258e+00 1.310738314140513978e+02 1.312286041469235727e+02
8.651755852842808459e-01 1.548542950691438547e+00 2.019234116566900106e+00 1.318473535291149688e+02 1.320056684212857476e+02
8.701923076923077094e-01 1.571265943720137503e+00 2.052586850598528745e+00 1.326210035103340203e+02 1.327829306461007661e+02
8.752090301003344619e-01 1.594156674701608489e+00 2.086286264994920092e+00 1.333947813731184340e+02 1.335603918202291709e+02
8.802257525083611034e-01 1.617216357357914802e+00 2.120335561863190055e+00 1.341686871179192906e+02 1.343380529773008050e+02
8.852424749163879669e-01 1.640446065378385665e+00 2.154737820035920404e+00 1.349427207324422682e+02 1.351159151804995702e+02
8.902591973244146084e-01 1.663846759512597417e+00 2.189496019798171655e+00 1.357168821935235030e+02 1.358939795183023591e+02
8.952759197324414719e-01 1.687419309525547417e+00 2.224613062828618482e+00 1.364911714680813475e+02 1.366722471015806377e+02
9.002926421404681134e-01 1.711164510819034090e+00 2.260091787570937427e+00 1.372655885142418128e+02 1.374507190609691065e+02
9.053093645484949770e-01 1.735083097992409229e+00 2.295934981302226063e+00 1.380401332818992728e+02 1.382293965450457449e+02
9.103260869565216185e-01 1.759175755362754501e+00 2.332145389866765672e+00 1.388148057132978579e+02 1.390082807186860805e+02
9.153428093645484820e-01 1.783443125565283616e+00 2.368725725300456553e+00 1.395896057435229238e+02 1.397873727617621569e+02
9.203595317725752345e-01 1.807885816175909488e+00 2.405678671918505707e+00 1.403645333007426927e+02 1.405666738681511845e+02
9.253762541806020980e-01 1.832504405170101602e+00 2.443006891006777259e+00 1.411395883065171972e+02 1.413461852448351408e+02
9.303929765886287395e-01 1.857299445139753313e+00 2.480713024501432162e+00 1.419147706760064125e+02 1.421259081111941214e+02
9.354096989966556031e-01 1.882271466449430886e+00 2.518799697748959954e+00 1.426900803182108746e+02 1.429058436983017657e+02
9.404264214046822445e-01 1.907420979786273341e+00 2.557269521415122870e+00 1.434655171361190469e+02 1.436859932484137516e+02
9.454431438127088860e-01 1.932748477762720629e+00 2.596125092872879403e+00 1.442410810266711962e+02 1.444663580146207380e+02
9.504598662207357496e-01 1.958254436237311769e+00 2.635368996890620430e+00 1.450167718810473616e+02 1.452469392602976086e+02
9.554765886287625021e-01 1.983939314816925759e+00 2.675003805908784393e+00 1.457925895846965716e+02 1.460277382587676414e+02
9.604933110367892546e-01 2.009803557162747722e+00 2.715032079832983669e+00 1.465685340174653390e+02 1.468087562928899672e+02
9.655100334448160071e-01 2.035847590722043687e+00 2.755456365500703164e+00 1.473446050533212599e+02 1.475899946551115534e+02
9.705267558528428706e-01 2.062071826246963280e+00 2.796279195777147120e+00 1.481208025609142283e+02 1.483714546466086404e+02
9.755434782608695121e-01 2.088476656922473307e+00 2.837503088290119546e+00 1.488971264031888779e+02 1.491531375774954711e+02
9.805602006688963757e-01 2.115062457296577492e+00 2.879130544045517937e+00 1.496735764376060729e+02 1.499350447662701526e+02
9.855769230769230171e-01 2.141829581905400737e+00 2.921164045604919490e+00 1.504501525159865309e+02 1.507171775397729903e+02
9.905936454849498807e-01 2.168778363634206841e+00 2.963606055256109872e+00 1.512268544845886424e+02 1.514995372328187671e+02
9.956103678929765222e-01 2.195909112097117699e+00 3.006459012820936749e+00 1.520036821841357266e+02 1.522821251879163071e+02
1.000627090301003275e+00 2.223222111554594260e+00 3.049725333326037457e+00 1.527806354496599397e+02 1.530649427550973201e+02
1.005643812709030138e+00 2.250717618854956470e+00 3.093407404572117159e+00 1.535577141105712826e+02 1.538479912916025683e+02
1.010660535117056780e+00 2.278395861250925858e+00 3.137507584477047917e+00 1.543349179904870425e+02 1.546312721616825456e+02
1.015677257525083643e+00 2.306257033956137015e+00 3.182028198381158468e+00 1.551122469071983403e+02 1.554147867363422790e+02
1.020693979933110285e+00 2.334301297689445054e+00 3.226971536127602125e+00 1.558897006726360530e+02 1.561985363929987614e+02
1.025710702341137148e+00 2.362528776066019187e+00 3.272339849047567473e+00 1.566672790927299275e+02 1.569825225152497978e+02
1.030727424749163790e+00 2.390939552954224112e+00 3.318135347000972679e+00 1.574449819673480135e+02 1.577667464925831666e+02
1.035744147157190653e+00 2.419533669700385747e+00 3.364360195183845104e+00 1.582228090900578934e+02 1.585512097201594486e+02
1.040760869565217295e+00 2.448311122368789228e+00 3.411016510798376977e+00 1.590007602483044309e+02 1.593359135982430246e+02
1.045777591973244158e+00 2.477271858673376848e+00 3.458106359883264425e+00 1.597788352228050144e+02 1.601208595323596455e+02
1.050794314381270800e+00 2.506415775244843491e+00 3.505631753901896186e+00 1.605570337877637996e+02 1.609060489325705987e+02
1.055811036789297441e+00 2.535742714597718717e+00 3.553594646404919288e+00 1.613353557107603820e+02 1.616914832131632807e+02
1.060827759197324305e+00 2.565252461923232197e+00 3.601996929319933649e+00 1.621138007521881264e+02 1.624771637926492645e+02
1.065844481605350946e+00 2.594944742462864884e+00 3.650840430033944539e+00 1.628923686655967629e+02 1.632630920929026672e+02
1.070861204013377810e+00 2.624819217931819271e+00 3.700126907248115327e+00 1.636710591970008863e+02 1.640492695393284066e+02
1.075877926421404673e+00 2.654875483920304369e+00 3.749858048020074719e+00 1.644498720850433529e+02 1.648356975601122372e+02
1.080894648829431537e+00 2.685113066404718030e+00 3.800035463626933119e+00 1.652288070606402925e+02 1.656223775859778016e+02
1.085911371237458178e+00 2.715531419017382042e+00 3.850660686759441731e+00 1.660078638468120857e+02 1.664093110497447583e+02
1.090928093645485042e+00 2.746129919691894461e+00 3.901735167298277407e+00 1.667870421584151472e+02 1.671964993860071331e+02
1.095944816053511683e+00 2.776907867766445381e+00 3.953260269278988215e+00 1.675663417019684971e+02 1.679839440306238316e+02
1.100961538461538547e+00 2.807864480873013324e+00 4.005237267012226710e+00 1.683457621753953788e+02 1.687716464202963778e+02
1.105978260869565188e+00 2.838998891897771326e+00 4.057667341946659789e+00 1.691253032677169585e+02 1.695596079922543140e+02
1.110994983277592052e+00 2.870310146088508763e+00 4.110551578832456698e+00 1.699049646589116378e+02 1.703478301836586866e+02
1.116011705685618693e+00 2.901797197968898789e+00 4.163890962540058638e+00 1.706847460196016470e+02 1.711363144311771123e+02
1.121028428093645335e+00 2.933458908468413728e+00 4.217686374469945321e+00 1.714646470106447111e+02 1.719250621707239759e+02
1.126045150501672198e+00 2.965294042046196843e+00 4.271938589284709487e+00 1.722446672832914771e+02 1.727140748364992362e+02
1.131061872909698840e+00 2.997301263855147724e+00 4.326648271576927662e+00 1.730248064783042707e+02 1.735033538611694723e+02
1.136078595317725703e+00 3.029479136945941953e+00 4.381815972473545706e+00 1.738050642260425604e+02 1.742929006749176608e+02
1.141095317725752345e+00 3.061826119582526040e+00 4.437442126535011688e+00 1.745854401463421937e+02 1.750827167048981892e+02
1.146112040133779209e+00 3.094340562503306025e+00 4.493527048433251458e+00 1.753659338476708172e+02 1.758728033751776252e+02
1.151128762541805850e+00 3.127020706424406438e+00 4.550070929982612533e+00 1.761465449274034825e+02 1.766631621057079826e+02
1.156145484949832714e+00 3.159864679406701793e+00 4.607073836954343804e+00 1.769272729711252623e+02 1.774537943122029446e+02
1.161162207357859355e+00 3.192870494408383220e+00 4.664535706188763342e+00 1.777081175525383401e+02 1.782447014053692556e+02
1.166178929765886219e+00 3.226036046977584615e+00 4.722456342495457093e+00 1.784890782330410559e+02 1.790358847905038999e+02
1.171195652173913082e+00 3.259359112811312631e+00 4.780835416068952348e+00 1.792701545614581278e+02 1.798273458669526121e+02
1.176212374581939724e+00 3.292837345639764823e+00 4.839672459490116374e+00 1.800513460738301035e+02 1.806190860274130898e+02
1.181229096989966587e+00 3.326468274963617411e+00 4.898966865128227433e+00 1.808326522928308577e+02 1.814111066576746794e+02
1.186245819397993229e+00 3.360249304118116065e+00 4.958717882494505957e+00 1.816140727277515055e+02 1.822034091357972159e+02
1.191262541806020092e+00 3.394177708141695504e+00 5.018924615775890885e+00 1.823956068740360479e+02 1.829959948316700320e+02
1.196279264214046734e+00 3.428250632012373345e+00 5.079586021297249232e+00 1.831772542129860426e+02 1.837888651064681653e+02
1.201295986622073597e+00 3.462465088762617604e+00 5.140700905239638629e+00 1.839590142113323168e+02 1.845820213121278357e+02
1.206312709030100239e+00 3.496817957886741546e+00 5.202267921368119552e+00 1.847408863211450125e+02 1.853754647906833384e+02
1.211329431438127102e+00 3.531305983554242633e+00 5.264285568827331119e+00 1.855228699794394345e+02 1.861691968736390379e+02
1.216346153846153744e+00 3.565925773281247491e+00 5.326752190128519082e+00 1.863049646076219688e+02 1.869632188817543579e+02
1.221362876254180607e+00 3.600673796400168492e+00 5.389665969107217514e+00 1.870871696115484895e+02 1.877575321240312007e+02
1.226379598662207249e+00 3.635546382807337551e+00 5.453024929095164453e+00 1.878694843810102384e+02 1.885521378973861601e+02
1.231396321070233890e+00 3.670539721692020141e+00 5.516826931140849766e+00 1.886519082893309189e+02 1.893470374861641687e+02
1.236413043478260754e+00 3.705649860482043589e+00 5.581069672302217732e+00 1.894344406934141318e+02 1.901422321612076018e+02
1.241429765886287395e+00 3.740872703840323776e+00 5.645750684050993229e+00 1.902170809329387851e+02 1.909377231797953698e+02
1.246446488294314259e+00 3.776204012647079278e+00 5.710867330879361603e+00 1.909998283305520204e+02 1.917335117845539685e+02
1.251463210702341122e+00 3.811639403411091642e+00 5.776416808904639488e+00 1.917826821912242679e+02 1.925295992032933157e+02
1.256479933110367764e+00 3.847174347362507074e+00 5.842396144578193784e+00 1.925656418021835066e+02 1.933259866481518543e+02
1.261496655518394627e+00 3.882804170027815527e+00 5.908802193517166401e+00 1.933487064324750406e+02 1.941226753152459139e+02
1.266513377926421491e+00 3.918524050565388883e+00 5.975631639490980085e+00 1.941318753326729620e+02 1.949196663840546080e+02
1.271530100334448132e+00 3.954329021624717999e+00 6.042880993541786872e+00 1.949151477347246271e+02 1.957169610167277654e+02
1.276546822742474996e+00 3.990213968842253323e+00 6.110546592954327672e+00 1.956985228516872439e+02 1.965145603576413009e+02
1.281563545150501637e+00 4.026173630802418302e+00 6.178624600733662042e+00 1.964819998772487679e+02 1.973124655328558674e+02
1.286580267558528501e+00 4.062202599019858695e+00 6.247111004844107640e+00 1.972655779857074947e+02 1.981106776495189195e+02
1.291596989966555142e+00 4.098295317826093687e+00 6.316001617733832951e+00 1.980492563317697261e+02 1.989091977951543697e+02
1.296613712374581784e+00 4.134446084590979176e+00 6.385292075977472059e+00 1.988330340496815722e+02 1.997080270377487921e+02
1.301630434782608647e+00 4.170649050056820073e+00 6.454977839873223822e+00 1.996169102540516462e+02 2.005071664241876022e+02
1.306647157190635289e+00 4.206898218575936710e+00 6.525054193285265924e+00 2.004008840385600934e+02 2.013066169807571555e+02
1.311663879598662152e+00 4.243187448526159145e+00 6.595516243606503792e+00 2.011849544766606073e+02 2.021063797116967748e+02
1.316680602006688794e+00 4.279510453063507747e+00 6.666358921663823267e+00 2.019691206205404796e+02 2.029064555994755779e+02
1.321697324414715657e+00 4.315860800536814423e+00 6.737576981876065574e+00 2.027533815012043874e+02 2.037068456040005344e+02
1.326714046822742299e+00 4.352231915453731226e+00 6.809165002502974851e+00 2.035377361287324902e+02 2.045075506616408347e+02
1.331730769230769162e+00 4.388617079118144915e+00 6.881117385925406893e+00 2.043221834915021589e+02 2.053085716853098859e+02
1.336747491638795804e+00 4.425009430785702413e+00 6.953428359078292154e+00 2.051067225561473606e+02 2.061099095638169842e+02
1.341764214046822667e+00 4.461401968505805726e+00 7.026091973917921507e+00 2.058913522675057663e+02 2.069115651612622457e+02
1.346780936454849531e+00 4.497787550356818542e+00 7.099102108120550980e+00 2.066760715483710271e+02 2.077135393166042547e+02
1.351797658862876172e+00 4.534158895699232694e+00 7.172452465721709025e+00 2.074608792994296209e+02 2.085158328431234054e+02
1.356814381270903036e+00 4.570508586421055952e+00 7.246136577934009892e+00 2.082457743987460219e+02 2.093184465282685380e+02
1.361831103678929678e+00 4.606829068284345574e+00 7.320147804201377006e+00 2.090307557022774745e+02 2.101213811326210248e+02
1.366847826086956541e+00 4.643112652577907618e+00 7.394479332819225981e+00 2.098158220431183167e+02 2.109246373899685523e+02
1.371864548494983183e+00 4.679351517401311611e+00 7.469124182384099697e+00 2.106009722316817090e+02 2.117282160066300492e+02
1.376881270903010046e+00 4.715537709753085061e+00 7.544075203027946763e+00 2.113862050556147665e+02 2.125321176609438112e+02
1.381897993311036688e+00 4.751663146796174075e+00 7.619325077123605183e+00 2.121715192794353868e+02 2.133363430031423889e+02
1.386914715719063551e+00 4.787719617896284419e+00 7.694866321318194480e+00 2.129569136448312747e+02 2.141408926544970086e+02
1.391931438127090193e+00 4.823698786444222897e+00 7.770691287449605689e+00 2.137423868701558263e+02 2.149457672073566528e+02
1.396948160535117056e+00 4.859592191889213986e+00 7.846792164328143748e+00 2.145279376507347990e+02 2.157509672243911325e+02
1.401964882943143698e+00 4.895391251630582197e+00 7.923160979284806338e+00 2.153135646584979384e+02 2.165564932384098427e+02
1.406981605351170339e+00 4.931087263189936287e+00 7.999789599797103357e+00 2.160992665421689196e+02 2.173623457518546331e+02
1.411998327759197203e+00 4.966671406364451258e+00 8.076669735229151215e+00 2.168850419269635950e+02 2.181685252366225427e+02
1.417015050167223844e+00 5.002134745448631570e+00 8.153792938759568898e+00 2.176708894147045328e+02 2.189750321335402248e+02
1.422031772575250708e+00 5.037468231486320391e+00 8.231150609156031805e+00 2.184568075840157633e+02 2.197818668518314382e+02
1.427048494983277349e+00 5.072662704596714534e+00 8.308733992776133448e+00 2.192427949897843860e+02 2.205890297692702120e+02
1.432065217391304213e+00 5.107708896494381534e+00 8.386534185705857070e+00 2.200288501635667444e+02 2.213965212314779478e+02
1.437081939799331076e+00 5.142597432714199002e+00 8.464542135673498890e+00 2.208149716134806226e+02 2.222043415516745313e+02
1.442098662207357940e+00 5.177318835389638885e+00 8.542748644347739173e+00 2.216011578242176938e+02 2.230124910103718889e+02
1.447115384615384581e+00 5.211863525604702119e+00 8.621144369534471608e+00 2.223874072569713576e+02 2.238209698551805218e+02
1.452132107023411445e+00 5.246221826060049054e+00 8.699719827483066936e+00 2.231737183496675243e+02 2.246297783003777795e+02
1.457148829431438086e+00 5.280383963765697963e+00 8.778465395172547758e+00 2.239600895167458248e+02 2.254389165267393764e+02
1.462165551839464950e+00 5.314340072537900639e+00 8.857371312813674180e+00 2.247465191494683268e+02 2.262483846812413617e+02
1.467182274247491591e+00 5.348080196123031094e+00 8.936427686178443963e+00 2.255330056158557568e+02 2.270581828766835315e+02
1.472198996655518233e+00 5.381594290519071677e+00 9.015624489173852396e+00 2.263195472607641818e+02 2.278683111916250823e+02
1.477215719063545096e+00 5.414872227044619457e+00 9.094951566496289885e+00 2.271061424058831335e+02 2.286787696701642858e+02
1.482232441471571738e+00 5.447903795110918601e+00 9.174398635989298612e+00 2.278927893499620154e+02 2.294895583215836155e+02
1.487249163879598601e+00 5.480678705038614318e+00 9.253955291593911170e+00 2.286794863687736381e+02 2.303006771202284710e+02
1.492265886287625243e+00 5.513186591055145414e+00 9.333611005800337423e+00 2.294662317154406423e+02 2.311121260051600075e+02
1.497282608695652106e+00 5.545417014101177600e+00 9.413355132562173821e+00 2.302530236202702838e+02 2.319239048802238869e+02
1.502299331103678748e+00 5.577359464927334365e+00 9.493176909875488789e+00 2.310398602909864394e+02 2.327360136137206723e+02
1.507316053511705611e+00 5.609003366877810315e+00 9.573065462864370545e+00 2.318267399129276498e+02 2.335484520382292146e+02
1.512332775919732253e+00 5.640338079055401188e+00 9.653009806334413412e+00 2.326136606491743919e+02 2.343612199504453315e+02
1.517349498327759116e+00 5.671352899195619024e+00 9.732998847955840915e+00 2.334006206404576744e+02 2.351743171112676976e+02
1.522366220735785758e+00 5.702037066776603602e+00 9.813021390880454220e+00 2.341876180056518706e+02 2.359877432453300798e+02
1.527382943143812621e+00 5.732379766079496619e+00 9.893066136988050374e+00 2.349746508417414645e+02 2.368014980410821124e+02
1.532399665551839485e+00 5.762370129075432779e+00 9.973121689632902687e+00 2.357617172241609182e+02 2.376155811505439601e+02
1.537416387959866126e+00 5.791997238784173163e+00 1.005317655679152722e+01 2.365488152064808673e+02 2.384299921896390515e+02
1.542433110367892990e+00 5.821250132040583836e+00 1.013321915404009665e+01 2.373359428212826288e+02 2.392447307374548586e+02
1.547449832775919631e+00 5.850117802775310238e+00 1.021323780762163302e+01 2.381230980799613519e+02 2.400597963365518410e+02
1.552466555183946495e+00 5.878589205041033772e+00 1.029322075749193210e+01 2.389102789727667755e+02 2.408751884930733240e+02
1.557483277591973136e+00 5.906653256112719852e+00 1.037315616055074230e+01 2.396974834693501464e+02 2.416909066763318208e+02
1.562500000000000000e+00 5.934298839571568784e+00 1.045303209359731866e+01 2.404847095188531512e+02 2.425069503188852309e+02
