# n,eps,eps_e_mu, P, P_e_mu, std_p
1.000000000000000021e-02 9.429102344425047022e+00 9.430137583697963066e+00 9.864691789819624718e-03 1.020945062953419573e-02 3.550349076380086566e-01
1.080267558528428054e-02 1.018663673905126110e+01 1.018789655474688693e+01 1.138527509290107945e-02 1.180485957603540081e-02 3.744588690800613184e-01
1.160535117056856261e-02 1.094426555052688776e+01 1.094577456077181310e+01 1.299690990828250223e-02 1.349952574309494675e-02 3.879197428907766865e-01
1.240802675585284294e-02 1.170198742027419669e+01 1.170377050862696322e+01 1.469661606181404956e-02 1.529055748193290827e-02 3.937163267968580294e-01
1.321070234113712327e-02 1.245980098468481323e+01 1.246188326773184762e+01 1.648154507352622700e-02 1.717518402651403361e-02 3.895241536511025449e-01
1.401337792642140534e-02 1.321770487594562482e+01 1.322011168162019423e+01 1.834897550472525812e-02 1.915075441715104534e-02 3.718745320460851711e-01
1.481605351170568567e-02 1.397569772560879109e+01 1.397845457940042024e+01 2.029630931262839041e-02 2.121473648697256784e-02 3.348055768309561864e-01
1.561872909698996600e-02 1.473377816449584010e+01 1.473691078139172994e+01 2.232106838944843130e-02 2.336471531298276588e-02 2.651005904776036481e-01
1.642140468227424807e-02 1.549194482690185737e+01 1.549547910741745227e+01 2.442089218481023963e-02 2.559839220255200054e-02 9.861728977832734389e-02
1.722408026755852667e-02 1.625019635267752705e+01 1.625415838173023886e+01 2.659353543235961140e-02 2.791358336854932176e-02 2.700607057141031775e-01
1.802675585284280874e-02 1.700853138949948473e+01 1.701294743718088398e+01 2.883686638043781586e-02 3.030821879348404371e-02 4.258039597326856995e-01
1.882943143812709080e-02 1.776694859522040204e+01 1.777184511875643125e+01 3.114886527040798200e-02 3.278034110434110970e-02 5.650174228387688791e-01
1.963210702341137287e-02 1.852544664006480346e+01 1.853085028643031151e+01 3.352762310384305167e-02 3.532810455828854640e-02 7.005727184605347047e-01
2.043478260869565147e-02 1.928402420821378982e+01 1.928996181700570389e+01 3.597134051700585922e-02 3.794977400369221876e-02 8.368087279150787650e-01
2.123745819397993007e-02 2.004268000114349135e+01 2.004917860742236968e+01 3.847832704710053148e-02 4.064372413608641904e-02 9.757262532869256377e-01
2.204013377926421213e-02 2.080141273807570101e+01 2.080849957496584679e+01 4.104700020030033203e-02 4.340843848593919918e-02 1.118394096799497417e+00
2.284280936454849420e-02 2.156022115803614270e+01 2.156792365894101593e+01 4.367588478542076130e-02 4.624250862425260955e-02 1.265431706508065357e+00
2.364548494983277627e-02 2.231910402172011842e+01 2.232744982205290540e+01 4.636361235456732538e-02 4.914463344173487791e-02 1.417207535277054564e+00
2.444816053511705833e-02 2.307806011288823811e+01 2.308707705126031584e+01 4.910892060243778057e-02 5.211361836751138288e-02 1.573938202388457164e+00
2.525083612040133693e-02 2.383708823913443453e+01 2.384680435797077180e+01 5.191065272569008598e-02 5.514837453755822017e-02 1.735747135608986191e+00
2.605351170568561553e-02 2.459618723385004202e+01 2.460663077942339783e+01 5.476775701950786085e-02 5.824791819760274242e-02 1.902685389205279520e+00
2.685618729096989760e-02 2.535535595700718403e+01 2.536655537890039014e+01 5.767928622127393989e-02 6.141136985621519634e-02 2.074753133424278140e+00
2.765886287625417966e-02 2.611459329586736189e+01 2.612657724588730090e+01 6.064439694619318949e-02 6.463795353770200591e-02 2.251918758249627395e+00
2.846153846153846173e-02 2.687389816662234310e+01 2.688669549719555363e+01 6.366234925108651965e-02 6.792699617315149652e-02 2.434117678120362616e+00
2.926421404682274380e-02 2.763326951506359208e+01 2.764690927715440338e+01 6.673250592535194536e-02 7.127792673225466502e-02 2.621257694447006070e+00
3.006688963210701893e-02 2.839270631531868005e+01 2.840721775591470433e+01 6.985433155313390541e-02 7.469027514128551148e-02 2.813228233011785040e+00
3.086956521739130099e-02 2.915220757499350768e+01 2.916762013420664346e+01 7.302739251024865930e-02 7.816367215187679240e-02 3.009906420492084678e+00
3.167224080267558306e-02 2.991177233051872619e+01 2.992811563834808197e+01 7.625135550752254465e-02 8.169784777167435341e-02 3.211147245503005010e+00
3.247491638795986513e-02 3.067139965146822789e+01 3.068870352428515957e+01 7.952598726468571022e-02 8.529263084560562147e-02 3.416791360797018839e+00
3.327759197324414719e-02 3.143108863871931291e+01 3.144938307552099133e+01 8.285115334300950651e-02 8.894794781136491912e-02 3.626674821459527909e+00
3.408026755852842926e-02 3.219083842694558939e+01 3.221015360542828887e+01 8.622681778572735545e-02 9.266382227974560848e-02 3.840616628664840437e+00
3.488294314381270439e-02 3.295064818093774761e+01 3.297101445344171111e+01 8.965304094483228514e-02 9.644037281862440081e-02 4.058430306609407623e+00
3.568561872909698646e-02 3.371051710238995014e+01 3.373196499177090857e+01 9.312998061292571128e-02 1.002778140603587664e-01 4.279916033211700110e+00
3.648829431438126852e-02 3.447044442167452871e+01 3.449300461714214805e+01 9.665788834045095645e-02 1.041764530079943712e-01 4.504870157245807860e+00
3.729096989966555059e-02 3.523042940574314486e+01 3.525413275871608931e+01 1.002371105231071036e-01 1.081366901282109494e-01 4.733077895826496295e+00
3.809364548494983266e-02 3.599047135294534883e+01 3.601534887297298582e+01 1.038680859011334723e-01 1.121590168728166387e-01 4.964323704645831725e+00
3.889632107023411473e-02 3.675056959554581937e+01 3.677665244632489561e+01 1.075513449664609877e-01 1.162440151175502534e-01 5.198379503689277925e+00
3.969899665551838985e-02 3.751072349735229494e+01 3.753804299289534185e+01 1.112875080126014687e-01 1.203923552625371513e-01 5.435021545215898975e+00
4.050167224080267192e-02 3.827093245826974766e+01 3.829952005924712211e+01 1.150772849340184895e-01 1.246047960895401430e-01 5.674008420270554964e+00
4.130434782608695399e-02 3.903119590598497268e+01 3.906108321628805413e+01 1.189214722559010923e-01 1.288821818654319884e-01 5.915102747562785090e+00
4.210702341137123605e-02 3.979151330472069503e+01 3.982273206826496192e+01 1.228209530557872603e-01 1.332254423437835289e-01 6.158074636564057514e+00
4.290969899665551812e-02 4.055188414907836147e+01 4.058446624688964022e+01 1.267766947342048867e-01 1.376355906298867560e-01 6.402668424235284483e+00
4.371237458193980019e-02 4.131230796564648244e+01 4.134628541324777018e+01 1.307897476586400431e-01 1.421137219248995442e-01 6.648639706845552944e+00
4.451505016722408226e-02 4.207278431219897641e+01 4.210818925732500162e+01 1.348612433861696158e-01 1.466610118577273414e-01 6.895747988672062512e+00
4.531772575250835738e-02 4.283331277805233128e+01 4.287017749871328931e+01 1.389923935487444862e-01 1.512787154866855333e-01 7.143745380444298299e+00
4.612040133779263945e-02 4.359389298280117941e+01 4.363224988571771945e+01 1.431844872779418354e-01 1.559681648480033822e-01 7.392380476230139053e+00
4.692307692307692152e-02 4.435452457570939089e+01 4.439440619512902941e+01 1.474388902286453695e-01 1.607307681066286187e-01 7.641407624105887031e+00
4.772575250836120359e-02 4.511520723631401353e+01 4.515664623322656723e+01 1.517570425160819081e-01 1.655680076262821820e-01 7.890579087590895213e+00
4.852842809364548565e-02 4.587594067289111166e+01 4.591896983465919391e+01 1.561404568552067218e-01 1.704814382471747658e-01 8.139649374354124944e+00
4.933110367892976772e-02 4.663672462254076834e+01 4.668137686294674182e+01 1.605907169434120374e-01 1.754726858075441598e-01 8.388373333457037617e+00
5.013377926421404285e-02 4.739755885103267730e+01 4.744386721075563429e+01 1.651094757319910289e-01 1.805434455584492004e-01 8.636518297701009317e+00
5.093645484949832491e-02 4.815844314830948747e+01 4.820644079583099284e+01 1.696984520770697946e-01 1.856954789576215070e-01 8.883835853757306111e+00
5.173913043478260698e-02 4.891937733538767219e+01 4.896909756833566973e+01 1.743594313858475298e-01 1.909306144617566869e-01 9.130094397256865335e+00
5.254180602006688905e-02 4.968036125751982723e+01 4.973183750444348306e+01 1.790942616524148767e-01 1.962507437059718973e-01 9.375066055896590811e+00
5.334448160535117112e-02 5.044139478531359089e+01 5.049466060790209099e+01 1.839048521251317736e-01 2.016578203191764507e-01 9.618522895801968176e+00
5.414715719063545318e-02 5.120247781459914904e+01 5.125756691031521939e+01 1.887931711095452436e-01 2.071538578652123430e-01 9.860239745775841058e+00
5.494983277591972831e-02 5.196361026515569392e+01 5.202055647031382080e+01 1.937612442817588099e-01 2.127409283044693900e-01 1.010000146725587555e+01
5.575250836120401038e-02 5.272479208370339165e+01 5.278362937695064971e+01 1.988111536857356532e-01 2.184211611253786545e-01 1.033759766970407235e+01
5.655518394648829245e-02 5.348602323184665863e+01 5.354678573806379660e+01 2.039450312978108582e-01 2.241967370490145772e-01 1.057282480234574429e+01
5.735785953177257451e-02 5.424730370374410882e+01 5.431002569834506488e+01 2.091650644564007622e-01 2.300698935916131171e-01 1.080547596148320721e+01
5.816053511705685658e-02 5.500863350811320629e+01 5.507334942173132220e+01 2.144734864598778490e-01 2.360429157913463971e-01 1.103536212441043673e+01
5.896321070234113865e-02 5.577001267735311529e+01 5.583675710090990663e+01 2.198725788933814929e-01 2.421181386626509724e-01 1.126230766933732141e+01
5.976588628762541378e-02 5.653144126428269090e+01 5.660024895441511461e+01 2.253646680749736564e-01 2.482979437618817731e-01 1.148611526355846735e+01
6.056856187290969584e-02 5.729291934133242847e+01 5.736382522615904378e+01 2.309521234727502925e-01 2.545847577173830922e-01 1.170662866642553901e+01
6.137123745819397791e-02 5.805444699888864335e+01 5.812748618412621227e+01 2.366373547179532466e-01 2.609810493594326708e-01 1.192367893394643197e+01
6.217391304347825998e-02 5.881602434719332706e+01 5.889123212257003814e+01 2.424228108863471232e-01 2.674893291004712959e-01 1.213710613757235279e+01
6.297658862876254204e-02 5.957765151444469609e+01 5.965506336041334379e+01 2.483109776538383606e-01 2.741121461907206069e-01 1.234677248170778263e+01
6.377926421404681023e-02 6.033932864588665268e+01 6.041898024062304273e+01 2.543043754386838384e-01 2.808520869554733124e-01 1.255253448799132876e+01
6.458193979933109230e-02 6.110105590295939493e+01 6.118298312959102248e+01 2.604055569843278795e-01 2.877117724546721655e-01 1.275426225956877246e+01
6.538461538461537437e-02 6.186283346324620425e+01 6.194707241736236369e+01 2.666171058898436641e-01 2.946938571071854307e-01 1.295183345619790671e+01
6.618729096989965643e-02 6.262466152067712244e+01 6.271124851799685018e+01 2.729416342197509282e-01 3.018010263532186488e-01 1.314514170864023868e+01
6.698996655518393850e-02 6.338654028224980408e+01 6.347551186652999888e+01 2.793817803902379771e-01 3.090359946206148734e-01 1.333407238600237399e+01
6.779264214046822057e-02 6.414846997163049025e+01 6.423986292272003595e+01 2.859402082635845721e-01 3.164015044679291955e-01 1.351854059395192742e+01
6.859531772575250264e-02 6.491045082456355431e+01 6.500430216661136740e+01 2.926196033262542517e-01 3.239003228138577772e-01 1.369845365670360593e+01
6.939799331103678470e-02 6.567248309172612153e+01 6.576883010152319287e+01 2.994226725354168228e-01 3.315352408283948615e-01 1.387374131987029635e+01
7.020066889632106677e-02 6.643456703483433046e+01 6.653344725024257400e+01 3.063521411151170493e-01 3.393090707579703991e-01 1.404433734079257157e+01
7.100334448160534884e-02 6.719670292787021992e+01 6.729815415633903797e+01 3.134107504869568794e-01 3.472246438853617834e-01 1.421017737617435905e+01
7.180602006688963090e-02 6.795889106088966969e+01 6.806295138804901512e+01 3.206012594928122628e-01 3.552848117779117132e-01 1.437121993329357750e+01
7.260869565217389909e-02 6.872113172843721429e+01 6.882783952667649885e+01 3.279264357779581029e-01 3.634924376659375844e-01 1.452742380777053910e+01
7.341137123745818116e-02 6.948342524124115016e+01 6.959281917834260867e+01 3.353890622426854429e-01 3.718504029125110910e-01 1.467875850805192428e+01
7.421404682274246323e-02 7.024577191885896355e+01 7.035789096660249697e+01 3.429919290608833826e-01 3.803615990225390209e-01 1.482520075525007464e+01
7.501672240802674529e-02 7.100817209129138519e+01 7.112305553401644431e+01 3.507378346219780507e-01 3.890289285703648070e-01 1.496674127087543127e+01
7.581939799331102736e-02 7.177062609697951245e+01 7.188831354010564212e+01 3.586295820814815460e-01 3.978553017365770161e-01 1.510337699701270253e+01
7.662207357859530943e-02 7.253313428643262739e+01 7.265366566487071509e+01 3.666699808522838056e-01 4.068436377628371625e-01 1.523510020694360634e+01
7.742474916387959150e-02 7.329569701945796112e+01 7.341911260595189503e+01 3.748618415774278012e-01 4.159968599014918222e-01 1.536194961942447357e+01
7.822742474916387356e-02 7.405831465830516436e+01 7.418465507162898120e+01 3.832079733290009171e-01 4.253178925662758902e-01 1.548393412461004814e+01
7.903010033444815563e-02 7.482098758128530847e+01 7.495029379429975336e+01 3.917111874555107565e-01 4.348096651328444695e-01 1.560107155484304897e+01
7.983277591973243770e-02 7.558371617223633621e+01 7.571602951976933582e+01 4.003742920055819443e-01 4.444751063037718497e-01 1.571341927758932400e+01
8.063545150501670589e-02 7.634650082199675580e+01 7.648186300854102626e+01 4.092000896071049110e-01 4.543171419267490463e-01 1.582102474817101800e+01
8.143812709030098795e-02 7.710934193091149780e+01 7.724779503813577719e+01 4.181913787224433854e-01 4.643386961876697083e-01 1.592392469464170901e+01
8.224080267558527002e-02 7.787223990051123224e+01 7.801382639449690259e+01 4.273509466039885907e-01 4.745426844746629680e-01 1.602219106679806160e+01
8.304347826086955209e-02 7.863519515266102644e+01 7.877995789093665735e+01 4.366815799492312355e-01 4.849320239657866072e-01 1.611588711392170836e+01
8.384615384615383415e-02 7.939820810366512660e+01 7.954619034195376059e+01 4.461860469362547432e-01 4.955096155688041848e-01 1.620509604516868762e+01
8.464882943143811622e-02 8.016127918300337285e+01 8.031252458169649344e+01 4.558671085308157456e-01 5.062783551371266011e-01 1.628988577099254798e+01
8.545150501672239829e-02 8.092440882414746284e+01 8.107896145446437686e+01 4.657275111872524187e-01 5.172411260658954513e-01 1.637035680721712083e+01
8.625418060200668036e-02 8.168759746783587161e+01 8.184550181768848631e+01 4.757699865768833525e-01 5.284007989221662926e-01 1.644660547219029567e+01
8.705685618729096242e-02 8.245084556689388933e+01 8.261214654639678656e+01 4.859972555967208008e-01 5.397602353353965210e-01 1.651871696910615128e+01
8.785953177257524449e-02 8.321415356855395373e+01 8.337889651519890322e+01 4.964120139464935355e-01 5.513222734626112009e-01 1.658679809110318004e+01
8.866220735785952656e-02 8.397752193745384375e+01 8.414575262094055574e+01 5.070169461339085748e-01 5.630897418791017683e-01 1.665097552162637129e+01
8.946488294314379475e-02 8.474095114025557507e+01 8.491271576689686640e+01 5.178147145324795142e-01 5.750654484943701350e-01 1.671134082857919267e+01
9.026755852842807681e-02 8.550444164953501058e+01 8.567978686631732899e+01 5.288079615809921918e-01 5.872521826367361752e-01 1.676802582846850243e+01
9.107023411371235888e-02 8.626799394488236317e+01 8.644696684312143020e+01 5.399993079775714522e-01 5.996527131124386178e-01 1.682115624257350817e+01
9.187290969899664095e-02 8.703160851163205791e+01 8.721425663017588192e+01 5.513913519819931830e-01 6.122697873570763782e-01 1.687086291950842920e+01
9.267558528428092302e-02 8.779528584316523165e+01 8.798165717122452634e+01 5.629866702896298980e-01 6.251061321853695896e-01 1.691725896462465428e+01
9.347826086956520508e-02 8.855902643071939906e+01 8.874916941023886352e+01 5.747878081938883055e-01 6.381644438005246167e-01 1.696049558503795751e+01
9.428093645484948715e-02 8.932283078554166877e+01 8.951679431311941926e+01 5.867972944558962345e-01 6.514474025133466517e-01 1.700070616980696059e+01
9.508361204013376922e-02 9.008669941491324096e+01 9.028453284329499695e+01 5.990176256044507097e-01 6.649576569004127524e-01 1.703801270327628714e+01
9.588628762541805128e-02 9.085063283526037026e+01 9.105238597433010739e+01 6.114512723589090593e-01 6.786978300591424151e-01 1.707257622983648915e+01
9.668896321070233335e-02 9.161463156853477585e+01 9.182035468590837013e+01 6.241006761859150265e-01 6.926705160321703358e-01 1.710454586880301520e+01
9.749163879598661542e-02 9.237869614543723173e+01 9.258843996648442953e+01 6.369682521633917016e-01 7.068782824807992027e-01 1.713404989548235591e+01
9.829431438127089748e-02 9.314282710145099031e+01 9.335664280894985723e+01 6.500563832694422617e-01 7.213236648513896565e-01 1.716122779962250888e+01
9.909698996655516567e-02 9.390702497577836994e+01 9.412496420897733174e+01 6.633674211491736861e-01 7.360091669447195173e-01 1.718625592234781863e+01
9.989966555183944774e-02 9.467129031921696480e+01 9.489340517249333118e+01 6.769036891931948796e-01 7.509372638599799421e-01 1.720925524384875160e+01
1.007023411371237298e-01 9.543562368550790609e+01 9.566196670649713951e+01 6.906674764283604606e-01 7.661103957090988903e-01 1.723039958323149889e+01
1.015050167224080119e-01 9.620002563834383125e+01 9.643064982556809639e+01 7.046610418325031100e-01 7.815309717645615439e-01 1.724981241225472672e+01
1.023076923076922939e-01 9.696449674513496575e+01 9.719945554515150832e+01 7.188866085101481840e-01 7.972013644751045902e-01 1.726764886616347994e+01
1.031103678929765760e-01 9.772903758113533002e+01 9.796838488518500299e+01 7.333463682193014366e-01 8.131239138258331556e-01 1.728405865557366994e+01
1.039130434782608581e-01 9.849364873121929520e+01 9.873743887136150477e+01 7.480424784701938945e-01 8.293009242658309077e-01 1.729919435240336512e+01
1.047157190635451401e-01 9.925833078343859484e+01 9.950661852822918263e+01 7.629770603531281781e-01 8.457346623836107247e-01 1.731319932039368581e+01
1.055183946488294222e-01 1.000230843374179841e+02 1.002759248870318061e+02 7.781522029284356767e-01 8.624273611119916971e-01 1.732620221980511133e+01
1.063210702341137043e-01 1.007879099966811083e+02 1.010453589775849395e+02 7.935699577276152938e-01 8.793812140793462184e-01 1.733836942083509669e+01
1.071237458193979863e-01 1.015528083725016160e+02 1.018149218316217173e+02 8.092323399793225347e-01 8.965983766671463684e-01 1.734982914233439288e+01
1.079264214046822684e-01 1.023177800914129989e+02 1.025846144898144985e+02 8.251413345307556657e-01 9.140809717686129154e-01 1.736071501875654732e+01
1.087290969899665366e-01 1.030828257754573229e+02 1.033544379815207463e+02 8.412988817109535722e-01 9.318310754844070232e-01 1.737118557607940517e+01
1.095317725752508187e-01 1.038479460621318680e+02 1.041243933442782321e+02 8.577068902435001085e-01 9.498507298848508640e-01 1.738133232893275704e+01
1.103344481605351007e-01 1.046131415979032511e+02 1.048944816168131524e+02 8.743672314984296534e-01 9.681419370931676482e-01 1.739133249979202489e+01
1.111371237458193828e-01 1.053784130338062965e+02 1.056647038342007505e+02 8.912817388676848029e-01 9.867066585148607238e-01 1.740129066766776234e+01
1.119397993311036649e-01 1.061437610330894898e+02 1.064350610350178812e+02 9.084522108188781697e-01 1.005546817727174691e+00 1.741131666550924706e+01
1.127424749163879469e-01 1.069091862624297562e+02 1.072055542521107583e+02 9.258804035766367013e-01 1.024664293011423366e+00 1.742156651443076143e+01
1.135451505016722290e-01 1.076746894068663352e+02 1.079761845270687814e+02 9.435680470224449001e-01 1.044060933099500099e+00 1.743213650917623525e+01
1.143478260869565111e-01 1.084402711472702521e+02 1.087469528872833422e+02 9.615168184910254379e-01 1.063738530833356677e+00 1.744317177159037158e+01
1.151505016722407931e-01 1.092059321830647747e+02 1.095178603682149685e+02 9.797283686189978136e-01 1.083698848862565400e+00 1.745472874962949916e+01
1.159531772575250752e-01 1.099716732187701780e+02 1.102889079995033654e+02 9.982043065303357610e-01 1.103943604684858748e+00 1.746693167845479167e+01
1.167558528428093573e-01 1.107374949709195278e+02 1.110600968114920164e+02 1.016946206398160690e+00 1.124474477077549883e+00 1.747993497122915940e+01
1.175585284280936255e-01 1.115033981620973123e+02 1.118314278288395798e+02 1.035955601752428068e+00 1.145293100262771535e+00 1.749378661308096028e+01
1.183612040133779075e-01 1.122693835261725752e+02 1.126029020753878882e+02 1.055233991937190696e+00 1.166401070243070714e+00 1.750859779366884084e+01
1.191638795986621896e-01 1.130354518075933754e+02 1.133745205730734540e+02 1.074782836831980504e+00 1.187799939395098869e+00 1.752444709528043632e+01
1.199665551839464717e-01 1.138016037580242568e+02 1.141462843381589636e+02 1.094603559163029649e+00 1.209491218645530886e+00 1.754144282619549955e+01
1.207692307692307537e-01 1.145678401406507589e+02 1.149181943852357364e+02 1.114697546287132246e+00 1.231476379154231804e+00 1.755965300816957608e+01
1.215719063545150358e-01 1.153341617276054052e+02 1.156902517242693875e+02 1.135066147134687453e+00 1.253756849130544193e+00 1.757916217694760164e+01
1.223745819397993179e-01 1.161005693018429810e+02 1.164624573621403698e+02 1.155710674835781271e+00 1.276334016347747902e+00 1.760005507923697365e+01
1.231772575250835999e-01 1.168670636554001021e+02 1.172348123006469649e+02 1.176632404554923461e+00 1.299209225892318464e+00 1.762238361890217675e+01
1.239799331103678820e-01 1.176336455901840452e+02 1.180073175368864042e+02 1.197832578287954419e+00 1.322383784824894715e+00 1.764621244131673805e+01
1.247826086956521641e-01 1.184003159190810948e+02 1.187799740641926718e+02 1.219312395996970277e+00 1.345858953258371571e+00 1.767162766738223567e+01
1.255852842809364600e-01 1.191670754654761453e+02 1.195527828712962162e+02 1.241073028930556266e+00 1.369635957558166250e+00 1.769866124728200418e+01
1.263879598662207282e-01 1.199339250615621069e+02 1.203257449404276400e+02 1.263115606997723184e+00 1.393715977647576931e+00 1.772740098409039433e+01
1.271906354515049964e-01 1.207008655516083593e+02 1.210988612503252710e+02 1.285441228458326313e+00 1.418100156611240559e+00 1.775787585824121706e+01
1.279933110367892923e-01 1.214678977901831018e+02 1.218721327742126022e+02 1.308050956214311888e+00 1.442789596904742622e+00 1.779010931931812678e+01
1.287959866220735605e-01 1.222350226351462510e+02 1.226455604726205308e+02 1.330945810052529543e+00 1.467785352540547761e+00 1.782419627850891430e+01
1.295986622073578565e-01 1.230019797219819253e+02 1.234191458793903848e+02 1.353944240343606387e+00 1.492880663925596707e+00 1.785958218861740576e+01
1.304013377926421247e-01 1.237687892036173594e+02 1.241928882842414197e+02 1.377060312970496581e+00 1.518092488709004595e+00 1.789639604298295339e+01
1.312040133779264206e-01 1.245355425944159862e+02 1.249667873147081991e+02 1.400358041412248289e+00 1.543494286751502909e+00 1.793487747887758843e+01
1.320066889632106888e-01 1.253022699795681802e+02 1.257408431093543868e+02 1.423858569792449513e+00 1.569110451887994362e+00 1.797506324078173634e+01
1.328093645484949847e-01 1.260689886766748202e+02 1.265150559778019925e+02 1.447574120276196696e+00 1.594955116547581708e+00 1.801707704188515891e+01
1.336120401337792529e-01 1.268357104647770370e+02 1.272894263230434717e+02 1.471513031775327773e+00 1.621037928597188760e+00 1.806089683735604368e+01
1.344147157190635489e-01 1.276024441317866973e+02 1.280639546114924485e+02 1.495681529558734457e+00 1.647366084859446023e+00 1.810656576449241939e+01
1.352173913043478171e-01 1.283691966371452224e+02 1.288386413517264089e+02 1.520084540821832197e+00 1.673945269534986124e+00 1.815413278437756261e+01
1.360200668896321130e-01 1.291359737299253538e+02 1.296134870806264985e+02 1.544726118292612638e+00 1.700780144176134545e+00 1.820364167325899629e+01
1.368227424749163812e-01 1.299027803195851902e+02 1.303884923618243192e+02 1.569609702810232710e+00 1.727874649881568248e+00 1.825506781274860302e+01
1.376254180602006771e-01 1.306696207014317110e+02 1.311636577756356985e+02 1.594738277823696482e+00 1.755232187159005530e+00 1.830848540450648443e+01
1.384280936454849453e-01 1.314364987129347355e+02 1.319389839182753690e+02 1.620114477837441003e+00 1.782855741535722238e+00 1.836381465733308715e+01
1.392307692307692413e-01 1.322034178364122283e+02 1.327144713951809365e+02 1.645740663755378419e+00 1.810747970968792142e+00 1.842114925995656449e+01
1.400334448160535095e-01 1.329703812837917951e+02 1.334901208271635653e+02 1.671618975832966703e+00 1.838911267649914638e+00 1.848044026572317478e+01
1.408361204013377777e-01 1.337373920375810314e+02 1.342659328332213704e+02 1.697751367662270638e+00 1.867347798585723861e+00 1.854175035997132781e+01
1.416387959866220736e-01 1.345044529084827332e+02 1.350419080437543755e+02 1.724139643808976663e+00 1.896059548366402003e+00 1.860503314547931808e+01
1.424414715719063418e-01 1.352715665611233931e+02 1.358180470929833348e+02 1.750785478407389073e+00 1.925048341735996260e+00 1.867026310710285486e+01
1.432441471571906377e-01 1.360387355376436460e+02 1.365943506153498106e+02 1.777690432978163981e+00 1.954315864604130315e+00 1.873750135051891519e+01
1.440468227424749059e-01 1.368059622852277641e+02 1.373708192520957709e+02 1.804855975808736801e+00 1.983863686061405618e+00 1.880668420675409180e+01
1.448494983277592019e-01 1.375732491687232937e+02 1.381474536467046903e+02 1.832283486548078599e+00 2.013693265094494311e+00 1.887786112433801478e+01
1.456521739130434701e-01 1.383405984753402436e+02 1.389242544357508962e+02 1.859974266712634217e+00 2.043805962899262418e+00 1.895096313408982525e+01
1.464548494983277660e-01 1.391080124364959261e+02 1.397012222593367596e+02 1.887929549755203773e+00 2.074203054470308061e+00 1.902602478483998283e+01
1.472575250836120342e-01 1.398754932378546982e+02 1.404783577616555021e+02 1.916150510156244602e+00 2.104885738985201371e+00 1.910301582564186518e+01
1.480602006688963301e-01 1.406430430182990960e+02 1.412556615821815171e+02 1.944638266332174181e+00 2.135855143861377758e+00 1.918194641725513350e+01
1.488628762541805983e-01 1.414106638797044582e+02 1.420331343587506865e+02 1.973393878580326000e+00 2.167112323659908135e+00 1.926277038182393397e+01
1.496655518394648943e-01 1.421783578957027601e+02 1.428107767308441396e+02 2.002418366518678106e+00 2.198658278412024547e+00 1.934552970859989784e+01
1.504682274247491625e-01 1.429461271072402724e+02 1.435885893304692331e+02 2.031712698247046145e+00 2.230493943557620984e+00 1.943014013166491338e+01
1.512709030100334306e-01 1.437139735350732508e+02 1.443665727906331711e+02 2.061277801247829888e+00 2.262620201529260910e+00 1.951658293536638311e+01
1.520735785953177266e-01 1.444818991794388694e+02 1.451447277416986026e+02 2.091114564154458844e+00 2.295037884165449071e+00 1.960495497450344615e+01
1.528762541806019948e-01 1.452499060237574042e+02 1.459230548122072548e+02 2.121223838244927773e+00 2.327747774776706802e+00 1.969511465630067093e+01
1.536789297658862907e-01 1.460179960257621588e+02 1.467015546175683482e+02 2.151606426483312351e+00 2.360750597715210120e+00 1.978708206601390174e+01
1.544816053511705589e-01 1.467861711499737964e+02 1.474802277904928758e+02 2.182263122204885608e+00 2.394047057557757707e+00 1.988076460345095953e+01
1.552842809364548549e-01 1.475544333284196625e+02 1.482590749398780758e+02 2.213194658896291855e+00 2.427637789322764750e+00 1.997633432757329786e+01
1.560869565217391230e-01 1.483227844896894112e+02 1.490380966785657506e+02 2.244401747303800487e+00 2.461523396053878265e+00 2.007354134189203165e+01
1.568896321070234190e-01 1.490912265549128506e+02 1.498172936178307282e+02 2.275885067563930608e+00 2.495704441294003484e+00 2.017251148395809679e+01
1.576923076923076872e-01 1.498597614310980077e+02 1.505966663598972559e+02 2.307645264300766996e+00 2.530181444621334208e+00 2.027322685071472819e+01
1.584949832775919831e-01 1.506283910180904968e+02 1.513762155039255788e+02 2.339682947192009532e+00 2.564954882552991311e+00 2.037562733828592698e+01
1.592976588628762513e-01 1.513971172139672774e+02 1.521559416507012656e+02 2.371998711495319156e+00 2.600025209421223504e+00 2.047958415564512080e+01
1.601003344481605195e-01 1.521659419012034675e+02 1.529358453882938988e+02 2.404593101401609090e+00 2.635392821077311432e+00 2.058524942591407836e+01
1.609030100334448155e-01 1.529348669569965296e+02 1.537159273018981196e+02 2.437466638602279190e+00 2.671058083773174552e+00 2.069249912935967828e+01
1.617056856187290836e-01 1.537038942543186124e+02 1.544961879745472686e+02 2.470619814806724435e+00 2.707021326991960741e+00 2.080142771318726602e+01
1.625083612040133796e-01 1.544730256577419425e+02 1.552766279826714424e+02 2.504053091062728331e+00 2.743282843066089605e+00 2.091173661606379497e+01
1.633110367892976478e-01 1.552422630240518231e+02 1.560572478966470271e+02 2.537766893663993439e+00 2.779842883404053389e+00 2.102365500490515160e+01
1.641137123745819437e-01 1.560116082103935753e+02 1.568380482887977223e+02 2.571761623057677859e+00 2.816701667670336917e+00 2.113709127017221689e+01
1.649163879598662119e-01 1.567810630560275058e+02 1.576190297151347011e+02 2.606037644521372876e+00 2.853859374744257327e+00 2.125203646170801264e+01
1.657190635451505079e-01 1.575506293986188098e+02 1.584001927316519129e+02 2.640595288965382537e+00 2.891316143788209558e+00 2.136832155997774052e+01
1.665217391304347760e-01 1.583203090706301168e+02 1.591815378908886487e+02 2.675434858756410073e+00 2.929072080359844232e+00 2.148612239160914683e+01
1.673244147157190720e-01 1.590901038899602327e+02 1.599630657327695644e+02 2.710556615980431072e+00 2.967127244954367971e+00 2.160532741016775304e+01
1.681270903010033402e-01 1.598600156829804462e+02 1.607447768076294494e+02 2.745960805201646426e+00 3.005481675974694067e+00 2.172581656456722499e+01
1.689297658862876084e-01 1.606300462522220585e+02 1.615266716442847610e+02 2.781647620164753310e+00 3.044135356741228815e+00 2.184776814317861593e+01
1.697324414715719043e-01 1.614001973923778337e+02 1.623087507664464226e+02 2.817617220215753004e+00 3.083088232142678020e+00 2.197096569691081669e+01
1.705351170568561725e-01 1.621704708978836322e+02 1.630910147000060704e+02 2.853869735359928050e+00 3.122340213934779118e+00 2.209540373342691311e+01
1.713377926421404684e-01 1.629408685492363134e+02 1.638734639605069106e+02 2.890405256675451895e+00 3.161891171435260439e+00 2.222119503402893415e+01
1.721404682274247366e-01 1.637113921179932277e+02 1.646560990576601853e+02 2.927223833522589302e+00 3.201740928934300623e+00 2.234813994314593089e+01
1.729431438127090326e-01 1.644820433689285153e+02 1.654389204986629238e+02 2.964325481746403756e+00 3.241889274165945523e+00 2.247638368480707172e+01
1.737458193979933008e-01 1.652528240540560205e+02 1.662219287818073212e+02 3.001710183076264471e+00 3.282335957939412907e+00 2.260576562696098080e+01
1.745484949832775967e-01 1.660237359109509612e+02 1.670051243958837972e+02 3.039377857513124059e+00 3.323080666751309753e+00 2.273629228170308281e+01
1.753511705685618649e-01 1.667947806710191117e+02 1.677885078283981670e+02 3.077328401563009574e+00 3.364123061255792191e+00 2.286794966251597572e+01
1.761538461538461608e-01 1.675659600520500589e+02 1.685720795588541989e+02 3.115561661666608639e+00 3.405462749948656054e+00 2.300082050836793002e+01
1.769565217391304290e-01 1.683372757562299569e+02 1.693558400569726246e+02 3.154077438281307710e+00 3.447099293427988709e+00 2.313476281886030250e+01
1.777591973244147250e-01 1.691087294830180383e+02 1.701397897961827823e+02 3.192875496365723098e+00 3.489032215145164706e+00 2.326968997449020549e+01
1.785618729096989932e-01 1.698803229021457639e+02 1.709239292269397481e+02 3.231955536129215822e+00 3.531260972341898619e+00 2.340572952199317669e+01
1.793645484949832614e-01 1.706520576837963574e+02 1.717082588075602132e+02 3.271317226566692327e+00 3.573784989853288963e+00 2.354283605173313632e+01
1.801672240802675573e-01 1.714239354772962258e+02 1.724927789831936877e+02 3.310960180168999401e+00 3.616603634988156735e+00 2.368079975863749453e+01
1.809698996655518255e-01 1.721959579179261652e+02 1.732774901931657325e+02 3.350883956434611566e+00 3.659716221270399306e+00 2.381984250830071304e+01
1.817725752508361214e-01 1.729681266227091783e+02 1.740623928673056184e+02 3.391088064658340340e+00 3.703122011456033036e+00 2.395975059848339228e+01
1.825752508361203896e-01 1.737404431988680358e+02 1.748474874347511445e+02 3.431571961623740119e+00 3.746820215402590026e+00 2.410075949634340731e+01
1.833779264214046856e-01 1.745129092255950525e+02 1.756327743064179288e+02 3.472335048203744723e+00 3.790809986932297981e+00 2.424250547130052524e+01
1.841806020066889538e-01 1.752855262744261893e+02 1.764182538955890891e+02 3.513376661303241999e+00 3.835090415913010808e+00 2.438524685252023971e+01
1.849832775919732497e-01 1.760582958965532612e+02 1.772039266058858971e+02 3.554696091502668853e+00 3.879660546148914424e+00 2.452886357295477993e+01
1.857859531772575179e-01 1.768312196208369755e+02 1.779897928297172882e+02 3.596292558503844106e+00 3.924519351015462121e+00 2.467335920462739551e+01
1.865886287625418138e-01 1.776042989616446732e+02 1.787758529566583263e+02 3.638165227436481963e+00 3.969665749978975811e+00 2.481871309088388244e+01
1.873913043478260820e-01 1.783775354091237091e+02 1.795621073640557199e+02 3.680313196208088389e+00 4.015098596105045381e+00 2.496479170822777505e+01
1.881939799331103502e-01 1.791509304315653992e+02 1.803485564199915245e+02 3.722735494248293531e+00 4.060816675026892142e+00 2.511177440953261808e+01
1.889966555183946462e-01 1.799244854845628936e+02 1.811352004928852750e+02 3.765431093547217056e+00 4.106818716166732663e+00 2.525957602502693788e+01
1.897993311036789144e-01 1.806982019927398824e+02 1.819220399336713569e+02 3.808398889735642445e+00 4.153103373998389358e+00 2.540810037622962625e+01
1.906020066889632103e-01 1.814720813630596581e+02 1.827090750895927158e+02 3.851637707993269100e+00 4.199669234145360086e+00 2.555742015180035409e+01
1.914046822742474785e-01 1.822461249775744250e+02 1.834963062974310049e+02 3.895146308672487567e+00 4.246514819191971490e+00 2.570747615058141733e+01
1.922073578595317744e-01 1.830203341921430820e+02 1.842837338826242330e+02 3.938923357772997846e+00 4.293638559323417425e+00 2.585833872344208118e+01
1.930100334448160426e-01 1.837947103473095751e+02 1.850713581706023945e+02 3.982967479856961646e+00 4.341038845419386227e+00 2.600987981843899988e+01
1.938127090301003386e-01 1.845692547473001355e+02 1.858591794663381620e+02 4.027277186908006179e+00 4.388713958114660585e+00 2.616208913122636659e+01
1.946153846153846068e-01 1.853439686769698653e+02 1.866471980715721202e+02 4.071850928808409265e+00 4.436662118406912825e+00 2.631514816798252454e+01
1.954180602006689027e-01 1.861188533953604747e+02 1.874354142788913862e+02 4.116687068478659839e+00 4.484881462987081235e+00 2.646878537459761560e+01
1.962207357859531709e-01 1.868939101340102411e+02 1.882238283704670891e+02 4.161783889298443562e+00 4.533370051826291380e+00 2.662307046443797987e+01
1.970234113712374391e-01 1.876691400924677851e+02 1.890124406139345581e+02 4.207139581961049757e+00 4.582125855179582707e+00 2.677812400115165303e+01
1.978260869565217350e-01 1.884445444474323494e+02 1.898012512720102904e+02 4.252752251951639195e+00 4.631146761240366949e+00 2.693382626361279009e+01
1.986287625418060032e-01 1.892201243458930833e+02 1.905902605959900882e+02 4.298619916929760976e+00 4.680430573668118654e+00 2.709017073673165044e+01
1.994314381270902992e-01 1.899958809060753140e+02 1.913794688270940014e+02 4.344740503291891542e+00 4.729975008305288497e+00 2.724719745711763963e+01
2.002341137123745674e-01 1.907718152152486368e+02 1.921688761945834187e+02 4.391111839692473318e+00 4.779777686828683869e+00 2.740473815834089066e+01
2.010367892976588633e-01 1.915479283305066645e+02 1.929584829170546811e+02 4.437731658604665341e+00 4.829836138491955921e+00 2.756310851811529261e+01
2.018394648829431315e-01 1.923242212711671471e+02 1.937482891951045474e+02 4.484597590122031185e+00 4.880147794044660259e+00 2.772190647276653408e+01
2.026421404682274274e-01 1.931006950444796928e+02 1.945382952375113632e+02 4.531707182548546875e+00 4.930710006491803021e+00 2.788141212839902749e+01
2.034448160535116956e-01 1.938773506013127417e+02 1.953285012169258152e+02 4.579057855689516288e+00 4.981520004433603432e+00 2.804159218429142442e+01
2.042474916387959916e-01 1.946541888740369757e+02 1.961189073086385974e+02 4.626646939663896063e+00 5.032574931150368691e+00 2.820220466760487454e+01
2.050501672240802598e-01 1.954312107585997751e+02 1.969095136724622535e+02 4.674471656859614299e+00 5.083871826554729800e+00 2.836346632094922882e+01
2.058528428093645557e-01 1.962084171155222236e+02 1.977003204542670574e+02 4.722529115724071858e+00 5.135407621164935321e+00 2.852544279649324110e+01
2.066555183946488239e-01 1.969858087732196168e+02 1.984913277896433783e+02 4.770816321109132119e+00 5.187179146581432754e+00 2.868781867099850658e+01
2.074581939799330921e-01 1.977633865234922155e+02 1.992825357995988611e+02 4.819330150104505606e+00 5.239183111416528149e+00 2.885082266997840250e+01
2.082608695652173880e-01 1.985411511216740621e+02 2.000739445909012773e+02 4.868067380633958940e+00 5.291416129982764005e+00 2.901439961123604760e+01
2.090635451505016562e-01 1.993191032870532240e+02 2.008655542569399302e+02 4.917024660730565877e+00 5.343874691722780845e+00 2.917851806519188429e+01
2.098662207357859522e-01 2.000972437039653187e+02 2.016573648789867264e+02 4.966198524461622021e+00 5.396555177218158583e+00 2.934316653955562160e+01
2.106688963210702203e-01 2.008755730196465095e+02 2.024493765241499545e+02 5.015585382778164458e+00 5.449453849104765268e+00 2.950840664687001791e+01
2.114715719063545163e-01 2.016540918378902916e+02 2.032415892395662809e+02 5.065181512846839595e+00 5.502566841581197465e+00 2.967410659507438808e+01
2.122742474916387845e-01 2.024328007328380750e+02 2.040340030660066191e+02 5.114983082151294269e+00 5.555890184501248719e+00 2.984035810060532157e+01
2.130769230769230804e-01 2.032117002328075728e+02 2.048266180222397281e+02 5.164986113311146987e+00 5.609419768368000270e+00 3.000710758848214610e+01
2.138795986622073486e-01 2.039907908308565254e+02 2.056194341155616883e+02 5.215186504672128187e+00 5.663151364952110356e+00 3.017435009548675140e+01
2.146822742474916446e-01 2.047700729785006502e+02 2.064124513357814124e+02 5.265580022411813665e+00 5.717080619502472594e+00 3.034210104137493857e+01
2.154849498327759127e-01 2.055495470852660276e+02 2.072056696549277603e+02 5.316162288837029237e+00 5.771203039118875111e+00 3.051034391752600428e+01
2.162876254180601809e-01 2.063292135276577426e+02 2.079990890362581695e+02 5.366928800234691543e+00 5.825514010647745877e+00 3.067907697506341336e+01
2.170903010033444769e-01 2.071090726289317843e+02 2.087927094142076783e+02 5.417874901159473566e+00 5.880008775049352820e+00 3.084823558453997805e+01
2.178929765886287451e-01 2.078891246796159749e+02 2.095865307150202455e+02 5.468995797361783318e+00 5.934682440387420321e+00 3.101782753377148438e+01
2.186956521739130410e-01 2.086693699256098000e+02 2.103805528450063775e+02 5.520286550005076620e+00 5.989529976119593258e+00 3.118791829145284211e+01
2.194983277591973092e-01 2.094498085685798117e+02 2.111747756909937834e+02 5.571742070337792008e+00 6.044546207788934034e+00 3.135842368193918261e+01
2.203010033444816052e-01 2.102304407737100576e+02 2.119691991277230443e+02 5.623357133339059288e+00 6.099725830714964658e+00 3.152939612713780093e+01
2.211036789297658733e-01 2.110112666484768340e+02 2.127638229974592434e+02 5.675126333335182238e+00 6.155063365697577282e+00 3.170078262876289088e+01
2.219063545150501693e-01 2.117922862804680619e+02 2.135586471470990375e+02 5.727044149756491009e+00 6.210553224725575916e+00 3.187263429302189266e+01
2.227090301003344375e-01 2.125734996894119320e+02 2.143536713807572198e+02 5.779104873681455423e+00 6.266189637667438639e+00 3.204474140054531972e+01
2.235117056856187334e-01 2.133549068624930385e+02 2.151488954946656520e+02 5.831302650195797632e+00 6.321966694550724242e+00 3.221737379175100102e+01
2.243143812709030016e-01 2.141365077395267917e+02 2.159443192625236065e+02 5.883631461874070823e+00 6.377878329116734690e+00 3.239045062771335637e+01
2.251170568561872698e-01 2.149183022192023884e+02 2.167399424416809950e+02 5.936085133723208784e+00 6.433918323775492887e+00 3.256379934907614171e+01
2.259197324414715657e-01 2.157002901483459425e+02 2.175357647624111053e+02 5.988657324478990240e+00 6.490080300930961776e+00 3.273757609429621596e+01
2.267224080267558339e-01 2.164824713280176809e+02 2.183317859336688969e+02 6.041341503869156249e+00 6.546357700181745898e+00 3.291176342517201192e+01
2.275250836120401299e-01 2.172648455225073008e+02 2.191280056523297617e+02 6.094131012550088045e+00 6.602743838345865868e+00 3.308641103244746517e+01
2.283277591973243981e-01 2.180474124428787093e+02 2.199244235865205610e+02 6.147018989304132042e+00 6.659231836626854140e+00 3.326116055280999717e+01
2.291304347826086940e-01 2.188301717527909886e+02 2.207210393810883033e+02 6.199998406358643521e+00 6.715814655864914329e+00 3.343666082306098275e+01
2.299331103678929622e-01 2.196131230738217539e+02 2.215178526632565763e+02 6.253062070115327664e+00 6.772485097375726681e+00 3.361229163326964198e+01
2.307357859531772581e-01 2.203962659753090918e+02 2.223148630318194705e+02 6.306202591307967786e+00 6.829235772962138462e+00 3.378845562048701368e+01
2.315384615384615263e-01 2.211795999775944210e+02 2.231120700605488878e+02 6.359412402296337419e+00 6.886059122271708688e+00 3.396477408041322832e+01
2.323411371237458223e-01 2.219631245669282862e+02 2.239094733127510892e+02 6.412683779478416390e+00 6.942947435140903956e+00 3.414160257905418661e+01
2.331438127090300905e-01 2.227468391692380862e+02 2.247070723148801505e+02 6.466008785858996077e+00 6.999892794142996699e+00 3.431880363744004114e+01
2.339464882943143864e-01 2.235307431646994871e+02 2.255048665710366720e+02 6.519379307490464015e+00 7.056887111029384485e+00 3.449634328796018679e+01
2.347491638795986546e-01 2.243148358912897891e+02 2.263028555658472101e+02 6.572787047071520838e+00 7.113922120172196273e+00 3.467390480540586850e+01
2.355518394648829228e-01 2.250991166259398710e+02 2.271010387459774336e+02 6.626223506073293912e+00 7.170989360803283752e+00 3.485211275632155292e+01
2.363545150501672187e-01 2.258835846196086266e+02 2.278994155544104387e+02 6.679680001120304134e+00 7.228080193205472348e+00 3.503052824622057670e+01
2.371571906354514869e-01 2.266682390525380697e+02 2.286979853858529736e+02 6.733147654855877740e+00 7.285185789635006515e+00 3.520918780846052698e+01
2.379598662207357829e-01 2.274530790702401077e+02 2.294967476220284084e+02 6.786617391704999669e+00 7.342297129919958643e+00 3.538811519944321304e+01
2.387625418060200511e-01 2.282381037594007296e+02 2.302957016076119316e+02 6.840079928066966630e+00 7.399404991677369203e+00 3.556703124628172930e+01
2.395652173913043470e-01 2.290233121675855728e+02 2.310948466693656371e+02 6.893525793446063865e+00 7.456499971310498687e+00 3.574620751297909749e+01
2.403678929765886152e-01 2.298087032960744125e+02 2.318941821088350537e+02 6.946945323356986890e+00 7.513572476893387808e+00 3.592538411112374064e+01
2.411705685618729111e-01 2.305942760785876544e+02 2.326937071805886887e+02 7.000328609556398796e+00 7.570612678289579733e+00 3.610462745860076694e+01
2.419732441471571793e-01 2.313800294228023517e+02 2.334934211334554561e+02 7.053665581223597769e+00 7.627610588273983971e+00 3.628351001987760327e+01
2.427759197324414753e-01 2.321659621751974782e+02 2.342933231749203458e+02 7.106945936454143187e+00 7.684555993922228545e+00 3.646221930115735432e+01
2.435785953177257435e-01 2.329520731362852359e+02 2.350934124861051089e+02 7.160159163392157744e+00 7.741438477690375741e+00 3.664072227043285324e+01
2.443812709030100117e-01 2.337383610588278771e+02 2.358936882193842166e+02 7.213294548491148817e+00 7.798247425530636434e+00 3.681847352457574374e+01
2.451839464882943076e-01 2.345248246431443704e+02 2.366941494935533683e+02 7.266341158463695216e+00 7.854972008816821116e+00 3.699554154802882522e+01
2.459866220735785758e-01 2.353114625432457387e+02 2.374947953992048610e+02 7.319287838720113015e+00 7.911601182595013881e+00 3.717181444140427971e+01
2.467892976588628717e-01 2.360982733671927747e+02 2.382956249989852040e+02 7.372123229576399872e+00 7.968123701776170797e+00 3.734683898044243477e+01
2.475919732441471399e-01 2.368852556703322136e+02 2.390966373201952138e+02 7.424835743142029543e+00 8.024528097867353438e+00 3.752053681604214574e+01
2.483946488294314359e-01 2.376724079627792321e+02 2.398978313619634832e+02 7.477413577638195363e+00 8.080802693218705812e+00 3.769223244507549708e+01
2.491973244147157041e-01 2.384597286970478649e+02 2.406992060821778239e+02 7.529844694383571735e+00 8.136935577834906397e+00 3.786230123002037828e+01
2.500000000000000000e-01 2.392472163027938166e+02 2.415007604320892938e+02 7.582116870697845457e+00 8.192914662251252977e+00 3.802968720871879071e+01
