# n,eps,eps_e_mu, P, P_e_mu, std_p
1.000000000000000021e-02 9.431293824363674361e+00 9.432452304311103930e+00 8.885560253858055049e-03 9.271380718425563036e-03 1.009018450771800079e+00
1.080267558528428054e-02 1.018889742107014129e+01 1.019031038794531518e+01 1.029287355683103887e-02 1.076348749184180206e-02 1.409290383080014752e+00
1.160535117056856261e-02 1.094658446341557578e+01 1.094827982373061737e+01 1.179313381434625094e-02 1.235784306704559160e-02 1.811221745794290960e+00
1.240802675585284294e-02 1.170435460243112757e+01 1.170636039373052562e+01 1.338464290545571776e-02 1.405279306354056262e-02 2.225864256553340415e+00
1.321070234113712327e-02 1.246220745767719684e+01 1.246455179329859320e+01 1.506578951268213416e-02 1.584675147864153880e-02 2.657713160118143403e+00
1.401337792642140534e-02 1.322014261730481266e+01 1.322285364802546326e+01 1.683504399462840487e-02 1.773820119115170069e-02 3.108856031525664587e+00
1.481605351170568567e-02 1.397815963938611183e+01 1.398126552819434920e+01 1.869095394398012297e-02 1.972569389633091128e-02 3.580273818360595328e+00
1.561872909698996600e-02 1.473625805397544219e+01 1.473978696100485308e+01 2.063214036625727471e-02 2.180784967376986003e-02 4.072370369860895067e+00
1.642140468227424807e-02 1.549443736499658542e+01 1.549841744029424717e+01 2.265729431999883095e-02 2.398335624015911910e-02 4.585195725934027244e+00
1.722408026755852667e-02 1.625269705274564558e+01 1.625715643504745600e+01 2.476517408136236914e-02 2.625096811724093523e-02 5.118589172555439326e+00
1.802675585284280874e-02 1.701103657623542276e+01 1.701600339631728076e+01 2.695460266547754571e-02 2.860950567923190024e-02 5.672244085156245674e+00
1.882943143812709080e-02 1.776945537535733166e+01 1.777495776284003881e+01 2.922446567488260274e-02 3.105785415314604378e-02 6.245730511099156779e+00
1.963210702341137287e-02 1.852795287324267548e+01 1.853401896597493348e+01 3.157370948043949216e-02 3.359496265958982625e-02 6.838547038654160026e+00
2.043478260869565147e-02 1.928652847800701409e+01 1.929318643333925465e+01 3.400133956642501648e-02 3.621984318855339668e-02 7.450126626861213630e+00
2.123745819397993007e-02 2.004518158495132596e+01 2.005245959236697217e+01 3.650641917742385861e-02 3.893156969913073862e-02 8.079844243301447904e+00
2.204013377926421213e-02 2.080391157809081903e+01 2.081183787277564790e+01 3.908806807107858411e-02 4.172927718525155233e-02 8.727031087188821701e+00
2.284280936454849420e-02 2.156271783194682001e+01 2.157132070897278808e+01 4.174546146780198225e-02 4.461216083044977632e-02 9.390989496955855387e+00
2.364548494983277627e-02 2.232159971295877909e+01 2.233090754182956417e+01 4.447782910679081575e-02 4.757947518464526737e-02 1.007097521587787270e+01
2.444816053511705833e-02 2.308055658076891348e+01 2.309059782013112994e+01 4.728445438668780337e-02 5.063053336019040368e-02 1.076621313446563377e+01
2.525083612040133693e-02 2.383958778971106085e+01 2.385039100208080143e+01 5.016467368414069539e-02 5.376470635567067585e-02 1.147592086574899284e+01
2.605351170568561553e-02 2.459869268985522694e+01 2.461028655624219397e+01 5.311787567038834396e-02 5.698142233846940213e-02 1.219927712223311822e+01
2.685618729096989760e-02 2.535787062804321934e+01 2.537028396238772032e+01 5.614350070968793932e-02 6.028016598090835121e-02 1.293543740288167321e+01
2.765886287625417966e-02 2.611712094897134406e+01 2.613038271231682330e+01 5.924104035766607906e-02 6.366047787051991314e-02 1.368355962959261340e+01
2.846153846153846173e-02 2.687644299606052911e+01 2.689058231042873004e+01 6.241003686833856978e-02 6.712195391801410727e-02 1.444276824673352344e+01
2.926421404682274380e-02 2.763583611242721716e+01 2.765088227433414048e+01 6.565008276474593174e-02 7.066424480823611798e-02 1.521217825882309782e+01
3.006688963210701893e-02 2.839529964156656661e+01 2.841128213517535173e+01 6.896082046805616927e-02 7.428705550828609838e-02 1.599089152971887806e+01
3.086956521739130099e-02 2.915483292760252354e+01 2.917178143747645791e+01 7.234194176169329860e-02 7.799014459839964664e-02 1.677801082452222659e+01
3.167224080267558306e-02 2.991443531765859021e+01 2.993237974110883570e+01 7.579318781515247128e-02 8.177332416070291765e-02 1.757262185679563515e+01
3.247491638795986513e-02 3.067410616043096638e+01 3.069307661944733212e+01 7.931434844675322449e-02 8.563645890300852770e-02 1.837380060493614309e+01
3.327759197324414719e-02 3.143384480817454474e+01 3.145387166093170705e+01 8.290526210893732484e-02 8.957946600261958159e-02 1.918062622275791540e+01
3.408026755852842926e-02 3.219365061698580632e+01 3.221476446892842205e+01 8.656581551743343372e-02 9.360231459515229446e-02 1.999217669443784828e+01
3.488294314381270439e-02 3.295352294679915417e+01 3.297575466129784871e+01 9.029594327061252201e-02 9.770502525085941747e-02 2.080752702598018899e+01
3.568561872909698646e-02 3.371346116335831056e+01 3.373684187194096040e+01 9.409562789292261198e-02 1.018876698765180111e-01 2.162575109522241235e+01
3.648829431438126852e-02 3.447346463677300932e+01 3.449802574893377738e+01 9.796489919242858113e-02 1.061503709322254019e-01 2.244593294423211916e+01
3.729096989966555059e-02 3.523353274385284806e+01 3.525930595643791321e+01 1.019038343588515722e-01 1.104933013883614285e-01 2.326714001086083528e+01
3.809364548494983266e-02 3.599366486747533855e+01 3.602068217365477665e+01 1.059125575320772894e-01 1.149166841561379687e-01 2.408847219614742841e+01
3.889632107023411473e-02 3.675386039752850564e+01 3.678215409534975322e+01 1.099912396685541194e-01 1.194207918145530206e-01 2.490902009206045165e+01
3.969899665551838985e-02 3.751411873110237138e+01 3.754372143163705999e+01 1.141400982444969042e-01 1.240059461780430722e-01 2.572789963490420106e+01
4.050167224080267192e-02 3.827443927335388452e+01 3.830538390843541663e+01 1.183593970939273154e-01 1.286725179981141609e-01 2.654419728181496296e+01
4.130434782608695399e-02 3.903482143748032485e+01 3.906714126704364531e+01 1.226494462119021578e-01 1.334209266339798083e-01 2.735705164401380785e+01
4.210702341137123605e-02 3.979526464531829788e+01 3.982899326433697951e+01 1.270106013805076817e-01 1.382516395443237622e-01 2.816561881201198148e+01
4.290969899665551812e-02 4.055576832783369667e+01 4.059093967286571569e+01 1.314432641357304588e-01 1.431651721237375552e-01 2.896902340058509040e+01
4.371237458193980019e-02 4.131633192559319667e+01 4.135298028093733791e+01 1.359478814380271072e-01 1.481620872435105984e-01 2.976643507312551762e+01
4.451505016722408226e-02 4.207695488905503822e+01 4.211511489251754625e+01 1.405249455078102228e-01 1.532429949571942063e-01 3.055704504663015797e+01
4.531772575250835738e-02 4.283763667856182167e+01 4.287734332684831884e+01 1.451749934060598268e-01 1.584085519563037392e-01 3.134006580124279395e+01
4.612040133779263945e-02 4.359837676593797795e+01 4.363966541966176038e+01 1.498986072270795111e-01 1.636594616352074483e-01 3.211469008469320841e+01
4.692307692307692152e-02 4.435917463332864230e+01 4.440208102164571358e+01 1.546964134015218761e-01 1.689964732697307181e-01 3.288018373414489304e+01
4.772575250836120359e-02 4.512002977473947141e+01 4.516458999961442800e+01 1.595690827260446976e-01 1.744203819237578335e-01 3.363578461839989586e+01
4.852842809364548565e-02 4.588094169591963123e+01 4.592719223602460943e+01 1.645173300703682839e-01 1.799320280339906375e-01 3.438077998313509909e+01
4.933110367892976772e-02 4.664190991465878966e+01 4.668988762890881361e+01 1.695419140340014008e-01 1.855322969454621107e-01 3.511447184941309274e+01
5.013377926421404285e-02 4.740293396146990546e+01 4.745267609219824578e+01 1.746436368900791125e-01 1.912221187353836116e-01 3.583620070040355188e+01
5.093645484949832491e-02 4.816401337976586206e+01 4.821555755554518186e+01 1.798233440891393586e-01 1.970024675988516494e-01 3.654529395278605364e+01
5.173913043478260698e-02 4.892514772607653839e+01 4.897853196418860477e+01 1.850819242042355262e-01 2.028743616768143021e-01 3.724114620376482065e+01
5.254180602006688905e-02 4.968633657062040498e+01 4.974159927917170876e+01 1.904203085458927858e-01 2.088388625530009646e-01 3.792315193128801809e+01
5.334448160535117112e-02 5.044757949756473892e+01 5.050475947726163639e+01 1.958394708670020967e-01 2.148970748453123691e-01 3.859073287821521347e+01
5.414715719063545318e-02 5.120887610528956913e+01 5.126801255087057285e+01 2.013404271341077967e-01 2.210501458628405802e-01 3.924333641485026192e+01
5.494983277591972831e-02 5.197022600689709293e+01 5.203135850822940256e+01 2.069242352598388845e-01 2.272992652263665925e-01 3.988046246312651277e+01
5.575250836120401038e-02 5.273162883026009240e+01 5.279479737309075205e+01 2.125919947086018780e-01 2.336456643589281956e-01 4.050158807723294530e+01
5.655518394648829245e-02 5.349308421859019802e+01 5.355832918498105499e+01 2.183448462238728183e-01 2.400906161077257517e-01 4.110627227751849944e+01
5.735785953177257451e-02 5.425459183074028147e+01 5.432195399916210476e+01 2.241839715760539919e-01 2.466354343783477288e-01 4.169406498351064982e+01
5.816053511705685658e-02 5.501615134118160455e+01 5.508567188629471190e+01 2.301105930639367192e-01 2.532814735317461818e-01 4.226457183085603475e+01
5.896321070234113865e-02 5.577776244084456891e+01 5.584948293294927879e+01 2.361259734564294943e-01 2.600301282159029892e-01 4.281738730011461058e+01
5.976588628762541378e-02 5.653942483693221988e+01 5.661338724110867560e+01 2.422314153477107268e-01 2.668828326174352839e-01 4.335217303059430094e+01
6.056856187290969584e-02 5.730113825330404609e+01 5.737738492823655889e+01 2.484282609522636132e-01 2.738410601514771892e-01 4.386860038246191351e+01
6.137123745819397791e-02 5.806290243106968774e+01 5.814147612756141825e+01 2.547178917573114099e-01 2.809063230108874154e-01 4.436638725901741509e+01
6.217391304347825998e-02 5.882471712892021998e+01 5.890566098809595275e+01 2.611017282763898884e-01 2.880801718158507718e-01 4.484522308341089314e+01
6.297658862876254204e-02 5.958658212220508688e+01 5.966993967343672267e+01 2.675812291332479442e-01 2.953641946053526812e-01 4.530492376301101132e+01
6.377926421404681023e-02 6.034849720502322867e+01 6.043431236351006675e+01 2.741578913513224025e-01 3.027600170115855582e-01 4.574524424512463838e+01
6.458193979933109230e-02 6.111046218919577910e+01 6.119877925330658996e+01 2.808332495696335140e-01 3.102693013964373248e-01 4.616600341470962832e+01
6.538461538461537437e-02 6.187247690470195494e+01 6.196334055297482735e+01 2.876088755560047283e-01 3.178937462506309375e-01 4.656705012621680595e+01
6.618729096989965643e-02 6.263454120088342592e+01 6.272799648877986556e+01 2.944863783373390387e-01 3.256350862420893666e-01 4.694827824069549393e+01
6.698996655518393850e-02 6.339665494466002116e+01 6.349274730101030428e+01 3.014674027148802615e-01 3.334950906282809213e-01 4.730954676536916992e+01
6.779264214046822057e-02 6.415881802324611272e+01 6.425759324642740467e+01 3.085536301786603874e-01 3.414755640815791415e-01 4.765079900912159161e+01
6.859531772575250264e-02 6.492103034232908954e+01 6.502253459617040221e+01 3.157467771827716652e-01 3.495783448734846588e-01 4.797199247032723690e+01
6.939799331103678470e-02 6.568329182743363504e+01 6.578757163683960130e+01 3.230485955019502531e-01 3.578053051374874838e-01 4.827312292442395858e+01
7.020066889632106677e-02 6.644560242373096060e+01 6.655270467005040302e+01 3.304608715332522095e-01 3.661583500856635531e-01 4.855415116808013920e+01
7.100334448160534884e-02 6.720796209612795735e+01 6.731793401226136098e+01 3.379854255954435338e-01 3.746394172210300577e-01 4.881514813192806201e+01
7.180602006688963090e-02 6.797037082982528489e+01 6.808325999506948278e+01 3.456241118601671714e-01 3.832504761811184046e-01 4.905616296642495655e+01
7.260869565217389909e-02 6.873282863010206256e+01 6.884868296473995031e+01 3.533788173505264529e-01 3.919935276515703615e-01 4.927727843440198541e+01
7.341137123745818116e-02 6.949533552278813886e+01 6.961420328244132349e+01 3.612514618733701499e-01 4.008706032193954938e-01 4.947860152509036880e+01
7.421404682274246323e-02 7.025789155427182209e+01 7.037982132399400825e+01 3.692439972680527926e-01 4.098837645353144987e-01 4.966019403233202212e+01
7.501672240802674529e-02 7.102049679174247387e+01 7.114553747988504995e+01 3.773584068968786065e-01 4.190351027282565033e-01 4.982230886905173861e+01
7.581939799331102736e-02 7.178315132314891400e+01 7.191135215498648847e+01 3.855967051369145748e-01 4.283267378171636830e-01 4.996505745045555358e+01
7.662207357859530943e-02 7.254585525775367216e+01 7.267726576888154000e+01 3.939609367596434431e-01 4.377608180146189132e-01 5.008862929694141286e+01
7.742474916387959150e-02 7.330860872564745989e+01 7.344327875514611037e+01 4.024531764472438211e-01 4.473395191654671588e-01 5.019326359526790782e+01
7.822742474916387356e-02 7.407141187874314880e+01 7.420939156213736965e+01 4.110755284210661498e-01 4.570650443068309254e-01 5.027921470850087360e+01
7.903010033444815563e-02 7.483426488971764456e+01 7.497560465170575128e+01 4.198301252268508144e-01 4.669396223766930643e-01 5.034667589565523826e+01
7.983277591973243770e-02 7.559716795317149263e+01 7.574191850013373539e+01 4.287191279200107119e-01 4.769655083255728845e-01 5.039596034069616337e+01
8.063545150501670589e-02 7.636012128525814546e+01 7.650833359759553787e+01 4.377447249341360758e-01 4.871449819285026406e-01 5.042737039363783680e+01
8.143812709030098795e-02 7.712312512389218000e+01 7.727485044811550097e+01 4.469091317266897789e-01 4.974803473474586069e-01 5.044119280058048105e+01
8.224080267558527002e-02 7.788617972870027018e+01 7.804146956936904189e+01 4.562145901639639844e-01 5.079739324662777555e-01 5.043776107886284876e+01
8.304347826086955209e-02 7.864928538128994262e+01 7.880819149270452328e+01 4.656633675383035076e-01 5.186280878256221971e-01 5.041741536180168026e+01
8.384615384615383415e-02 7.941244238492261331e+01 7.957501676268879010e+01 4.752577565770095824e-01 5.294451865893625708e-01 5.038054578370262959e+01
8.464882943143811622e-02 8.017565106525857743e+01 8.034194593762966008e+01 4.850000744307714773e-01 5.404276234588284433e-01 5.032748168804775446e+01
8.545150501672239829e-02 8.093891176969133028e+01 8.110897958874558356e+01 4.948926619118522163e-01 5.515778138561336918e-01 5.025862941770063230e+01
8.625418060200668036e-02 8.170222486786420291e+01 8.187611830049422679e+01 5.049378830772042193e-01 5.628981934445960178e-01 5.017440839692476828e+01
8.705685618729096242e-02 8.246559075103284897e+01 8.264336266980208734e+01 5.151381243752214401e-01 5.743912172311784747e-01 5.007523347175251871e+01
8.785953177257524449e-02 8.322900983342898940e+01 8.341071330723838173e+01 5.254957943130185161e-01 5.860593591705114402e-01 4.996148705092902986e+01
8.866220735785952656e-02 8.399248255065988644e+01 8.417817083524398925e+01 5.360133225150116587e-01 5.979051111666168206e-01 4.983364831462010613e+01
8.946488294314379475e-02 8.475600936095848681e+01 8.494573588928493280e+01 5.466931590400246899e-01 6.099309823577849787e-01 4.969216721668094294e+01
9.026755852842807681e-02 8.551959074426584095e+01 8.571340911671079255e+01 5.575377736442326260e-01 6.221394983048443850e-01 4.953750519913925388e+01
9.107023411371235888e-02 8.628322720302341509e+01 8.648119117746820450e+01 5.685496555337533620e-01 6.345332007175141786e-01 4.937013816344249051e+01
9.187290969899664095e-02 8.704691926172928618e+01 8.724908274348182147e+01 5.797313121721413554e-01 6.471146462034418345e-01 4.919052042011926318e+01
9.267558528428092302e-02 8.781066746666785150e+01 8.801708449827820857e+01 5.910852688660199750e-01 6.598864058185854864e-01 4.899916655416421207e+01
9.347826086956520508e-02 8.857447238619704422e+01 8.878519713711841632e+01 6.026140677677007673e-01 6.728510640182927549e-01 4.879657547194535994e+01
9.428093645484948715e-02 8.933833461102300078e+01 8.955342136716868140e+01 6.143202675405387003e-01 6.860112182879716247e-01 4.858321617012631322e+01
9.508361204013376922e-02 9.010225475358676306e+01 9.032175790675924532e+01 6.262064425449086480e-01 6.993694782864748882e-01 4.835963958427363707e+01
9.588628762541805128e-02 9.086623344811447112e+01 9.109020748533708911e+01 6.382751819587724196e-01 7.129284649341390834e-01 4.812636011628715949e+01
9.668896321070233335e-02 9.163027135066126050e+01 9.185877084337420229e+01 6.505290892623207810e-01 7.266908098522519843e-01 4.788392675269045640e+01
9.749163879598661542e-02 9.239436913909348448e+01 9.262744873227401854e+01 6.629707811638703152e-01 7.406591542636622449e-01 4.763277676222698176e+01
9.829431438127089748e-02 9.315852751289428113e+01 9.339624191408182696e+01 6.756028875707986714e-01 7.548361489320042361e-01 4.737348288551065423e+01
9.909698996655516567e-02 9.392274719310466935e+01 9.416515116129805563e+01 6.884280501691792953e-01 7.692244526987267461e-01 4.710665633669513142e+01
9.989966555183944774e-02 9.468702892224199275e+01 9.493417725672853180e+01 7.014489221242286021e-01 7.838267321608167748e-01 4.683272753247817377e+01
1.007023411371237298e-01 9.545137346388857225e+01 9.570332099302041229e+01 7.146681669886943977e-01 7.986456605615995796e-01 4.655233977943869661e+01
1.015050167224080119e-01 9.621578160359018739e+01 9.647258317343697342e+01 7.280884585565338130e-01 8.136839176031935850e-01 4.626590075344898878e+01
1.023076923076922939e-01 9.698025414715900183e+01 9.724196461009159975e+01 7.417124793063728516e-01 8.289441878669961961e-01 4.597409097655074817e+01
1.031103678929765760e-01 9.774479192192939081e+01 9.801146612516572532e+01 7.555429207274668713e-01 8.444291611269958420e-01 4.567741574627784473e+01
1.039130434782608581e-01 9.850939577557807070e+01 9.878108854964168017e+01 7.695824814625469301e-01 8.601415304635400272e-01 4.537634431977870264e+01
1.047157190635451401e-01 9.927406657740125695e+01 9.955083272452597498e+01 7.838338675696477909e-01 8.760839925071994827e-01 4.507151505002841674e+01
1.055183946488294222e-01 1.000388052164102675e+02 1.003206994988826324e+02 7.982997908706018775e-01 8.922592457665062815e-01 4.476341721847706623e+01
1.063210702341137043e-01 1.008036126024077674e+02 1.010906897308806123e+02 8.129829693210045560e-01 9.086699909883044768e-01 4.445261240484177989e+01
1.071237458193979863e-01 1.015684896653812785e+02 1.018608042871176735e+02 8.278861252901110745e-01 9.253189294144325006e-01 4.413960872467116303e+01
1.079264214046822684e-01 1.023334373550024026e+02 1.026310440420942172e+02 8.430119851651614038e-01 9.422087623775854404e-01 4.382497375798110539e+01
1.087290969899665366e-01 1.030984566423959592e+02 1.034014098799409140e+02 8.583632793407656170e-01 9.593421912768803628e-01 4.350925645980215251e+01
1.095317725752508187e-01 1.038635485163518695e+02 1.041719026905895760e+02 8.739427400828166936e-01 9.767219154280736282e-01 4.319288386639605903e+01
1.103344481605351007e-01 1.046287139862649269e+02 1.049425233727285445e+02 8.897531017936139985e-01 9.943506323338973107e-01 4.287649041082400458e+01
1.111371237458193828e-01 1.053939540811618656e+02 1.057132728327167115e+02 9.057971004739130416e-01 1.012231037108424880e+00 4.256051612552938224e+01
1.119397993311036649e-01 1.061592698485018360e+02 1.064841519835016186e+02 9.220774721463859125e-01 1.030365820939753263e+00 4.224542419138285254e+01
1.127424749163879469e-01 1.069246623557859692e+02 1.072551617460628250e+02 9.385969533180363866e-01 1.048757671496996169e+00 4.193184848815336352e+01
1.135451505016722290e-01 1.076901326873919515e+02 1.080263030463612210e+02 9.553582785632342977e-01 1.067409270551578748e+00 4.162020150608479696e+01
1.143478260869565111e-01 1.084556819487664967e+02 1.087975768194598913e+02 9.723641816514617675e-01 1.086323295081095264e+00 4.131094696765510577e+01
1.151505016722407931e-01 1.092213112620342486e+02 1.095689840051390149e+02 9.896173944426903679e-01 1.105502416166719071e+00 4.100452068824800733e+01
1.159531772575250752e-01 1.099870217676498214e+02 1.103405255495837594e+02 1.007120644861018599e+00 1.124949296978749569e+00 4.070147483921321196e+01
1.167558528428093573e-01 1.107528146245225003e+02 1.111122024054728001e+02 1.024876657910256172e+00 1.144666593780174768e+00 4.040223511786685151e+01
1.175585284280936255e-01 1.115186910089563241e+02 1.118840155309689379e+02 1.042888154102519449e+00 1.164656954372065956e+00 4.010713773375685065e+01
1.183612040133779075e-01 1.122846521138999094e+02 1.126559658889447348e+02 1.061157848124699932e+00 1.184923016752031710e+00 3.981673426528686832e+01
1.191638795986621896e-01 1.130506991518839754e+02 1.134280544499857371e+02 1.079688450900580632e+00 1.205467411198195116e+00 3.953133823341697450e+01
1.199665551839464717e-01 1.138168333496105049e+02 1.142002821869390203e+02 1.098482665210366305e+00 1.226292755875201701e+00 3.925144350291421347e+01
1.207692307692307537e-01 1.145830559521066760e+02 1.149726500791935990e+02 1.117543187774352687e+00 1.247401658960049620e+00 3.897732411500244609e+01
1.215719063545150358e-01 1.153493682208024467e+02 1.157451591106632804e+02 1.136872707539116512e+00 1.268796716896687382e+00 3.870932357015558267e+01
1.223745819397993179e-01 1.161157714329056745e+02 1.165178102693135429e+02 1.156473905117433310e+00 1.290480513886535396e+00 3.844789835133438061e+01
1.231772575250835999e-01 1.168822668823359123e+02 1.172906045480591075e+02 1.176349452423992137e+00 1.312455621512107262e+00 3.819333971037713837e+01
1.239799331103678820e-01 1.176487265310771306e+02 1.180635434444313745e+02 1.196413573929191232e+00 1.334622338841741973e+00 3.794521205513307649e+01
1.247826086956521641e-01 1.184149839785323906e+02 1.188366274196358603e+02 1.216554605074937179e+00 1.356851759292008630e+00 3.770305033504824621e+01
1.255852842809364600e-01 1.191811752770557291e+02 1.196098556460691213e+02 1.236867730241850039e+00 1.379254196677952571e+00 3.746787743361561951e+01
1.263879598662207282e-01 1.199473397762125444e+02 1.203832282277361827e+02 1.257381859780876354e+00 1.401862975269299927e+00 3.724021495528973702e+01
1.271906354515049964e-01 1.207134983269313011e+02 1.211567455239996320e+02 1.278113199814339795e+00 1.424696610313626266e+00 3.702035213761413246e+01
1.279933110367892923e-01 1.214796647231585354e+02 1.219304080259765044e+02 1.299073094549974883e+00 1.447767926715699094e+00 3.680862001232917891e+01
1.287959866220735605e-01 1.222458491592681753e+02 1.227042163114864479e+02 1.320270397822745467e+00 1.471086822504936054e+00 3.660524477039540869e+01
1.295986622073578565e-01 1.230120597022155522e+02 1.234781710191662825e+02 1.341712481401295731e+00 1.494661446991844889e+00 3.641047606002456405e+01
1.304013377926421247e-01 1.237783030438777701e+02 1.242522728349323131e+02 1.363405752892686840e+00 1.518498806573793214e+00 3.622446026103040850e+01
1.312040133779264206e-01 1.245445849314740201e+02 1.250265224841170095e+02 1.385355949699333067e+00 1.542605109656968621e+00 3.604745437015743192e+01
1.320066889632106888e-01 1.253109104312240731e+02 1.258009207236390097e+02 1.407568319946246094e+00 1.566985979553826569e+00 3.587954135612164919e+01
1.328093645484949847e-01 1.260772841018252421e+02 1.265754683370795561e+02 1.430047741683859508e+00 1.591646594944458926e+00 3.572083950081994885e+01
1.336120401337792529e-01 1.268437101146400749e+02 1.273501661323076348e+02 1.452798804914540387e+00 1.616591786729067559e+00 3.557143360081911965e+01
1.344147157190635489e-01 1.276101923360740926e+02 1.281250149365062327e+02 1.475825866681874432e+00 1.641826103828196048e+00 3.543132851198225808e+01
1.352173913043478171e-01 1.283767343924797331e+02 1.289000155968691388e+02 1.499133096762832462e+00 1.667353866820023178e+00 3.530056461326709183e+01
1.360200668896321130e-01 1.291433397143056254e+02 1.296751689761253488e+02 1.522724507590721643e+00 1.693179203996605819e+00 3.517924071509989403e+01
1.368227424749163812e-01 1.299100115718808013e+02 1.304504759517574257e+02 1.546603976958600413e+00 1.719306078763559453e+00 3.506738368176731058e+01
1.376254180602006771e-01 1.306767531035721959e+02 1.312259374147034805e+02 1.570775268306924044e+00 1.745738313730450075e+00 3.496498087164555102e+01
1.384280936454849453e-01 1.314435673375706131e+02 1.320015542681523186e+02 1.595242045183688395e+00 1.772479608210787649e+00 3.487176372570897342e+01
1.392307692307692413e-01 1.322104572092873696e+02 1.327773274263282701e+02 1.620007881818288809e+00 1.799533551288708511e+00 3.478801235033510864e+01
1.400334448160535095e-01 1.329774255757005221e+02 1.335532578137488997e+02 1.645076274650928205e+00 1.826903635437455042e+00 3.471340965426346514e+01
1.408361204013377777e-01 1.337444752266618195e+02 1.343293463639594734e+02 1.670450647387372589e+00 1.854593263289386895e+00 3.464801906010765720e+01
1.416387959866220736e-01 1.345116088950523476e+02 1.351055940193209608e+02 1.696134359203793185e+00 1.882605757317525663e+00 3.459166321528871180e+01
1.424414715719063418e-01 1.352788292643499801e+02 1.358820017299920835e+02 1.722130708993131698e+00 1.910944365372423848e+00 3.454417085623008887e+01
1.432441471571906377e-01 1.360461389754362074e+02 1.366585704532195109e+02 1.748442940781174126e+00 1.939612267143935753e+00 3.450545980701481596e+01
1.440468227424749059e-01 1.368135406317415175e+02 1.374353011523689077e+02 1.775074243756682879e+00 1.968612575172684620e+00 3.447548394687141382e+01
1.448494983277592019e-01 1.375810368066487968e+02 1.382121947989436705e+02 1.802027762656825960e+00 1.997948346055455904e+00 3.445393262236209608e+01
1.456521739130434701e-01 1.383486300430738538e+02 1.389892523675879659e+02 1.829306591821007855e+00 2.027622575236658342e+00 3.444074412545488428e+01
1.464548494983277660e-01 1.391163228603089408e+02 1.397664748389133820e+02 1.856913782034045779e+00 2.057638204491146983e+00 3.443577762406861353e+01
1.472575250836120342e-01 1.398841177559543212e+02 1.405438631980864557e+02 1.884852341708430856e+00 2.087998123714553511e+00 3.443864693651377706e+01
1.480602006688963301e-01 1.406520172090050096e+02 1.413214184348054800e+02 1.913125238324316690e+00 2.118705172859597585e+00 3.444943667104121943e+01
1.488628762541805983e-01 1.414200236814256471e+02 1.420991415423372928e+02 1.941735398337214979e+00 2.149762142339020521e+00 3.446777971413538921e+01
1.496655518394648943e-01 1.421881396207128034e+02 1.428770335177601112e+02 1.970685711036804344e+00 2.181171777309919069e+00 3.449364801244983880e+01
1.504682274247491625e-01 1.429563674601010632e+02 1.436550953601255287e+02 1.999979026367614043e+00 2.212936775882236695e+00 3.452660166080670479e+01
1.512709030100334306e-01 1.437247096224404572e+02 1.444333280725762165e+02 2.029618158339936418e+00 2.245059792896113571e+00 3.456647235723850997e+01
1.520735785953177266e-01 1.444931685193897977e+02 1.452117326599538103e+02 2.059605883758780731e+00 2.277543438980469848e+00 3.461337086565870891e+01
1.528762541806019948e-01 1.452617465534977725e+02 1.459903101295194290e+02 2.089944943584472359e+00 2.310390282229298986e+00 3.466671998109468689e+01
1.536789297658862907e-01 1.460304461179100031e+02 1.467690614893696477e+02 2.120638042990380612e+00 2.343602848530932370e+00 3.472647240137639102e+01
1.544816053511705589e-01 1.467992695997595263e+02 1.475479877507506217e+02 2.151687853231841085e+00 2.377183623708070570e+00 3.479222777632467967e+01
1.552842809364548549e-01 1.475682193780478144e+02 1.483270899250697994e+02 2.183097009953608669e+00 2.411135052100340737e+00 3.486415467026133541e+01
1.560869565217391230e-01 1.483372978254936925e+02 1.491063690246948568e+02 2.214868114124974419e+00 2.445459537686887064e+00 3.494154631092746399e+01
1.568896321070234190e-01 1.491065073093035380e+02 1.498858260630841244e+02 2.247003732334539094e+00 2.480159444633665444e+00 3.502469545217372371e+01
1.576923076923076872e-01 1.498758501907460641e+02 1.506654620536941138e+02 2.279506397572231169e+00 2.515237098287511408e+00 3.511314231471738623e+01
1.584949832775919831e-01 1.506453288279609524e+02 1.514452780121125954e+02 2.312378609926796447e+00 2.550694786053551599e+00 3.520686194823357340e+01
1.592976588628762513e-01 1.514149455706471485e+02 1.522252749502328868e+02 2.345622830328704111e+00 2.586534751331631909e+00 3.530528695667273098e+01
1.601003344481605195e-01 1.521847027680647670e+02 1.530054538837858615e+02 2.379241492952813619e+00 2.622759206099262830e+00 3.540860416621409712e+01
1.609030100334448155e-01 1.529546027625673901e+02 1.537858158254679779e+02 2.413236993007568110e+00 2.659370318875846628e+00 3.551639311178803382e+01
1.617056856187290836e-01 1.537246478936274912e+02 1.545663617886327188e+02 2.447611693608841676e+00 2.696370221769300191e+00 3.562872369033533460e+01
1.625083612040133796e-01 1.544948404961440076e+02 1.553470927851361694e+02 2.482367923364566131e+00 2.733761008183870800e+00 3.574501987871870057e+01
1.633110367892976478e-01 1.552651829026093822e+02 1.561280098273749104e+02 2.517507977752262871e+00 2.771544734387729303e+00 3.586543453079649879e+01
1.641137123745819437e-01 1.560356774386481504e+02 1.569091139235176797e+02 2.553034117153368143e+00 2.809723417678399393e+00 3.598962548556792740e+01
1.649163879598662119e-01 1.568063264295020929e+02 1.576904060837312329e+02 2.588948568166627329e+00 2.848299037825660740e+00 3.611766628382046207e+01
1.657190635451505079e-01 1.575771321951366986e+02 1.584718873151733476e+02 2.625253524098415170e+00 2.887273537723676675e+00 3.624901197333563374e+01
1.665217391304347760e-01 1.583480970516755235e+02 1.592535586233415756e+02 2.661951142044583385e+00 2.926648820575216803e+00 3.638387306577408253e+01
1.673244147157190720e-01 1.591192233111979419e+02 1.600354210114348916e+02 2.699043546426691975e+00 2.966426753596323795e+00 3.652194738940579555e+01
1.681270903010033402e-01 1.598905132839969951e+02 1.608174754829449284e+02 2.736532827692552239e+00 3.006609166802155286e+00 3.666302285073322054e+01
1.689297658862876084e-01 1.606619692743096550e+02 1.615997230369503370e+02 2.774421039403764500e+00 3.047197850230899174e+00 3.680713769725780793e+01
1.697324414715719043e-01 1.614335935827806168e+02 1.623821646706619219e+02 2.812710201993983361e+00 3.088194557830735043e+00 3.695395972001358587e+01
1.705351170568561725e-01 1.622053885067222438e+02 1.631648013797839951e+02 2.851402300780663701e+00 3.129601005594464525e+00 3.710332463534683711e+01
1.713377926421404684e-01 1.629773563389048547e+02 1.639476341567923328e+02 2.890499285827443643e+00 3.171418871487935220e+00 3.725551206544994187e+01
1.721404682274247366e-01 1.637494993682630593e+02 1.647306639922181262e+02 2.930003072270833453e+00 3.213649795948716914e+00 3.740992204183848457e+01
1.729431438127090326e-01 1.645218198788937514e+02 1.655138918732929199e+02 2.969915540594506798e+00 3.256295382239454472e+00 3.756688834093331053e+01
1.737458193979933008e-01 1.652943201497699306e+02 1.662973187837366709e+02 3.010238534655730547e+00 3.299357194576241881e+00 3.772588386733216481e+01
1.745484949832775967e-01 1.660670024573532828e+02 1.670809457064572996e+02 3.050973863778788875e+00 3.342836760345403668e+00 3.788708833496281869e+01
1.753511705685618649e-01 1.668398690712782013e+02 1.678647736191979618e+02 3.092123301058816498e+00 3.386735568492271753e+00 3.805016559217834526e+01
1.761538461538461608e-01 1.676129222571922526e+02 1.686488034975026267e+02 3.133688583894265189e+00 3.431055070174839017e+00 3.821552943450779338e+01
1.769565217391304290e-01 1.683861642750675003e+02 1.694330363129738828e+02 3.175671412690411533e+00 3.475796677539676693e+00 3.838241505797158482e+01
1.777591973244147250e-01 1.691595973810730982e+02 1.702174730353895598e+02 3.218073455622788792e+00 3.520961768628712463e+00 3.855124664623554764e+01
1.785618729096989932e-01 1.699332238233291719e+02 1.710021146283040139e+02 3.260896338770244984e+00 3.566551677552626920e+00 3.872173115300950030e+01
1.793645484949832614e-01 1.707070458468249683e+02 1.717869620542350333e+02 3.304141655733271676e+00 3.612567704251980150e+00 3.889388914305782663e+01
1.801672240802675573e-01 1.714810656898536649e+02 1.725720162711278078e+02 3.347810961836126697e+00 3.659011108779022248e+00 3.906742285319669605e+01
1.809698996655518255e-01 1.722552855848134925e+02 1.733572782331703195e+02 3.391905776601952915e+00 3.705883113845862553e+00 3.924258730229625769e+01
1.817725752508361214e-01 1.730297077574197715e+02 1.741427488902677396e+02 3.436427582159582883e+00 3.753184903363957492e+00 3.941900137487787958e+01
1.825752508361203896e-01 1.738043344288017238e+02 1.749284291900749224e+02 3.481377822650176146e+00 3.800917621898876053e+00 3.959703026493100708e+01
1.833779264214046856e-01 1.745791678104701248e+02 1.757143200732444370e+02 3.526757906024635236e+00 3.849082376600111211e+00 3.977605423548192931e+01
1.841806020066889538e-01 1.753542101104517599e+02 1.765004224794964500e+02 3.572569202680635048e+00 3.897680235881521682e+00 3.995647463900579055e+01
1.849832775919732497e-01 1.761294635283967409e+02 1.772867373430838143e+02 3.618813045050096378e+00 3.946712229156460694e+00 4.013819029916054149e+01
1.857859531772575179e-01 1.769049302570788029e+02 1.780732655941303904e+02 3.665490727438017515e+00 3.996179346691365097e+00 4.032090187871422415e+01
1.865886287625418138e-01 1.776806124816301349e+02 1.788600081582415271e+02 3.712603506491932492e+00 4.046082540223546076e+00 4.050482876365305174e+01
1.873913043478260820e-01 1.784565123805259361e+02 1.796469659575445803e+02 3.760152600712005633e+00 4.096422722537371719e+00 4.068967191508535564e+01
1.881939799331103502e-01 1.792326321229869563e+02 1.804341399081179702e+02 3.808139190495813509e+00 4.147200767565969670e+00 4.087565814322167768e+01
1.889966555183946462e-01 1.800089738724585686e+02 1.812215309238476095e+02 3.856564417137212430e+00 4.198417509533991065e+00 4.106267621652268218e+01
1.897993311036789144e-01 1.807855397829235926e+02 1.820091399125953444e+02 3.905429383408846267e+00 4.250073743550808025e+00 4.125048442103719282e+01
1.906020066889632103e-01 1.815623320001390937e+02 1.827969677779050812e+02 3.954735152877130400e+00 4.302170225089807509e+00 4.143928703008238301e+01
1.914046822742474785e-01 1.823393526626103665e+02 1.835850154197328834e+02 4.004482751906208726e+00 4.354707671975057259e+00 4.162896980926814905e+01
1.922073578595317744e-01 1.831166038967307657e+02 1.843732837301738527e+02 4.054673161573224327e+00 4.407686756488109481e+00 4.181953266761628640e+01
1.930100334448160426e-01 1.838940878257101588e+02 1.851617736022185738e+02 4.105307334308781364e+00 4.461108122006843146e+00 4.201081554487709013e+01
1.938127090301003386e-01 1.846718065582961401e+02 1.859504859187763088e+02 4.156386172020492431e+00 4.514972361246074151e+00 4.220287803878653676e+01
1.946153846153846068e-01 1.854497621964671623e+02 1.867394215604409737e+02 4.207910542150290034e+00 4.569280032372919464e+00 4.239589901177484421e+01
1.954180602006689027e-01 1.862279568323056083e+02 1.875285814026181583e+02 4.259881271364584165e+00 4.624031652799769354e+00 4.258941849353228548e+01
1.962207357859531709e-01 1.870063925483823368e+02 1.883179663160666450e+02 4.312299146246483694e+00 4.679227699953843356e+00 4.278367874689224237e+01
1.970234113712374391e-01 1.877850714161997985e+02 1.891075771653457309e+02 4.365164911379929791e+00 4.734868609398882100e+00 4.297866579954894917e+01
1.978260869565217350e-01 1.885639954976829245e+02 1.898974148106367466e+02 4.418479270730971464e+00 4.790954776335870413e+00 4.317435274018278335e+01
1.986287625418060032e-01 1.893431668461213633e+02 1.906874801088255822e+02 4.472242890808225013e+00 4.847486558833856485e+00 4.337063404543556544e+01
1.994314381270902992e-01 1.901225875023681340e+02 1.914777739098712175e+02 4.526456393471613104e+00 4.904464270715671148e+00 4.356755541351579808e+01
2.002341137123745674e-01 1.909022594962723076e+02 1.922682970582615098e+02 4.581120359870083369e+00 4.961888185534589546e+00 4.376492041197455762e+01
2.010367892976588633e-01 1.916821848484749182e+02 1.930590503951587209e+02 4.636235331188029996e+00 5.019758537441760815e+00 4.396315970387041716e+01
2.018394648829431315e-01 1.924623655665564570e+02 1.938500347546363116e+02 4.691801804181378266e+00 5.078075516776634046e+00 4.416165012251784816e+01
2.026421404682274274e-01 1.932428036473114332e+02 1.946412509660683554e+02 4.747820236395424942e+00 5.136839275344675215e+00 4.436080291990798941e+01
2.034448160535116956e-01 1.940235010769115718e+02 1.954326998545949721e+02 4.804291041366223425e+00 5.196049921725812482e+00 4.456050939889465212e+01
2.042474916387959916e-01 1.948044598287583256e+02 1.962243822389856120e+02 4.861214590903951915e+00 5.255707523589920882e+00 4.476061609929344343e+01
2.050501672240802598e-01 1.955856818650426590e+02 1.970162989335169073e+02 4.918591214760374974e+00 5.315812107474091164e+00 4.496112340053733192e+01
2.058528428093645557e-01 1.963671691344641772e+02 1.978084507457101324e+02 4.976421198223927256e+00 5.376363656410465985e+00 4.516233781605257747e+01
2.066555183946488239e-01 1.971489235731818894e+02 1.986008384776007176e+02 5.034704782625524011e+00 5.437362110540874482e+00 4.536377209900395258e+01
2.074581939799330921e-01 1.979309471074518854e+02 1.993934629284168807e+02 5.093442171159162868e+00 5.498807372974800600e+00 4.556566533818249098e+01
2.082608695652173880e-01 1.987132416478386006e+02 2.001863248889926865e+02 5.152633517791848305e+00 5.560699298777163513e+00 4.576803131713230499e+01
2.090635451505016562e-01 1.994958090930483934e+02 2.009794251458420717e+02 5.212278935041685379e+00 5.623037702833643792e+00 4.597069933276713272e+01
2.098662207357859522e-01 2.002786513281492660e+02 2.017727644794170487e+02 5.272378489948872371e+00 5.685822355856730681e+00 4.617376119338169360e+01
2.106688963210702203e-01 2.010617702257316068e+02 2.025663436655448493e+02 5.332932207950137560e+00 5.749052988355622062e+00 4.637719712978699249e+01
2.114715719063545163e-01 2.018451676427803818e+02 2.033601634724147402e+02 5.393940067271337568e+00 5.812729285082365749e+00 4.658090207871940436e+01
2.122742474916387845e-01 2.026288454242294392e+02 2.041542246643332419e+02 5.455402000116138517e+00 5.876850886295698295e+00 4.678494274674226716e+01
2.130769230769230804e-01 2.034128054004459045e+02 2.049485279992610174e+02 5.517317898195667425e+00 5.941417393327439456e+00 4.698929283030785342e+01
2.138795986622073486e-01 2.041970493873575947e+02 2.057430742292533523e+02 5.579687604481748053e+00 6.006428360438704317e+00 4.719389283534994917e+01
2.146822742474916446e-01 2.049815791864049004e+02 2.065378641005564475e+02 5.642510916225302431e+00 6.071883297897738174e+00 4.739873318052984530e+01
2.154849498327759127e-01 2.057663965836173645e+02 2.073328983525233014e+02 5.705787584899855602e+00 6.137781671904051883e+00 4.760384107274048660e+01
2.162876254180601809e-01 2.065515033530911637e+02 2.081281777218972593e+02 5.769517319444128489e+00 6.204122908059320096e+00 4.780920085749336579e+01
2.170903010033444769e-01 2.073369012498388884e+02 2.089237029351547790e+02 5.833699776492134781e+00 6.270906381488493331e+00 4.801465974297077111e+01
2.178929765886287451e-01 2.081225920155255267e+02 2.097194747147436260e+02 5.898334568275845236e+00 6.338131424891966681e+00 4.822028103727488002e+01
2.186956521739130410e-01 2.089085773768502179e+02 2.105154937776663644e+02 5.963421261911053151e+00 6.405797327903619554e+00 4.842617376901228710e+01
2.194983277591973092e-01 2.096948590435558515e+02 2.113117608333864155e+02 6.028959374634457191e+00 6.473903332321115478e+00 4.863213502059053184e+01
2.203010033444816052e-01 2.104814387100228998e+02 2.121082765858224093e+02 6.094948377280323015e+00 6.542448635705059523e+00 4.883829185672588125e+01
2.211036789297658733e-01 2.112683180547178949e+02 2.129050417327808589e+02 6.161387691358953589e+00 6.611432388472494814e+00 4.904454314533919046e+01
2.219063545150501693e-01 2.120554987409406067e+02 2.137020569669523979e+02 6.228276696192238227e+00 6.680853701115305299e+00 4.925092524440169939e+01
2.227090301003344375e-01 2.128429824119019997e+02 2.144993229710908054e+02 6.295614712492297649e+00 6.750711627823277716e+00 4.945713952196172158e+01
2.235117056856187334e-01 2.136307706979341958e+02 2.152968404253278436e+02 6.363401019202120423e+00 6.821005183369734937e+00 4.966366001490815307e+01
2.243143812709030016e-01 2.144188652098819148e+02 2.160946100008725352e+02 6.431634845282113488e+00 6.891733334995167937e+00 4.987022034334876963e+01
2.251170568561872698e-01 2.152072675432129358e+02 2.168926323639767020e+02 6.500315369888507000e+00 6.962895002565550051e+00 5.007666931594644666e+01
2.259197324414715657e-01 2.159959792753764702e+02 2.176909081737857719e+02 6.569441720893693493e+00 7.034489057236722687e+00 5.028319564745028458e+01
2.267224080267558339e-01 2.167850019651444597e+02 2.184894380814613157e+02 6.639012978944021093e+00 7.106514325472414129e+00 5.048973998554923526e+01
2.275250836120401299e-01 2.175743371559318291e+02 2.192882227339023871e+02 6.709028172636053000e+00 7.178969584340378240e+00 5.069637632373023450e+01
2.283277591973243981e-01 2.183639863705921584e+02 2.200872627686706835e+02 6.779486279989315634e+00 7.251853563008089587e+00 5.090267266487447273e+01
2.291304347826086940e-01 2.191539511163642260e+02 2.208865588186379512e+02 6.850386228972547897e+00 7.325164943313520638e+00 5.110941149188720090e+01
2.299331103678929622e-01 2.199442328801868314e+02 2.216861115080601223e+02 6.921726896403660234e+00 7.398902358717526440e+00 5.131574507867435386e+01
2.307357859531772581e-01 2.207348331316944439e+02 2.224859214553299864e+02 6.993507106719289546e+00 7.473064393131865657e+00 5.152231699561068723e+01
2.315384615384615263e-01 2.215257533211737098e+02 2.232859892711312852e+02 7.065725634161986513e+00 7.547649583145735974e+00 5.172850836564813193e+01
2.323411371237458223e-01 2.223169948799454403e+02 2.240863155588371285e+02 7.138381197760888419e+00 7.622656413025193700e+00 5.193486033744777330e+01
2.331438127090300905e-01 2.231085592202840076e+02 2.248869009147898623e+02 7.211472467185673807e+00 7.698083320674599328e+00 5.214121723692593235e+01
2.339464882943143864e-01 2.239004477357196663e+02 2.256877459284696386e+02 7.284998058729852843e+00 7.773928693599213346e+00 5.234741750839570784e+01
2.347491638795986546e-01 2.246926617991921376e+02 2.264888511808727856e+02 7.358956533591744176e+00 7.850190867257953897e+00 5.255315141733484552e+01
2.355518394648829228e-01 2.254852027636924845e+02 2.272902172453233334e+02 7.433346402139696885e+00 7.926868129386036799e+00 5.275919548017181171e+01
2.363545150501672187e-01 2.262780719661804767e+02 2.280918446913350124e+02 7.508166122980464152e+00 8.003958719061936122e+00 5.296501301074565049e+01
2.371571906354514869e-01 2.270712707168712541e+02 2.288937340741189814e+02 7.583414093365852260e+00 8.081460817184218826e+00 5.317065771262961960e+01
2.379598662207357829e-01 2.278648003105875830e+02 2.296958859460980591e+02 7.659088663205009695e+00 8.159372560538320940e+00 5.337617196828183097e+01
2.387625418060200511e-01 2.286586620201091478e+02 2.304983008500600761e+02 7.735188123692664064e+00 8.237692030386213560e+00 5.358119362912336214e+01
2.395652173913043470e-01 2.294528570980691029e+02 2.313009793214880858e+02 7.811710715162284657e+00 8.316417260444007198e+00 5.378612258185539474e+01
2.403678929765886152e-01 2.302473867757852872e+02 2.321039218874066989e+02 7.888654618652759076e+00 8.395546228464384697e+00 5.399066231989886688e+01
2.411705685618729111e-01 2.310422522603595610e+02 2.329071290633661988e+02 7.966017958001279986e+00 8.475076858310892192e+00 5.419488291535910207e+01
2.419732441471571793e-01 2.318374547444247753e+02 2.337106013635523709e+02 8.043798809529793203e+00 8.555007029749932101e+00 5.439824318365226219e+01
2.427759197324414753e-01 2.326329953937905088e+02 2.345143392882382045e+02 8.121995186219594487e+00 8.635334562585784468e+00 5.460116813068416519e+01
2.435785953177257435e-01 2.334288753540527921e+02 2.353183433307060568e+02 8.200605045526534909e+00 8.716057224567748563e+00 5.480340466582720893e+01
2.443812709030100117e-01 2.342250957490775818e+02 2.361226139756422526e+02 8.279626288748582752e+00 8.797172730744950542e+00 5.500457233447810523e+01
2.451839464882943076e-01 2.350216576813114102e+02 2.369271516996310822e+02 8.359056764061786993e+00 8.878678746560208168e+00 5.520460616788285080e+01
2.459866220735785758e-01 2.358185622284891281e+02 2.377319569680129234e+02 8.438894253547999824e+00 8.960572874926814535e+00 5.540349668073024958e+01
2.467892976588628717e-01 2.366158104487046785e+02 2.385370302396381419e+02 8.519136488278096664e+00 9.042852671238906126e+00 5.560071625389748107e+01
2.475919732441471399e-01 2.374134033765608649e+02 2.393423719634878069e+02 8.599781139653492446e+00 9.125515634844605373e+00 5.579628930682392962e+01
2.483946488294314359e-01 2.382113420216645920e+02 2.401479825770895502e+02 8.680825818954204465e+00 9.208559208583711353e+00 5.598918745877939784e+01
2.491973244147157041e-01 2.390096273743973256e+02 2.409538625122453936e+02 8.762268082035845396e+00 9.291980783481701422e+00 5.618020106483939458e+01
2.500000000000000000e-01 2.398082603991048245e+02 2.417600121884358657e+02 8.844105421119211385e+00 9.375777690603884551e+00 5.636757348518657551e+01
